Frame,Step Phase Forelimb,Step Phase Hindlimb,Time (s),rforelimb shoulder - X pose (m),rforelimb shoulder - X velocity (m/s),rforelimb shoulder - X acceleration (m/s^2),rforelimb shoulder - X jerk (m/s^3),rforelimb shoulder - Y pose (m),rforelimb shoulder - Y velocity (m/s),rforelimb shoulder - Y acceleration (m/s^2),rforelimb shoulder - Y jerk (m/s^3),rforelimb elbow - X pose (m),rforelimb elbow - X velocity (m/s),rforelimb elbow - X acceleration (m/s^2),rforelimb elbow - X jerk (m/s^3),rforelimb elbow - Y pose (m),rforelimb elbow - Y velocity (m/s),rforelimb elbow - Y acceleration (m/s^2),rforelimb elbow - Y jerk (m/s^3),rforelimb wrist - X pose (m),rforelimb wrist - X velocity (m/s),rforelimb wrist - X acceleration (m/s^2),rforelimb wrist - X jerk (m/s^3),rforelimb wrist - Y pose (m),rforelimb wrist - Y velocity (m/s),rforelimb wrist - Y acceleration (m/s^2),rforelimb wrist - Y jerk (m/s^3),rforelimb lForepaw - X pose (m),rforelimb lForepaw - X velocity (m/s),rforelimb lForepaw - X acceleration (m/s^2),rforelimb lForepaw - X jerk (m/s^3),rforelimb lForepaw - Y pose (m),rforelimb lForepaw - Y velocity (m/s),rforelimb lForepaw - Y acceleration (m/s^2),rforelimb lForepaw - Y jerk (m/s^3),rhindlimb hip - X pose (m),rhindlimb hip - X velocity (m/s),rhindlimb hip - X acceleration (m/s^2),rhindlimb hip - X jerk (m/s^3),rhindlimb hip - Y pose (m),rhindlimb hip - Y velocity (m/s),rhindlimb hip - Y acceleration (m/s^2),rhindlimb hip - Y jerk (m/s^3),rhindlimb knee - X pose (m),rhindlimb knee - X velocity (m/s),rhindlimb knee - X acceleration (m/s^2),rhindlimb knee - X jerk (m/s^3),rhindlimb knee - Y pose (m),rhindlimb knee - Y velocity (m/s),rhindlimb knee - Y acceleration (m/s^2),rhindlimb knee - Y jerk (m/s^3),rhindlimb ankle - X pose (m),rhindlimb ankle - X velocity (m/s),rhindlimb ankle - X acceleration (m/s^2),rhindlimb ankle - X jerk (m/s^3),rhindlimb ankle - Y pose (m),rhindlimb ankle - Y velocity (m/s),rhindlimb ankle - Y acceleration (m/s^2),rhindlimb ankle - Y jerk (m/s^3),rhindlimb lHindpaw - X pose (m),rhindlimb lHindpaw - X velocity (m/s),rhindlimb lHindpaw - X acceleration (m/s^2),rhindlimb lHindpaw - X jerk (m/s^3),rhindlimb lHindpaw - Y pose (m),rhindlimb lHindpaw - Y velocity (m/s),rhindlimb lHindpaw - Y acceleration (m/s^2),rhindlimb lHindpaw - Y jerk (m/s^3),rhindlimb lHindfingers - X pose (m),rhindlimb lHindfingers - X velocity (m/s),rhindlimb lHindfingers - X acceleration (m/s^2),rhindlimb lHindfingers - X jerk (m/s^3),rhindlimb lHindfingers - Y pose (m),rhindlimb lHindfingers - Y velocity (m/s),rhindlimb lHindfingers - Y acceleration (m/s^2),rhindlimb lHindfingers - Y jerk (m/s^3),spine head - X pose (m),spine head - X velocity (m/s),spine head - X acceleration (m/s^2),spine head - X jerk (m/s^3),spine head - Y pose (m),spine head - Y velocity (m/s),spine head - Y acceleration (m/s^2),spine head - Y jerk (m/s^3),spine spine 1 - X pose (m),spine spine 1 - X velocity (m/s),spine spine 1 - X acceleration (m/s^2),spine spine 1 - X jerk (m/s^3),spine spine 1 - Y pose (m),spine spine 1 - Y velocity (m/s),spine spine 1 - Y acceleration (m/s^2),spine spine 1 - Y jerk (m/s^3),spine spine 2 - X pose (m),spine spine 2 - X velocity (m/s),spine spine 2 - X acceleration (m/s^2),spine spine 2 - X jerk (m/s^3),spine spine 2 - Y pose (m),spine spine 2 - Y velocity (m/s),spine spine 2 - Y acceleration (m/s^2),spine spine 2 - Y jerk (m/s^3),spine spine 3 - X pose (m),spine spine 3 - X velocity (m/s),spine spine 3 - X acceleration (m/s^2),spine spine 3 - X jerk (m/s^3),spine spine 3 - Y pose (m),spine spine 3 - Y velocity (m/s),spine spine 3 - Y acceleration (m/s^2),spine spine 3 - Y jerk (m/s^3),spine spine 4 - X pose (m),spine spine 4 - X velocity (m/s),spine spine 4 - X acceleration (m/s^2),spine spine 4 - X jerk (m/s^3),spine spine 4 - Y pose (m),spine spine 4 - Y velocity (m/s),spine spine 4 - Y acceleration (m/s^2),spine spine 4 - Y jerk (m/s^3),spine base - X pose (m),spine base - X velocity (m/s),spine base - X acceleration (m/s^2),spine base - X jerk (m/s^3),spine base - Y pose (m),spine base - Y velocity (m/s),spine base - Y acceleration (m/s^2),spine base - Y jerk (m/s^3),tail base - X pose (m),tail base - X velocity (m/s),tail base - X acceleration (m/s^2),tail base - X jerk (m/s^3),tail base - Y pose (m),tail base - Y velocity (m/s),tail base - Y acceleration (m/s^2),tail base - Y jerk (m/s^3),rforelimb - CoM X (m),rforelimb - CoM Y (m),rhindlimb - CoM X (m),rhindlimb - CoM Y (m),spine - CoM X (m),spine - CoM Y (m),tail - CoM X (m),tail - CoM Y (m),Angle - rforelimb - shoulder (°),Angle - rforelimb - elbow (°),Angle - rforelimb - wrist (°),Angle - rforelimb - lForepaw (°),Angle - rhindlimb - hip (°),Angle - rhindlimb - knee (°),Angle - rhindlimb - ankle (°),Angle - rhindlimb - lHindpaw (°),Angle - rhindlimb - lHindfingers (°),Angle - spine - head (°),Angle - spine - spine 1 (°),Angle - spine - spine 2 (°),Angle - spine - spine 3 (°),Angle - spine - spine 4 (°),Angle - spine - base (°),Angle - tail - base (°),Angle - tail - tail 1 (°),Angle - tail - tail 2 (°),Angle - tail - tail 3 (°),Angle - tail - tail 4 (°),Angle velocity - rforelimb - shoulder (rad/s),Angle velocity - rforelimb - elbow (rad/s),Angle velocity - rforelimb - wrist (rad/s),Angle velocity - rforelimb - lForepaw (rad/s),Angle velocity - rhindlimb - hip (rad/s),Angle velocity - rhindlimb - knee (rad/s),Angle velocity - rhindlimb - ankle (rad/s),Angle velocity - rhindlimb - lHindpaw (rad/s),Angle velocity - rhindlimb - lHindfingers (rad/s),Angle velocity - spine - head (rad/s),Angle velocity - spine - spine 1 (rad/s),Angle velocity - spine - spine 2 (rad/s),Angle velocity - spine - spine 3 (rad/s),Angle velocity - spine - spine 4 (rad/s),Angle velocity - spine - base (rad/s),Angle velocity - tail - base (rad/s),Angle velocity - tail - tail 1 (rad/s),Angle velocity - tail - tail 2 (rad/s),Angle velocity - tail - tail 3 (rad/s),Angle velocity - tail - tail 4 (rad/s),Angle acceleration - rforelimb - shoulder (rad/s^2),Angle acceleration - rforelimb - elbow (rad/s^2),Angle acceleration - rforelimb - wrist (rad/s^2),Angle acceleration - rforelimb - lForepaw (rad/s^2),Angle acceleration - rhindlimb - hip (rad/s^2),Angle acceleration - rhindlimb - knee (rad/s^2),Angle acceleration - rhindlimb - ankle (rad/s^2),Angle acceleration - rhindlimb - lHindpaw (rad/s^2),Angle acceleration - rhindlimb - lHindfingers (rad/s^2),Angle acceleration - spine - head (rad/s^2),Angle acceleration - spine - spine 1 (rad/s^2),Angle acceleration - spine - spine 2 (rad/s^2),Angle acceleration - spine - spine 3 (rad/s^2),Angle acceleration - spine - spine 4 (rad/s^2),Angle acceleration - spine - base (rad/s^2),Angle acceleration - tail - base (rad/s^2),Angle acceleration - tail - tail 1 (rad/s^2),Angle acceleration - tail - tail 2 (rad/s^2),Angle acceleration - tail - tail 3 (rad/s^2),Angle acceleration - tail - tail 4 (rad/s^2)
0,-,-,0.0,0.17330309119591347,17.42085712139423,17.0425180288461,-172363.525390625,0.02092884239783653,2.0783109224759606,-1.871619591346102,-20827.486478365365,0.16462306565504808,16.506302584134616,10.356069711538462,-163716.81565504806,0.013913555438701916,1.3913555438701917,0.0,-13669.658954326911,0.1682639347956731,16.826393479567308,0.22122896634613198,-168087.40234375,0.0031193284254807663,0.30691856971153814,-0.5014272836538491,-3069.1856971153816,0.17060665189302884,17.06748046875,1.223707932692386,-170620.5866887019,0.0019382887620192218,0.18665959284855788,-0.7169283353364309,-1866.5959284855787,0.13765579927884616,13.864383638822114,21.65189302884618,-136093.13025841344,0.024181218073918265,2.4181218073918265,0.0,-23986.08398437499,0.13869678673377403,14.029797363281249,29.25771859975973,-137372.88724459131,0.013806030273437492,1.380603027343749,0.0,-13439.9226262019,0.12391626915564904,12.551656400240384,36.60822941706721,-122581.67442908655,0.01128178523137019,1.1034639798677885,-5.081881009615374,-11590.209960937498,0.1299742149939904,13.208588115985576,35.76153094951906,-129056.48099459131,0.006515249399038456,0.6275522085336535,-4.644024188701912,-6500.197190504805,0.13353705303485577,13.640826885516827,32.75230994591344,-134342.72648737978,0.0059569842998798,0.5696166992187501,-5.118971604567285,-5696.166992187501,0.2006168494591346,20.15979567307692,20.197378305288616,-199843.41195913457,0.00599756798377403,0.5997567983774029,0.0,-5997.567983774029,0.1828544921875,18.386570387620193,16.911057692307608,-182089.22400841347,0.026240347055288465,2.6240347055288464,0.0,-26147.489107572128,0.166492919921875,16.742003455528845,18.138521634615266,-165400.09014423072,0.028884728064903845,2.886947866586538,-0.15249399038463896,-28854.22926682691,0.1471234318659856,14.72097731370192,12.339900090144184,-144651.50803786053,0.03322128530649038,3.314388333834134,-0.7740196814903788,-33143.88333834134,0.12807079139122596,12.909363731971155,24.42204402043263,-126474.02719350964,0.030114652193509617,3.0114652193509617,0.0,-29907.555213341344,0.1111541748046875,11.184865159254807,23.522667518028754,-108824.66947115383,0.02093247633713942,2.0713669996995185,-2.1880634014423417,-20537.33473557691,0.1111541748046875,11.184865159254807,23.522667518028754,-108824.66947115383,0.02093247633713942,2.0713669996995185,-2.1880634014423417,-20537.33473557691,0.16919918588491586,0.009975003756009609,0.1327560246394231,0.01234825345552884,0.15605210993840143,0.02423184282351763,0.1111541748046875,0.02093247633713942,38.945504060193045,110.30636591081588,135.39329270180428,153.24584544757292,95.72955820949998,93.96202333174222,47.88809158547147,150.70881966970117,171.09467028606954,48.73413809946828,140.4466990643907,176.56121996924162,158.1195041021826,160.76819703724607,28.492681665953953,0.11416684939664622,177.54059675919586,166.769300532825,168.47827945798775,0.8645911650380493,65.1594674364255,193.9046762719291,231.6504833317058,267.9228385507492,171.4139308716321,161.64957623517506,84.32462831560541,264.4816831929547,298.41646095722626,84.78185049487547,245.3531929636793,308.8100220858946,276.3186902574452,280.6289134226855,50.045905665167645,0.9809627423721601,310.7062002468493,290.2713565684055,292.72820967932586,1.9771747435818405,-432.7106322024165,339.78726653348,-747.9359104154826,-24.561988320415118,560.5414625657734,-162.78594504675502,138.46980364839334,185.8728569171264,73.41285695348975,-17.923853675848587,5.379681430932592,41.51608589239242,54.24727168791055,-69.95650381988128,69.76949026928581,82.62656169063298,84.46740727114488,-106.55834162041522,-118.31528727372475,9.91610007279764
1,-,-,0.005,0.17420857121394231,0.170425180288461,-1723.63525390625,-1619.9669471153868,0.020783109224759608,-0.01871619591346102,-208.27486478365364,353.79732572114744,0.16506302584134616,0.10356069711538463,-1637.1681565504807,-124.79341947116431,0.013913555438701916,0.0,-136.6965895432691,262.53568209134994,0.1682639347956731,0.00221228966346132,-1680.8740234375,143.12274639421975,0.0030691856971153814,-0.005014272836538491,-30.691856971153815,100.28545673076982,0.1706748046875,0.012237079326923861,-1706.205866887019,-244.7415865384772,0.0018665959284855788,-0.0071692833533643086,-18.665959284855788,143.38566706728616,0.13864383638822114,0.2165189302884618,-1360.9313025841343,-1582.5664813702017,0.024181218073918265,0.0,-239.8608398437499,566.7630709134673,0.1402979736328125,0.2925771859975973,-1373.728872445913,-2266.1508413461825,0.013806030273437492,0.0,-134.399226262019,474.5248647836653,0.12551656400240385,0.36608229417067206,-1225.8167442908655,-4073.1952373797844,0.011034639798677887,-0.050818810096153744,-115.90209960937499,-114.10757211538484,0.13208588115985576,0.3576153094951906,-1290.564809945913,-3045.6636868989867,0.006275522085336535,-0.04644024188701912,-65.00197190504805,928.8048377403825,0.13640826885516827,0.3275230994591344,-1343.4272648737979,-1564.378004807688,0.005696166992187501,-0.05118971604567285,-56.961669921875014,1023.794320913457,0.20159795673076922,0.20197378305288616,-1998.4341195913457,-2072.7914663462025,0.00599756798377403,0.0,-59.975679837740294,68.64107572115972,0.18386570387620194,0.16911057692307607,-1820.8922400841348,-828.0498798076691,0.026240347055288465,0.0,-261.4748910757213,110.17315204325806,0.16742003455528845,0.18138521634615268,-1654.0009014423074,-1829.120342548063,0.02886947866586538,-0.0015249399038463896,-288.5422926682691,618.5678335336592,0.14720977313701922,0.12339900090144185,-1446.5150803786055,675.3868689903796,0.03314388333834134,-0.007740196814903788,-331.4388333834134,430.3260216346194,0.12909363731971155,0.24422044020432632,-1264.7402719350964,-2194.6927584134414,0.030114652193509617,0.0,-299.07555213341345,392.20252403845967,0.11184865159254807,0.23522667518028756,-1088.2466947115383,-1833.017202524018,0.020713669996995185,-0.021880634014423417,-205.3733473557691,613.947941706744,0.11184865159254807,0.23522667518028756,-1088.2466947115383,-1833.017202524018,0.020713669996995185,-0.021880634014423417,-205.3733473557691,613.947941706744,0.16955258413461538,0.009908111572265621,0.1345905048076923,0.012198715444711536,0.15683929286858975,0.024179933205629,0.11184865159254807,0.020713669996995185,36.91155295625768,110.46664864914108,132.955836067113,153.48906824000358,99.05854407286584,91.56064751011075,46.54050461338062,151.71287725503444,172.3658097145615,48.7823154180055,140.30057128437565,177.1409968859931,158.56540262682535,160.89600959283572,28.596697963950827,0.7824448499517107,178.24742129705393,166.02934746151158,167.10049599346567,1.463875020943688,-4.327106322024165,3.3978726653348,-7.479359104154826,-0.24561988320415118,5.605414625657734,-1.6278594504675503,1.3846980364839334,1.858728569171264,0.7341285695348976,-0.1792385367584859,0.053796814309325924,0.4151608589239242,0.5424727168791055,-0.6995650381988128,0.697694902692858,0.8262656169063298,0.8446740727114488,-1.0655834162041522,-1.1831528727372476,0.0991610007279764,-6870.346908400961,-18567.759284808646,-24195.51371317733,-26938.926982210836,-16524.34293886436,-16107.298591963603,-8501.02522089147,-25832.27165040298,-29714.27119543143,-8440.967575305867,-24511.655214709353,-30801.306354322092,-27565.02556239563,-28222.264400641085,-4893.2466730660135,-35.741216518001536,-31095.70430048775,-29267.746029946287,-29339.593105150372,-284.11637672410467
2,-,-,0.01,0.17500734299879808,0.1845045823317293,0.8428485576922302,172538.4615384616,0.02074168043870192,-0.004437725360575962,1.6663536658653724,20614.633413461506,0.16565867262620193,0.1346210186298075,9.108135516826819,164218.91902043272,0.013913555438701916,0.02438964843750058,2.6253568209134994,13621.441180889402,0.1682860576923077,0.01765324519230616,1.6524564302883293,168025.24038461546,0.0030691856971153814,0.0,0.5014272836538493,2771.944486177889,0.17072902268629808,0.005421799879809509,-1.2237079326923863,170852.55784254806,0.0018665959284855788,0.0,0.716928335336431,1687.7159705528807,0.13982098858173078,0.25507061298077066,5.826228215144164,136058.32143930285,0.024181218073918265,0.01951340895432752,5.667630709134674,24648.230919471134,0.14162255859375,0.29250863882211714,6.596210186297908,138719.69839242785,0.013806030273437492,0.036610764723558904,4.745248647836653,13854.341947115348,0.12757709209735577,0.2934889573317307,-4.123722956730641,124385.23512620195,0.010773597130408652,-0.05555701622596138,-6.222956730769223,11221.313476562495,0.1335503680889423,0.3029400165264429,5.304894080529194,131859.5440204327,0.006050846980168265,-0.022467510516827053,4.644024188701913,6587.599534254808,0.13681228402944712,0.20655423677884702,17.108529897836558,139573.54266826922,0.0054450871394230715,0.0,5.118971604567286,5316.894531249993,0.20263658728966347,0.1754544771634642,-0.5305363581734086,200424.87980769225,0.00599756798377403,0.0,0.6864107572115973,6066.20905949519,0.18454559795673076,0.177647986778845,8.630558894230917,183603.3090444712,0.026240347055288465,0.009285794771633772,1.1017315204325806,26071.946364182717,0.16830677208533654,0.20199444110577117,-0.15268179086536385,165237.83052884613,0.02886947866586538,0.0015249399038463898,6.033184344951953,29562.84743088941,0.148357421875,0.2558265099158658,19.09376878004798,145023.8506610577,0.03314388333834134,0.0,3.5292405348558153,33703.312800480766,0.13051299579326922,0.2619610126201905,2.475116436298214,125966.59029447123,0.030114652193509617,0.020709698016826986,3.9220252403845968,29969.66083233173,0.11350644155649038,0.3023982121394237,5.1924954927885745,108324.07789963942,0.020713669996995185,0.017633526141827564,3.951416015625098,20869.365985576904,0.11350644155649038,0.3023982121394237,5.1924954927885745,108324.07789963942,0.020713669996995185,0.017633526141827564,3.951416015625098,20869.365985576904,0.16992027400090143,0.0098977543757512,0.1358766582782452,0.012051355919471148,0.1579776360927484,0.024179933205629,0.11350644155649038,0.020713669996995185,36.14381736636837,112.52457278700474,129.82872174325382,153.79052283610983,99.85074137838717,92.33248350876055,50.5147631459543,152.18882923943715,169.47963250175624,48.21281286249106,140.98380305756498,177.1031112506703,158.2719358410202,160.70136382377996,28.933195665814104,0.789539050576759,178.27660022448262,166.1410613528633,167.58395331992614,1.0700468590312693,-3.5440016475841167,8.22708342384262,-10.304653800067511,-1.46643127135917,6.170501482988478,0.5765903155390274,-0.6856238933092841,6.158966688924839,1.2737490029119949,0.3721747418167887,0.23664081658578698,0.7969585426736537,0.6684346334889125,-1.5937305837253393,1.1134389345075049,0.6235505771921447,-0.2508427580282025,-2.4061037310573856,-0.6677213721778764,-0.8639890236592063,105.6344490784278,736.5806360450631,-706.3429037529942,75.39671678635784,338.3539294558657,179.78553369312868,-466.02240681730586,895.8700839217659,88.29178604454312,172.40950968881342,-11.593493163912783,83.35360177290417,-35.823991827284026,-56.216410781289014,14.577987856568821,-95.01654132290612,-263.23661886874737,-151.08906797408392,322.1359657775702,-8.056998907666932
3,-,-,0.015,0.1760536170372596,0.1788536658653833,1.7493614783656237,720.7219050481009,0.020738731971153848,-0.002052659254807298,-2.1285306490385896,-561.8239182692414,0.16640923602764424,0.1946420522836528,5.021033653846145,-1369.1594050480576,0.014157451923076922,0.02625356820913499,-0.4821777343751172,-348.03185096154965,0.16844046724759615,0.01873685396634461,-0.6216195913458238,-187.46243990380702,0.0030691856971153814,0.0,-2.972412109374932,-521.1275540865367,0.17072902268629808,0.0,2.3197115384612763,696.2890624999941,0.0018665959284855788,0.0,-1.7887995793269822,-450.4770132211512,0.14119454251802885,0.27478121243990344,-0.34808819110583306,-823.9276592548171,0.02437635216346154,0.05667630709134673,6.621469350961415,-647.8740985577097,0.14322306002103366,0.35853928786057637,13.468111478365227,-1193.556565504791,0.01417213792067308,0.04745248647836652,4.144193209134475,-116.04191706733558,0.12845145357572116,0.32484506460336565,18.03560697115373,2093.280498798064,0.010479069636418273,-0.11304837740384596,-3.688964843750056,1513.0709134615329,0.13511528132512018,0.41066425030048254,28.030630258413492,776.0009765624438,0.006050846980168265,0.0,0.8740234375000105,-777.6724008413395,0.13847381122295674,0.49860839843749993,52.30816180889412,-2034.6116286057656,0.005696166992187501,0.0,-3.7927246093751017,-798.3304537259595,0.20335250150240386,0.19666841947115207,5.814678485576421,625.3192608173822,0.00599756798377403,0.006864107572115972,0.6864107572115971,-278.0292217548219,0.18564218374399039,0.25541616586538524,15.140850360577096,-24.583082932708496,0.026333205003004803,0.011017315204325804,-0.7554274338941736,-220.34630408651603,0.16943997896634616,0.17985839843749904,-1.622596153846306,1166.3724459134733,0.028884728064903845,0.058806903545673125,7.086181640624936,-1040.3395432692357,0.14976803823617788,0.3143366887019216,3.723426231971293,-2551.0347806489954,0.03314388333834134,0.02755220853365436,5.594294621394239,0.5352313701831423,0.13171324744591345,0.26897160456730845,-5.0743689903842775,-919.5274939904049,0.030321749173677887,0.03922025240384596,0.6210561899037947,-638.2868840144187,0.11487263371394231,0.2871516301081733,-5.005915715144287,-1243.5114933894406,0.02089000525841346,0.017633526141827557,3.3203124999998925,-28.864933894243,0.11487263371394231,0.2871516301081733,-5.005915715144287,-1243.5114933894406,0.02089000525841346,0.017633526141827557,3.3203124999998925,-28.864933894243,0.1704080857496995,0.009957991379957933,0.1372916297325721,0.012154914738581732,0.15913143060146237,0.02426185647035256,0.11487263371394231,0.02089000525841346,34.309442861326886,113.92867192602358,128.10179235643014,152.27897857887322,101.24337305474558,92.79347887015558,47.64154062670611,152.42372916818235,173.9715821300127,48.947374985974626,140.00206498355155,176.73293763887386,158.89951427868994,159.63256652520116,29.251416865456548,0.8590406263817141,178.2564810768239,165.5659367387579,167.33891561225064,0.8295806760650313,-3.2707618312398874,10.76367902578543,-14.542788141684767,0.5083472846594271,8.98895392021639,0.16999588646373628,-3.275526031689124,10.817429408388922,1.6170464299803287,1.544856560129648,-0.06213811732980189,1.2486968766529658,0.18423279860626526,-1.2617291460117028,0.8434747812585462,-0.12389979632273122,-1.7876921159760246,-2.576474095944991,2.038206785038454,0.018591011651307093,-136.82005504531892,125.6314871787852,-846.8421693971386,584.3906271730235,347.55046482088903,82.98822229886532,-0.06624695849775096,569.2763640012184,-138.67142992297855,201.0653970222042,-92.96019646225947,18.11048246087129,-201.6107326615035,225.6305949556036,-114.0145803931758,-83.53083103865326,-171.387551114277,92.45260196861342,601.9776341512094,373.43441651231325
4,-,-,0.02,0.17679587965745192,0.20199819711538555,8.05006760817324,252.89212740381308,0.020721153846153847,-0.02572303185096186,-3.951885516827043,260.72340745193776,0.16760509314903846,0.18483135516826896,-4.5834585336537605,-627.7606670672959,0.014176091120793266,0.019567871093749408,-0.854961688701998,-83.5336538461268,0.16847342623197115,0.01143704927884792,-0.22216796874974135,364.76487379802336,0.0030691856971153814,-0.029724121093749327,-4.70984825721152,394.5969801682491,0.17072902268629808,0.028618915264422277,5.739182692307556,-129.43209134611007,0.0018665959284855788,-0.017887995793269825,-3.7878417968750813,105.96642127405636,0.14256880070612982,0.25158973106971233,-2.4130483774040083,317.49549278844944,0.024747981144831732,0.08572810246394168,-0.8111102764424246,-1519.4279597355583,0.14520795147235577,0.42718975360576944,-5.339355468750005,-3084.7637469951787,0.014280555138221157,0.07805269681490366,3.584829477163297,-859.3749999999953,0.13082554274338942,0.47384502704326803,16.809082031250004,-2183.1242487980467,0.009643113356370192,-0.09244666466346195,8.907752403846109,756.2725360577007,0.13765701059194713,0.5832463191105779,13.064903846153634,-3600.764347956754,0.006050846980168265,-0.013727276141826946,-3.132699819711483,-423.2177734374978,0.14179836801382212,0.7296358548677883,-3.2375863882211027,-8591.430664062511,0.0054450871394230715,-0.037927246093751026,-2.86433293269231,758.5449218750205,0.204603271484375,0.23360126201922843,5.722656250000415,-145.3575721153127,0.0060662090594951895,0.006864107572115972,-2.0938814603366223,-467.02223557693026,0.1870997596153846,0.329056490384616,8.384728064903832,-2029.3344350961756,0.026350520207331724,0.0017315204326920348,-1.1017315204325802,-198.00743689903075,0.17010535606971153,0.1857684795673081,11.511042668269372,1385.798527644226,0.029457547701322112,0.07238675631009577,-4.370211087740408,-1432.4857271634514,0.15150078876201922,0.29306077223557875,-6.416579026441975,-836.4821213942836,0.033419405423677884,0.0559429462139424,3.5345928485576468,-682.8425480769201,0.1332027118389423,0.21121732271634772,-6.7201585036058376,1370.023287259546,0.030506854717548076,0.026920259915864934,-2.4608435997595914,-158.85103665864986,0.11637795785757211,0.2523390549879808,-7.242619441105834,870.7275390625034,0.02089000525841346,0.0508366511418265,3.662766676682668,-664.3535907451814,0.11637795785757211,0.2523390549879808,-7.242619441105834,870.7275390625034,0.02089000525841346,0.0508366511418265,3.662766676682668,-664.3535907451814,0.1709008554311899,0.009958256648137018,0.13961153470552884,0.012033516751802883,0.1604816409380008,0.02444842372796474,0.11637795785757211,0.02089000525841346,35.45592404530443,120.98565737058003,122.53494124986767,151.93532542485679,104.15104000125393,93.72027771935247,45.60855490954749,160.58445167966488,171.678311131394,49.208799789923354,141.15196096674168,178.3391500446238,158.93434695169665,159.29221902102915,29.75182331523293,1.109375564548333,177.10037003873282,163.09692358977063,167.09213134370853,0.013797771877671491,-4.912202198037306,9.483398295630472,-18.7730754940389,4.377475000371066,9.64600613119737,1.4064725385276808,-0.6862863628942616,11.851730328937025,-0.1129652963177907,2.382828712038831,-0.692961148036808,0.9780633672823666,-1.3476726931261227,0.6625753658306975,-0.026706869424253373,-0.21175773319438806,-1.9647182691709726,-1.4815777113712512,5.352054969334218,2.870355141463927,-294.4421793286869,-421.9520535808667,-294.20155250273643,421.71142675491177,-226.31795630095382,434.01481927778394,768.021525833179,-559.1549220280396,-1.1697408283105613,32.08288821177196,-21.1146577603838,-90.57742278020247,-302.5023271446293,343.15013536653896,-142.19346145349698,47.684755386961555,98.12027329575635,286.23467572719267,556.8218822554363,516.1209410251852
5,-,-,0.025,0.17807359900841346,0.2593543419471157,4.278282752403755,-749.9060997596413,0.02048150165264423,-0.041571514423077736,0.4787034254807881,777.6066706731009,0.16825754957932693,0.1488074669471152,-1.2565730168268152,1122.9905348557604,0.014353130634014416,0.017703951322115007,-1.3175142728363853,-9.474534254788763,0.16855483774038463,0.016515174278847196,3.0260291466344107,874.4741586537987,0.002771944486177888,-0.047098482572115206,0.97355769230756,915.827824519225,0.1710152118389423,0.05739182692307557,1.0253906250001754,-576.7540564903533,0.0016877159705528805,-0.03787841796875082,-0.7291353665864184,278.78981370194106,0.14371043982872597,0.25065072866586335,2.826866736778662,849.0178034856176,0.025233633188100957,0.04856520432692248,-8.572810246394171,-432.6735276442148,0.14749495755709136,0.3051457331730763,-17.37952599158657,2030.724158653877,0.014952664888822118,0.0833007812499995,-4.449556790865481,-913.6023888220997,0.13318990384615384,0.4929358849158657,-3.7956355168267417,-1566.2560096153834,0.009554602989783653,-0.023970853365384858,3.8737605168269518,-1170.100285456721,0.14094774451622596,0.5413132887620189,-7.977013221154054,-1086.0126201922858,0.005913574218749995,-0.03132699819711483,-3.3581542968749685,557.692307692287,0.14577016977163462,0.4662325345552889,-33.60614483173101,2927.396334134605,0.005316894531249991,-0.02864332932692311,3.7927246093751044,572.8665865384621,0.20568851412259614,0.25389498197115623,4.361102764423293,-722.6374699519937,0.0060662090594951895,-0.014074707031250251,-3.9838115985577063,134.2491736778946,0.18893274864783655,0.3392634465144236,-5.152493990384663,-1939.4343449519208,0.026350520207331724,0.0,-2.7355018028844813,-146.06182391826985,0.17129766376201924,0.2949688251201928,12.235389122595956,-1316.5377103365481,0.029608595628004802,0.015104792668269036,-7.23867563100958,134.92525540866043,0.15269864595853366,0.25017089843750184,-4.641394981971544,933.1336388220526,0.033703312800480764,0.06289813701923083,-1.2341308593749634,-771.4749849759565,0.13382542067307693,0.20177001953125007,8.625863882211183,2040.5367337740497,0.030590951772836536,0.01461181640625004,-0.967454176682704,518.8082181490361,0.11739602426382212,0.21472543569711494,3.7013596754807496,1431.8753756009787,0.021398371769831726,0.05426119290865425,-3.3232234074519225,-406.343900240386,0.11739602426382212,0.21472543569711494,3.7013596754807496,1431.8753756009787,0.021398371769831726,0.05426119290865425,-3.3232234074519225,-406.343900240386,0.17147529954176682,0.009823573185847354,0.14222264310396632,0.012194273963341343,0.16163983623798076,0.024619660206330125,0.11739602426382212,0.021398371769831726,31.977420815645843,120.50696547189558,115.252405074356,156.21805026939427,110.20911910597835,90.46505470438754,45.816498330756765,161.9110463232483,172.9466291563608,50.44174131602903,140.0256058191024,178.0513099197411,158.21966437038955,160.13640174693305,29.227896667287055,0.24964027362544602,176.35083508337658,164.6448524729312,171.0957373664123,2.5520797032322386,-6.215183624526757,6.544158489976763,-17.484803666712132,4.725461552208546,6.725774357206852,4.510144079241576,4.4046892266426685,5.225880188108525,1.605349021697223,1.8656854422473677,-0.27328469493363994,0.34292264885094087,-2.840790472840028,2.169772207653687,-0.5784598332764238,0.3529477575468844,-0.806489383018461,0.28587266132693595,7.6064256075928185,5.179800421903161,-89.20487362329168,-455.96752657877596,1291.1259993552899,-924.3633463998079,-363.64417523447264,223.1946700803576,581.9737383388432,-1180.2579627034597,457.8347192105169,-151.36459538301685,90.71800569319778,-162.99209429071482,-152.06458816949802,159.9663521830362,-110.24726861442508,195.56129350142572,346.83018546236787,248.98778049045947,145.15731657955786,266.8646847184979
6,-,-,0.03,0.17938942307692307,0.24478102463942308,0.5510066105768314,-667.1987680288372,0.02030543870192307,-0.02093599759615398,3.824181189903962,100.61410757211637,0.1690931678185096,0.1722656250000008,6.646446814903836,779.8227163461107,0.014353130634014416,0.006392728365385563,-0.9497070312498855,201.3315054086169,0.16863857797475962,0.04169734074519201,8.522573617788241,883.8266225961744,0.0025982008713942295,-0.019988544170673733,4.4484299879807265,109.98535156252177,0.17130294095552884,0.038872821514424026,-0.028357872595974307,559.5703124999528,0.0014878117487980708,-0.025179349459134005,-0.9999436598556724,-102.18224158656308,0.14507530799278845,0.27985839843749893,6.077129657452163,-89.52448918266852,0.025233633188100957,0.0,-5.137845552884571,829.1485126201836,0.14825940880408653,0.25339449368990385,14.967886117788757,4238.7225811297885,0.015113562950721152,0.03355712890624887,-5.551194411057695,301.6075721154064,0.13575490159254808,0.43588867187500063,1.1465219350961775,2072.4909855768897,0.009403404822716344,-0.05370905949519245,-2.7932504507210956,-569.6927584134686,0.1430701434795673,0.5034761868990374,2.2047776442307803,1424.7201772836886,0.005737576998197116,-0.04730881911057662,2.444223257211385,259.49331430287367,0.146460693359375,0.3935744065504784,26.03637695312493,5997.276893028904,0.005158653846153841,0.0,2.8643329326923084,-674.9079777644272,0.20714222130408655,0.27721228966346134,-1.5037184495195186,-920.6167367788677,0.005925461989182687,-0.03297400841346107,-0.7513897235576769,627.2160456730616,0.19049239408052884,0.2775315504807694,-11.009615384615364,-992.4504206730808,0.026350520207331724,-0.025623497596152765,-2.562349759615278,529.7851562499753,0.17305504432091345,0.3081223707932676,-1.6543344350961038,-2198.918269230736,0.029608595628004802,0.0,-3.0209585336538045,684.4200721153877,0.15400249774639424,0.24664682241586333,2.9147573617785447,899.9586838943137,0.03404838679387019,0.04360163762019277,-4.180157001201915,84.56655649037667,0.1352204120342548,0.2974759615384595,13.685208834134649,-311.01637620186534,0.030652972881610577,0.0172457181490379,2.7272385817307665,920.8514873798179,0.11852521221454326,0.2893526517427883,7.076134314903947,268.97723858173396,0.021432617187500003,0.017604417067307292,-0.4006723257211905,517.0241135817464,0.11852521221454326,0.2893526517427883,7.076134314903947,268.97723858173396,0.021432617187500003,0.017604417067307292,-0.4006723257211905,517.0241135817464,0.17210602745643028,0.009686145489032447,0.1437240910456731,0.012129366361177882,0.1630729636167869,0.02466975911458333,0.11852521221454326,0.021432617187500003,30.032385790176704,122.24704017456821,110.40956919666094,157.37577641894754,107.46525854140215,97.07845588828918,51.16016607796689,163.07313591762986,170.31041243409453,50.814227387509234,139.76914974754268,177.465906061052,156.63530702488586,161.33641176419113,28.910810136923114,1.034954671594154,176.80514427525765,164.5155011222232,173.02663640971062,4.281324891150845,-5.804250934270223,4.923723029842715,-5.861815500486006,-4.866158463627008,6.0095643788526445,3.6384192393312556,5.133451020494168,0.04915070190243394,4.465381895787376,0.8691827582086634,0.2142189088951694,-0.6518575756247807,-2.868318574821102,2.262238887661059,-1.1291795555685036,1.7438552018198683,1.5035835854527044,1.0083000935333422,6.803628135129796,5.539001988648905,331.75117789457016,-50.86196804632519,2521.740544283716,-2139.12739834281,333.64320030645024,-566.9064547287348,62.005467876727884,-865.0745202973283,382.56924259587583,-282.0505376887737,243.50429718478216,-129.58979807776046,113.27876718101754,-295.1412535777996,90.81892882300431,273.29528056392905,373.49428473536045,-57.042759898187064,-360.6353895469548,-105.26208709760034
7,-,-,0.035,0.1805214092548077,0.264864408052884,-2.3937049278846225,-1209.078275240364,0.02027214167668269,-0.0033297025240380824,1.4848445012019527,-409.9966195913601,0.16998020582932694,0.2152719350961536,6.541654146634299,-1182.748647836521,0.014417057917668272,0.008206881009616144,0.6958007812497852,128.26772836535542,0.16897181114783655,0.10174091045672967,11.864295372596162,-16.15084134612595,0.0025720590444711505,-0.0026141826923078994,2.0734112079327787,-411.2454927884534,0.17140394005408655,0.057108248197115824,6.621093749999708,88.62304687498526,0.0014359224759615402,-0.04787785456730755,-1.7509577824520501,578.7729116586432,0.14650902381310096,0.31142202524038504,1.931621844951976,-1607.8632061298274,0.025233633188100957,-0.002813251201923274,-0.2813251201923275,541.9170673076901,0.1500289024939904,0.454824594350964,25.007699819711352,-810.7158954327514,0.015288236177884607,0.027788837139422498,-1.4334810697114144,751.2676532452075,0.13754879056490385,0.5044011042668275,16.92927433894217,-46.452448918272594,0.009017512394831728,-0.05190335787259584,-1.8231670673077394,-148.59713040866953,0.14598250638521634,0.5633610652043267,6.270188551682846,-258.516751802893,0.0054404860276442285,-0.006884765625000958,-0.7632211538462292,-976.5343299278502,0.1497059138371394,0.7265963040865384,26.36662409855808,-6250.140850360585,0.005316894531249991,0.0,-2.956355168269173,-762.6389723557614,0.20846063701923076,0.23885779747596103,-4.845064603365392,-296.6496394230555,0.0057364689753605785,-0.021588604266827027,2.288348858172915,154.41894531249866,0.19170806415264424,0.22916729266826985,-15.07699819711548,-551.3634314904015,0.026094285231370196,-0.025623497596152803,2.5623497596152776,473.6046424278638,0.17437888746995192,0.27842548076923174,-9.753793569711421,-618.2391826923304,0.029608595628004802,-0.015104792668269036,-0.39447490985569694,564.7442157451917,0.1551651141826923,0.2793184720552873,4.358191856971602,-957.6979417066971,0.03413932917668269,0.02109656700721164,-0.3884652944711959,611.4595853365377,0.13680018028846153,0.33862210787259667,5.515700120192527,-1889.0286959134858,0.030763408954326915,0.04188420222355773,8.241060697115483,-3.4085787259668727,0.12028955078125,0.2854867788461545,6.391132061298092,4.788912259602188,0.0215744159405048,0.05025446965144234,1.8470177283655456,-462.4774639423048,0.12028955078125,0.2854867788461545,6.391132061298092,4.788912259602188,0.0215744159405048,0.05025446965144234,1.8470177283655456,-462.4774639423048,0.17271934157151442,0.009674295278695913,0.14595502741887018,0.012059352463942302,0.16446707231570512,0.024652750651041666,0.12028955078125,0.0215744159405048,29.04986739892846,123.91586898024661,110.17300073811272,154.96099768056908,109.48990905335533,97.18766732331262,49.661032540887724,158.9176713008069,178.09887253497337,50.54882444058195,140.915134413994,178.19562223680384,156.31559506825954,161.3179374821394,29.098130831828946,1.5401340262171865,177.16545370422702,164.6387381154715,174.4788930811076,5.465474643645882,-2.8976718455810526,6.03553880951351,7.732601776125051,-16.66581243121957,10.062206360271357,-1.1589204680457772,5.024743905409948,-3.424865014864766,5.431041447655985,-0.9548199346403723,2.161758276914184,-0.9529753319266647,-1.7080028010298518,-0.7816403281243116,0.3297294549536202,3.0859005631861773,2.928453464335147,-0.28455493765493517,4.000071712123267,4.127179550927156,436.53640537424894,-175.56954323373955,2986.5944226059883,-2374.488473997983,1287.333995919464,-1436.7659021609734,-78.6961580540995,-189.63525963974456,-68.33704395012357,-303.93403716023965,344.4109073887439,-5.971171466496819,201.87410198674516,-564.229643169685,315.90749948792865,119.280179221524,5.698426112186408,-361.88933921719644,-422.43489877700165,-172.52186901109096
8,-,-,0.04,0.1820380671574519,0.22084397536057687,-11.539776141826804,-46.255258413455614,0.02027214167668269,-0.006087552584134463,-0.2757850060096373,-87.60892427885074,0.17124588716947114,0.23768216646634377,-5.181039663461368,-1008.0190805287803,0.014435199444110577,0.013350736177883411,0.33297025240366807,-203.0874399038126,0.16965598707932691,0.16034029447115358,8.361065204326982,-1662.8230168269388,0.0025720590444711505,0.0007455679086540438,0.33597506009619443,646.4092548076756,0.1718740234375,0.10508375901442107,0.8578725961538779,-1398.3623798076178,0.0010090332031249954,-0.0426889272836545,4.787785456730758,758.5261418269491,0.1481895282451923,0.2991746168870187,-10.001502403846104,-1035.4661207932536,0.025205500676081724,-0.002813251201923274,0.2813251201923275,146.94448617788575,0.15280765474759617,0.5034714918870172,6.860727163461248,-2468.280498798027,0.015391451322115376,0.019222318209134736,1.9614821213943765,336.15347055288,0.14079891263521635,0.6051814152644223,0.6819974459134518,-2229.7551081730358,0.008884371243990385,-0.07194073016826984,-4.27922175480779,92.58563701925017,0.14870375413161058,0.5661780724158658,-0.3803898737981483,193.0213341345877,0.005668729341947107,-0.05494103064903891,-7.321120042067111,-343.71243990383084,0.15372665640024039,0.657240647536059,-36.465031550480894,-3524.404672476009,0.005158653846153841,-0.029563551682691716,-4.762056790865302,-135.9769381009676,0.20953079927884616,0.22876164362980744,-4.470214843750072,392.6156850961842,0.005709575946514417,-0.01009051983173193,0.7927997295673088,-327.07331730766333,0.19278406700721154,0.12676156850961467,-16.523249699519376,1538.348858173082,0.026094285231370196,0.0,2.1736966646633578,-295.10028545672026,0.17583929912860577,0.21058443509615343,-7.836726262019404,1428.861177884624,0.029457547701322112,-0.003944749098556967,2.6264836237981104,217.41661658651606,0.1567956824669471,0.2902287409855793,-6.66222205528842,-1361.65677584144,0.03425935246394231,0.039716984675480814,1.934438852163458,452.61793870192355,0.13860663311298077,0.35263296274038475,-5.205078125000198,-1355.1682692307718,0.031071814903846154,0.09965632512019268,2.693152794471098,-1812.8568209134792,0.1213800800030048,0.3532639723557692,7.124023437499969,-1529.2499248797994,0.021935161884014426,0.03607459435096274,-5.025446965144236,-510.9393780048383,0.1213800800030048,0.3532639723557692,7.124023437499969,-1529.2499248797994,0.021935161884014426,0.03607459435096274,-5.025446965144236,-510.9393780048383,0.1737034912109375,0.009572108342097353,0.14884530123197118,0.012061741286057687,0.16582276016626601,0.024754623021834937,0.1213800800030048,0.021935161884014426,28.406705008965336,126.04001033526971,117.53862693224447,144.82806774145115,115.19993032248938,93.2516470958138,50.58777303375979,163.6623105354797,174.20149384906367,50.59573177549732,140.6306475529978,177.0743770897532,155.9081397947398,161.99918550122322,27.940672465295027,2.8163481063429803,178.87022122562996,164.83617814249354,175.40355095459518,6.621245931388602,-1.438886880527735,3.1680275975053203,24.00412872557386,-28.611043203606826,18.88290433804728,-10.729239782278471,4.3464894399531735,-1.8472018944950106,3.78201145628614,-2.1701576133937315,3.658327982782607,-0.7115692902897489,-0.8495775549536515,-3.380057544035788,2.0298954393107813,2.9366569940351077,1.5605678465745685,-2.6105932986386207,2.5792791473597823,3.813783298537996,254.09165083021298,-197.9254966570972,2370.449919814275,-1918.4327723269691,1141.4771952395959,-1142.3592561822477,187.96713319260948,-26.453769560025954,-620.1584547278665,-177.42210929392192,260.43092265462377,55.543131081448145,-130.03905847497305,-112.8125284731139,215.38590466884764,-78.11050713069724,-291.9055053217881,-332.78294582822707,-159.21342850687074,-40.22548086972264
9,-,-,0.045,0.18272984900841346,0.14946664663461603,-2.8562575120191784,1703.7635216345977,0.020211266150841345,-0.006087552584134454,0.6087552584134457,85.97506009615215,0.17235702749399037,0.16346153846153996,-3.5385366586534985,2016.0757211538144,0.014550565279447106,0.011536583533652823,-1.33507361778834,-136.05205829322867,0.17057521409254808,0.18535156249999946,-4.763934795673218,-1564.0211838942269,0.002579514723557691,0.0007455679086540428,8.537503756009531,1106.680063100954,0.17245477764423076,0.0656869741586546,-7.362530048076463,-377.1033653846272,0.0010090332031249954,0.0,5.834303635817437,-229.6424278846187,0.14950076998197115,0.21140700120192404,-8.423039362980553,2027.3249699519,0.025205500676081724,0.0,1.1881197415865292,251.81227463942636,0.15506361741286057,0.5234318659855764,0.3248948317310926,-1527.0432692307406,0.015480459359975954,0.047403658353366254,1.9280536358173832,-670.1847956730999,0.14360060471754807,0.511221078725962,-5.368276742788176,1131.1974158653843,0.00829810509314903,-0.09469557542067372,-0.8973106971152381,39.27847055290338,0.151644287109375,0.5595571664663452,8.200401893028722,656.4002403846456,0.00489107572115384,-0.08009596604567203,-4.200345552884536,-166.25976562503965,0.1562783203125,0.36194598858172966,-8.877422626201994,8151.254507211558,0.005021259014423074,-0.047620567908653,-4.3161245492788485,-44.19884314906111,0.21074825345552883,0.19415564903846033,-0.9189077524035519,1051.2695312500148,0.005635563777043259,-0.013660606971153942,-0.9823843149037167,-79.2236328125005,0.1929756798377404,0.0639347956730762,0.3064903846153319,3473.3135516827074,0.026094285231370196,-0.0038865309495192367,-0.38865309495192385,-328.2189002403736,0.17648473182091345,0.20005821814903774,4.534818209134812,1181.0960036058084,0.029569148137019233,0.011160043569712053,1.7796912560094627,-235.7271634615546,0.1580674015925481,0.21269625150240315,-9.258375901442792,1875.0281700721303,0.0345364990234375,0.04044095552884621,4.137714092548038,682.8707181490294,0.14032650991586537,0.2865713266225947,-8.035982572115184,-232.55333533649656,0.03175997220552884,0.0688157301682687,-9.887507512019303,-909.6585787259481,0.1238221905048077,0.35672701322115413,-8.901367187499895,-1360.7553335336675,0.021935161884014426,0.0,-3.262376051682835,537.0530348557668,0.1238221905048077,0.35672701322115413,-8.901367187499895,-1360.7553335336675,0.021935161884014426,0.0,-3.262376051682835,537.0530348557668,0.17452921705979568,0.009587594839242784,0.15121751990685098,0.011779279972956724,0.16707079452123397,0.024921771709735575,0.1238221905048077,0.021935161884014426,28.622370581886862,127.08832233737016,121.41471073159234,140.11933751292435,119.77010603588835,92.29982594855248,55.02578994238604,155.43496238278564,178.39082034073084,49.01902235454542,142.879896781487,176.80479495605562,156.0109910436696,158.13008725293864,30.764797523414884,3.772519186904971,179.31939885321037,163.8350615436438,175.59443962715767,7.306257749819213,-0.35675533727892417,4.056283842942539,31.43710097426779,-35.85014015448925,21.47697831266731,-12.582513029868247,6.904415237336042,-3.6894027104650253,-0.7705430996226774,-2.7290410275795907,4.7660675034604205,-0.39754402111218357,-3.0083933857795815,-1.90976561285545,2.4835885016420955,2.3047954918792053,0.00939841111726735,-3.612384395937204,2.4079374270545606,3.72492474222993,282.3911453582516,680.7748407516721,1032.672864337991,-1431.0565597314226,-139.6803499721911,426.21479139657725,609.2486982864461,-670.1666912264056,-616.4044541508049,24.234869012860184,60.72050976049231,-68.40157029066593,-611.3061116540484,433.41425283970983,24.534909750335586,-154.1633777673645,-212.6378678788398,87.57183868091542,110.81198776021311,-35.23434103219382
10,-,-,0.05,0.18353273362379807,0.19228140024038506,5.49785907451919,1026.7991286057577,0.020211266150841345,0.0,0.5839655949518849,-63.354492187500675,0.17288050255408655,0.20229679987980875,14.979717548076792,975.830078124959,0.014550565279447106,0.0,-1.02755033052862,256.7326472355664,0.1715095027043269,0.11270094651442136,-7.279146634615301,2003.0235877404311,0.002579514723557691,0.08612060546874943,11.402775691105743,-883.8172325720967,0.17253089317908654,0.03145845853365638,-2.9131610576923976,767.8222656249121,0.0010090332031249954,0.015654109074519924,2.4913611778845683,-454.29875300483116,0.15030359825721154,0.21494422325721307,10.271747295672913,2225.285456730727,0.025205500676081724,0.00906794621394203,2.7994478665865934,-20.22611177883452,0.15804197340745194,0.5067204402043282,-8.409705528846171,-542.6776592548432,0.01586548790564904,0.038502854567308585,-4.740365835336628,-920.3162560096354,0.14591112342247597,0.5514986478365405,11.993971604567305,-96.86748798082934,0.007937415489783647,-0.08091383713942223,-3.886437049278756,-474.8065655048307,0.15429932579627403,0.6481820913461531,6.183612530048313,-3683.4153395432313,0.004867769681490386,-0.0969444861778843,-8.983717698317509,-389.06625600962235,0.15734611628605769,0.568466421274039,45.04751352163476,-417.18937800481535,0.00468244816706731,-0.07272479717548024,-5.204045222355914,-648.1464092548117,0.21147235576923076,0.21957256610577192,6.042480468750086,242.22506009607636,0.005572969876802877,-0.019914362980769106,0.000563401442303137,-23.83188100962803,0.1934234149639423,0.129826472355768,18.20988581730773,2796.724759615397,0.026055419921875003,-0.003886530949519242,-1.1084923377403815,-185.93186598558904,0.17783988131009615,0.2559326171875016,3.97423377403869,-23.02433894235999,0.029569148137019233,0.013852163461537677,0.2692119891825625,-241.31422776439723,0.15892264498197115,0.19764498197115132,12.0880596454329,2581.3927283654643,0.03466376201923077,0.08109412560096123,8.763146033653758,-235.5487530048006,0.14147234637920672,0.27227313701923284,-7.530611478365166,299.9267578124543,0.03175997220552884,0.0007812499999995674,-6.4034329927883915,1159.639798677906,0.12494735013521635,0.26425030048077014,-6.483529897836719,913.7526292067013,0.021935161884014426,0.003450833834134361,0.34508338341343625,291.72926682694003,0.12494735013521635,0.26425030048077014,-6.483529897836719,913.7526292067013,0.021935161884014426,0.003450833834134361,0.34508338341343625,291.72926682694003,0.17511340801532452,0.009587594839242784,0.15318042743389423,0.01171172438401442,0.16801299892327723,0.02492607234074519,0.12494735013521635,0.021935161884014426,27.98661824368878,124.52002513898532,140.4279172091051,123.0386758955984,129.64238326445056,83.5240925557968,53.26647369469349,163.38073866175714,176.5192634637968,48.613803309776436,144.09258998469122,177.6336358268586,155.4795948014392,158.71437103985377,30.733276691098045,3.850311059979967,177.33361766385062,160.83189835293706,176.34454414355514,8.995952394488777,1.3850245730547834,9.975776005022047,34.33085736895378,-42.921608800921064,17.486100838325367,-6.467091868312695,10.43897642281764,-8.548868806759073,-2.3820330852219143,-1.9278089232651294,4.265533080387531,-1.3955849931964088,-6.96263867149414,0.9540849843613146,2.2752445368141374,1.3950232163614615,-0.5658108322138314,-1.7348749118294657,3.6873990249619144,3.4614398882160575,164.59084462933885,695.2170875630394,664.3131041017376,-2282.384515632823,-1140.944482321758,1317.3727235591932,758.4893941895139,-718.5167182161946,-222.34444455325993,365.02079705234894,-408.2678699725892,-300.72724534915756,-640.0725109121563,498.9052311939093,-116.31289271067467,-67.22013667183985,67.2578466170793,531.2365442898771,193.25883676091277,-94.92538937677404
11,-,-,0.055,0.18465266301081731,0.2044452373798079,7.411733774038393,613.8446514423116,0.020211266150841345,-0.0002478966346156076,-0.02478966346156074,-75.48640324518684,0.17437999549278846,0.3132587139423078,6.219764122596086,-1401.64888822115,0.014550565279447106,0.0012610802283666296,1.2322528545673224,98.53891225956868,0.1717022235576923,0.11256009615384649,15.266301081731084,5206.430288461536,0.003440720778245185,0.11477332481971142,-0.30066856971143213,-1662.4004657451892,0.17276936222956732,0.036555363581730636,0.31569260817265343,2637.5075120192396,0.0011655742938701946,0.02491361177884567,1.2913161057691278,-296.15196814902833,0.15165021221454328,0.31412447415865313,13.829815204326708,-951.1155348557544,0.025296180138221144,0.02799447866586592,0.9858586237981841,-559.8895733173186,0.16013082181490385,0.4393348106971148,-5.101881760817337,-195.83834134615998,0.01586548790564904,0.0,-7.275108924278965,-202.4113581730732,0.14911559119591347,0.631160794771635,-6.336951622596469,-5368.060772235602,0.007488966721754808,-0.13355994591346126,-5.645376352163543,764.7611177884514,0.15812610802283653,0.6213932917668283,-28.633751502403573,-5420.973557692343,0.003921630859374997,-0.16993314302884707,-8.091008112980758,562.096228966377,0.16196298452524038,0.8124211237980771,-13.049316406250146,-11756.573016826937,0.004294011042668272,-0.09966102013221212,-10.797588641826962,-582.7261117788236,0.21294397911658655,0.25458045372596116,1.5033428485572105,-511.7187500000076,0.005436420147235568,-0.013654972956730911,-1.220703124999997,-184.7205528846118,0.19427394456129807,0.2460336538461534,28.27373798076929,-339.63716947114386,0.026055419921875003,-0.014971454326923046,-2.2479717548078133,91.74053485576414,0.17904405799278847,0.23980055588942462,4.304574819711212,-401.79912860580737,0.02970766977163461,0.013852163461537677,-0.6334510216345085,313.7300931490553,0.1600438514122596,0.3335768479567321,16.55555138221184,-1723.4731820913817,0.03534744027944711,0.12807241586538376,1.7822265625000329,-1764.9207481970927,0.1430492412860577,0.2112652118389431,-5.036714993990643,1647.7238581730426,0.03176778470552884,0.004781400240384817,1.708890474759749,707.5383112980643,0.1264646935096154,0.291891714242787,0.2361591045671131,577.7118389423459,0.02196967022235577,0.003450833834134361,-0.34508338341343625,-69.01667668268723,0.1264646935096154,0.291891714242787,0.2361591045671131,577.7118389423459,0.02196967022235577,0.003450833834134361,-0.34508338341343625,-69.01667668268723,0.17587606107271633,0.009842031625600958,0.1561971435546875,0.011373255333533653,0.16930329464643432,0.025047400841346153,0.1264646935096154,0.02196967022235577,28.856736909859553,132.4080925177624,141.3201066398168,115.12853775228032,131.9636625316893,85.28747509493512,58.85014747310919,152.85762704751625,174.45663689400104,47.83987691635215,145.64545856698263,176.95303566228685,151.57309273795292,161.3201066592339,30.57450078176529,4.467822702343917,178.71821194474083,162.43378650904444,177.67683944920225,9.493442182554645,1.2891531090144632,11.00845471857293,38.08023201528516,-58.67398531081747,10.067533489449737,0.5912142057236783,14.489309179231176,-10.874569892626967,-2.9939875451552758,0.9211669429438967,0.6833888037345307,-3.4048164746037575,-9.409118494901142,3.07928669908364,1.3204595745353493,1.6325941251608072,0.68197687728806,1.6999810469615637,4.340525794663687,2.77567084846219,-27.283781745327698,-891.5299654234776,-1558.510779984106,-2933.1239893711513,-1538.4982446957913,1065.399610340661,531.1395950515514,-560.98349070805,173.56999816679624,488.35643744927006,-604.3927588719458,-170.34086651956912,-51.3430865552768,79.11360628822345,-82.07506482986324,65.72283516872128,190.39247736831743,502.2816664397657,-38.9373830855227,-194.5845893098648
12,-,-,0.06,0.18557718599759615,0.26639873798076896,11.636305588942303,-98.57647235577191,0.02020878718449519,-0.0002478966346156073,-0.170898437499983,-14.610877403842272,0.17601308969350962,0.2644944411057696,0.9632286658653002,1015.2493990384761,0.014563176081730772,0.012322528545673218,-0.04216120793293376,-348.67037259615716,0.17263510366586537,0.2653639573317321,44.785156250000036,2025.7286658653509,0.0037272479717548046,0.08311391977163511,-5.221228966346143,-182.8143780048219,0.17289644681490385,0.03461538461538291,23.461914062499986,3595.778245192362,0.001258169320913452,0.028567270132211196,-0.4701585036057137,257.5401893028946,0.15344484299879807,0.3532423753004801,0.7605919471153737,-1941.0400390624657,0.025485445462740383,0.018926532451923866,-2.79944786658659,-450.73054387020846,0.16243532151442308,0.4557016225961548,-10.36808894230777,-2359.497070312504,0.01586548790564904,-0.03424823467548102,-6.764479417067359,328.669621394244,0.15222273137019232,0.4881291316105758,-41.68663611778869,-3399.6582031249413,0.006601816030649035,-0.13736760066105763,3.7611741286057536,1465.2569110576944,0.16051325871394231,0.36184457632211753,-48.02612304687509,-493.2016225962079,0.003168438251201916,-0.17785456730769184,-3.362755408653742,834.8858173076799,0.16547032752403845,0.4379732572115376,-72.51821664663454,-3074.800931490355,0.0036858379657451895,-0.1807006835937498,-11.031306340144146,1069.7115384615327,0.21401816030649037,0.234605994591344,0.9252929687500125,282.3392427885417,0.005436420147235568,-0.03212139423076907,-1.846642127403814,386.2586388221194,0.19588375150240384,0.41256385216346075,14.813514122596292,-3919.095552884594,0.025905705378605773,-0.026366248497597364,-0.19108698918274045,433.5843599759931,0.1802378868689904,0.2989783653846137,-0.04375751201938223,-1288.4051983172596,0.02970766977163461,0.0075176532451925945,3.4065129206731135,392.16496394228784,0.16225841346153846,0.36320049579326963,-5.14667217548091,-2369.628906250017,0.03594448617788461,0.09891639122596155,-8.886061448317163,-1167.3865685096168,0.14358499849759615,0.22190598707932643,8.946627103365254,1484.0839092548445,0.03180778620793269,0.01787015474759705,0.6719501201922476,-373.28162560099,0.12786626727764422,0.26661189152644127,-0.7064115084132621,431.105393629849,0.02196967022235577,0.0,-0.3450833834134358,34.508338341343595,0.12786626727764422,0.26661189152644127,-0.7064115084132621,431.105393629849,0.02196967022235577,0.0,-0.3450833834134358,34.508338341343595,0.17678045654296876,0.009939345139723554,0.15881729642427883,0.010961405123197113,0.17064157965244395,0.025128622984274835,0.12786626727764422,0.02196967022235577,30.55302055773109,137.8673360285467,156.6436280532196,96.04205647596481,133.06276717197488,89.14788585610036,64.70669424695737,151.545222803599,174.04126402248116,48.46121776336805,145.19699705389144,174.52730248166347,148.3781437959208,160.44911738194918,32.04182648653404,4.51891286951235,178.4988509534404,163.25542286416416,179.65932317787977,10.383838397643634,1.1121867556015066,1.0604763507872752,18.74574956911273,-72.25284869463256,2.1011183913674607,4.18690423509391,15.750372373333152,-14.15870371383957,-0.6463331035539527,2.955755451227568,-1.7783945083319248,-3.098993658392099,-7.476069537046908,1.7452210472435488,1.4544938885155054,2.052251568048674,1.3381139414693421,3.2879417525681878,3.2980251941066876,1.5155939951174104,-3.0459922164062876,-2188.5216599618907,-5070.771425529689,-1400.0514211114153,-1327.9936536780383,193.40470009327328,-180.77039376628684,-135.6864784791228,413.12999499795797,237.32871499436092,-292.0387850710822,275.48766594217784,611.4648912614443,-207.768042394636,-73.49911284791571,-8.798557120760423,3.9921228877525325,32.927222469751584,-282.9440309880039,-232.2250941946607
13,-,-,0.065,0.187316650390625,0.32080829326923105,6.425969050480673,-1052.8470552884578,0.02020878718449519,-0.0019568810096154392,-0.1708984374999836,36.6586538461527,0.17702493990384616,0.3228910006009608,16.372258112980855,97.52478966346602,0.014673790564903838,0.0008394681490372916,-2.254450871394252,-4.178560697079552,0.17435586313100962,0.5604116586538472,35.52358774038461,-3360.18254206734,0.004271859975961537,0.06256103515624994,-2.1288123497596527,433.77216045673026,0.17311551607572115,0.2711745042067307,36.27347506009631,-1123.4224759615538,0.0014512469951923068,0.02021202674278853,3.8667179987980758,695.7162710336532,0.15518263596754808,0.3217303936298069,-5.580585186297966,-1022.4609374999927,0.025485445462740383,0.0,-3.521446814903904,117.06542968750696,0.1646878380408654,0.335653921274037,-28.6968524639424,-1313.232421874974,0.015523005558894229,-0.06764479417067365,-3.988412710336522,519.1932091346256,0.15399688251201923,0.2142944335937478,-40.33353365384591,2844.5199819711866,0.006115290715144231,-0.0959482046274037,9.007192758413414,583.3646334134628,0.1617445537860577,0.14113206129807696,-33.56576772836566,3473.1351412259596,0.002143085186298077,-0.20356069711538452,0.2578500600960485,1584.8670372596123,0.16634271709735576,0.08723895733173107,-43.797325721153726,6132.380558894222,0.0024870042067307724,-0.20997408353365368,-0.10047325721162506,2269.1556490384523,0.2152900390625,0.2638333834134613,4.32673527644263,-320.06835937497766,0.005115206204927877,-0.03212139423076907,2.6418832632212004,499.8591496394166,0.19839958308293268,0.39416879507211644,-10.917217548076682,-2617.431640625022,0.02579175743689903,-0.016882324218750452,2.087871844952122,242.80724158653987,0.1820338416466346,0.2393629807692308,-8.579477163461394,284.9872295672998,0.029782846304086535,0.04791729266826884,3.2881986177883737,-819.82421875,0.1636758563701923,0.28211012620192294,-7.14073768028835,-566.2372295673033,0.03633660419170673,0.03921180138221205,-9.891639122596146,-356.942983774062,0.14526830115685097,0.3007314828725957,9.804124098557814,-1138.3995643028607,0.03194648625300481,0.0115009014423073,-2.0239257812501545,-182.20402644229782,0.1291308124248798,0.28482759915865435,4.547213040865607,-321.1106520432893,0.02196967022235577,0.0,0.0,-145.11343149038737,0.1291308124248798,0.28482759915865435,4.547213040865607,-321.1106520432893,0.02196967022235577,0.0,0.0,-145.11343149038737,0.1779532423753005,0.010151421180138218,0.16039092548076925,0.010350766225961539,0.17229973895733175,0.02515709510216346,0.1291308124248798,0.02196967022235577,28.271859236625478,132.66315127786194,170.65409720812164,66.26280516688514,133.65453749992662,87.69225501153325,68.49085731102544,148.578469474917,175.7225342744826,50.7549772426834,142.95014853890126,174.05867988090853,146.9393586882984,161.68824486389107,31.72595054713436,5.910139968259599,179.32639746744417,164.33358920971062,179.74047485988987,10.689398494695748,1.2586931868504003,-10.876761881045995,-12.627482240011767,-72.67449952193164,-3.212403047330656,2.525261206656413,12.681605241568306,-12.231434677418196,1.1373124048243077,3.294454092887508,-2.236999046976294,-0.6499398151819763,-3.2944695822866934,1.001606275137278,0.5854684460561915,1.5446085539532028,0.7218981061655854,2.02925327165908,1.5110854847836461,0.453419906515581,64.67047180220878,-2295.104328181907,-7241.479095732319,1505.6892924960339,-973.9201717373239,-136.466185501959,-634.7507860889608,125.43610959721067,196.06959440615412,-92.27114540626671,51.4481377257554,590.506488789537,991.821830451326,-204.6994099514918,-155.7929240297748,-163.32159949985163,-69.21737556421863,-213.45230923960494,-326.19197773081805,-225.3187981433828
14,-,stance,0.07,0.18878526893028846,0.33065842848557575,1.1078350360577158,-1239.0136718749736,0.020189218374399034,-0.001956881009615445,0.1956881009615443,-45.83270733173041,0.17924199969951923,0.4282170222355783,1.9384765624999614,-2720.3463040865704,0.014571570763221145,-0.010221980168269326,-0.08394681490372932,-37.48497596152365,0.17823922025240385,0.6205998347355786,11.183330829326609,-1827.9559795673438,0.004352858323317305,0.061825796274038565,-0.8835073617788357,-52.18036358172263,0.17560819185697116,0.3973501352163463,12.227689302884437,2198.9370492788203,0.0014602895883413375,0.06723445012019198,6.487004206730824,-358.02283653845285,0.15666214693509614,0.2974365234375004,-9.464017427884562,-1195.6787109375252,0.025485445462740383,-0.016287935697115206,-1.6287935697115192,262.7422626201868,0.16579186072716345,0.1687330979567306,-23.500413161057523,2043.9453125000089,0.015189039963942302,-0.07413236177884627,-1.572547325721098,556.4903846153782,0.1543656757061298,0.08479379507211632,-13.241436298076795,3525.0713641826424,0.0056423339843749976,-0.04729567307692343,9.594820462740387,25.925856370195582,0.16192457932692308,0.026186899038460658,-13.294771634615465,3527.45643028851,0.0011328312800480689,-0.17527606670673135,12.485914963942395,1682.4669471154034,0.16634271709735576,0.0,-11.194411057692266,4017.5217848557604,0.0015860971304086507,-0.18170541616586605,11.660250150240397,1735.3985126202056,0.216656494140625,0.27787334735577035,-2.275390624999767,-908.052884615444,0.005115206204927877,-0.0057025615985570426,3.1519493689903566,-156.15609975963534,0.199825439453125,0.30339167668269384,-11.360802283653948,-714.1301081731057,0.025736882136418268,-0.005487530048076127,2.2369854266826605,-19.21198918272661,0.1826315166766827,0.21318359374999968,2.806114783653618,1846.1162860577026,0.0301868426983173,0.04039963942307636,-4.791729266826893,-926.3916015624814,0.1650795147235577,0.29179311899038607,-10.809044471153948,-904.1278545673268,0.03633660419170673,0.0,-12.455491286057786,93.94249549278548,0.1465923133263221,0.31994722806490467,-2.437368539663364,-2447.6318359375373,0.03192279522235576,-0.002369103064904514,-1.150090144230732,52.696814903871555,0.13071454326923077,0.3120840219350974,-3.917518028846158,-1878.596379206777,0.02196967022235577,0.0,-1.796217698317311,-486.54409555289055,0.13071454326923077,0.3120840219350974,-3.917518028846158,-1878.596379206777,0.02196967022235577,0.0,-1.796217698317311,-486.54409555289055,0.18046867018479568,0.010143484262319705,0.16101739595853365,0.00980714956430288,0.17358330359825722,0.025211333446013617,0.13071454326923077,0.02196967022235577,30.483204130712284,126.08779095409221,143.31549666438048,47.71090984100056,131.56306477869347,88.31607089608862,70.69865973932045,143.32287724898,174.1424013135183,50.779272362288964,143.73106502367278,175.20121388732676,147.26291189652036,161.34604684493036,32.08191775991429,5.935554394513117,179.02548058176154,164.58365122348104,179.94979646337134,10.405110263615635,1.758891473623595,-21.890566931031817,-53.66904138821053,-57.19595576967221,-7.638083326005788,2.822242380074319,9.402864512443537,-12.904342617867462,1.3143628405075904,2.0330439971649,-1.2639131310743703,2.806071229503276,2.442148767466361,-0.30177305227137075,-0.10343535178224414,0.41903557305015626,0.6459401858271553,1.1534186601721363,0.03610541679850428,-0.7375939863164191,209.38537375123985,-1911.7127095415037,-3937.341352828709,5402.003965445672,-476.32842374606236,-62.1815090123868,-812.8886384599485,282.38631153028973,8.00760582879258,-356.94257786293906,310.8341737315848,547.9281403501717,958.268590461394,-336.0909981887653,-28.141047791094856,-276.3996327762099,-101.75882401561874,-246.46599958791728,-309.5111095265771,-231.98246498577709
15,-,stance,0.075,0.19062323467548076,0.3318866436298082,-5.964167668269038,-581.5993088942504,0.020189218374399034,0.0,-0.6292255108172868,-134.50270432692483,0.18130711012620193,0.3422757662259604,-10.831204927884798,-143.85516826919326,0.014571570763221145,0.0,-2.629300631009488,-1087.7873347355794,0.1805618614783654,0.6722449669471131,17.24402794471121,-148.70042067300759,0.004890117938701921,0.053725961538461604,-2.650615985576878,273.9915114182716,0.1770890174278846,0.3934513972355749,58.26284555288447,7781.850961538534,0.0021235914963942254,0.08508206881009665,0.28648963341355416,-305.5044320913586,0.15815700120192308,0.22709021935096144,-17.537372295673197,1037.9920372596337,0.02532256610576923,-0.01628793569711516,-0.8940241887020413,-8.620042067309257,0.1663751690204327,0.10064978966346219,-8.25739933894235,2143.122746394197,0.014781681941105768,-0.0833702674278846,1.576491135817249,434.5233623797967,0.1548448204627404,0.08188007061298012,-5.082820012019555,584.5102163461481,0.0056423339843749976,0.0,9.266451322115369,-361.8915264423095,0.1620064227764423,0.008184344951922544,1.7087965745193785,1906.4190204327037,0.00039032451923076694,-0.0787015474759608,17.082519531250053,-461.5760216346319,0.16634271709735576,-0.02470515324519138,-3.6221078725961964,1251.3333834134328,0.0006699500450721152,-0.09337158203124993,17.253511868990397,-347.2994290865421,0.2180687725360577,0.24107947716346367,-4.753793569711793,215.46349158647197,0.005058180588942307,-0.0006019005408655626,1.08032226562485,-299.5511568509441,0.2014334998497596,0.2805607722355772,-18.058518629807725,-693.1527944711507,0.025736882136418268,0.005487530048076112,1.8957519531248561,-154.01517427883465,0.1841656775841346,0.2674241286057669,9.881685697115596,197.1341646635277,0.0301868426983173,0.0,-5.975717397836422,28.498722956737918,0.16659378756009616,0.17401968149038366,-16.1820162259616,1469.5387620192505,0.03633660419170673,-0.08534311147836558,-8.952214167668293,1493.8683143028966,0.1484677734375,0.2763577974759621,-14.672194260817514,-921.8374399038648,0.03192279522235576,0.0,-1.49695763221144,-309.5327524038489,0.13225165264423078,0.24565241887019285,-14.23875075120213,-305.10066105770454,0.02196967022235577,-0.017962176983173078,-4.865440955528896,-64.76299579327772,0.13225165264423078,0.24565241887019285,-14.23875075120213,-305.10066105770454,0.02196967022235577,-0.017962176983173078,-4.865440955528896,-64.76299579327772,0.1823953059269832,0.010443624643179081,0.16154522611177885,0.009361371319110575,0.1751635272686298,0.02520182917668269,0.13225165264423078,0.02196967022235577,31.090087556130356,125.49186107563555,132.94319488178365,38.5414213622784,127.94165082376034,90.45989433423266,74.65625571453151,140.05568506995462,176.31039562649315,51.1845717770929,143.2662724722054,175.1619600062004,147.0255485533757,162.14481156522828,31.54075563829812,5.706167711582863,179.4324337580729,164.593587590603,179.98373078655817,10.251541726299417,3.352546924362795,-29.993888976460997,-52.00089576829878,-18.65445986747502,-7.97568728479127,1.903446116532546,4.552718856968836,-9.407571562115304,1.2173884631122334,-0.2749716857418758,0.8713426903395486,4.829341588319731,6.288216322327228,-2.3593037067503686,0.3040579681452435,-1.2193877738088905,-0.2956901339906001,-0.43540672422008836,-1.584025610482119,-1.8664047433421855,348.04384892262567,-1570.8483363440128,4314.4479585791005,8950.97742245745,-65.37168392192208,-201.7038917114915,-1115.4177619697352,861.4702014606012,13.128015124265923,-382.5337366558945,317.05047195805116,204.41039266397505,502.20385048870344,-298.8380727878275,66.52787966095022,-336.59909708731635,-355.23799757677784,-370.9303059529031,-306.14540539394,-148.56527847638256
16,-,stance,0.08,0.19210413536658655,0.2710167518028853,-4.7081580528847935,504.07527043267606,0.020189218374399034,-0.008249136117788318,-1.1493389423077052,-21.465594951933458,0.18266475736177884,0.3199049729567302,0.4999248798080276,1432.091346153861,0.014571570763221145,-0.03651498647836423,-10.961820162259533,-551.8517127404153,0.184961669921875,0.7930401141826908,9.696326622596532,-2496.6947115384114,0.004890117938701921,0.03531963641826976,1.856407752403883,465.0972806490167,0.1795427058293269,0.9799785907451916,90.04619891826985,-7717.303936298048,0.0023111102764423047,0.07009934645432753,3.4319598858172355,-13.258713942322297,0.15893304912860576,0.12206280048076823,0.9159029447117848,3470.196063701945,0.02532256610576923,-0.025228177584135626,-1.7149939903846119,42.33961838945245,0.16679835862379808,0.08615910456730705,-2.0691856971155356,479.49218750001603,0.014355337289663456,-0.05836745042067377,2.772686298076873,-559.4012920672897,0.1551844764122596,0.033965594951920725,-7.396334134615309,314.59397536065626,0.0056423339843749976,0.04536884014423033,5.975905198317289,-655.9213491586492,0.1620064227764423,0.04327486478365446,5.76941856971159,-377.59164663464395,0.00034581580528846023,-0.004450871394230667,7.8701547475960725,-1339.6935096153948,0.16609566556490385,-0.036221078725961996,1.318922776442072,765.5498798077022,0.0006523813100961506,-0.009170297475961922,8.187255859374973,-1705.9983473557695,0.21906728891225963,0.23033541165865237,-0.12075570913504519,449.3689903846747,0.005109187199519222,0.005100661057691465,0.15643780048091305,-159.0388371393996,0.20263104717548078,0.12280649038461644,-18.29233022836546,2662.7103365384523,0.02579175743689903,0.01346998948317245,0.6968336838943124,-279.54101562498136,0.18530575796274038,0.31200045072115573,4.777456430288897,-2415.8653846154316,0.0301868426983173,-0.01935753455528792,-4.506742037259514,244.38476562497976,0.16681971153846153,0.12997295673076992,3.88634314903857,2545.0345552884596,0.03548317307692307,-0.08952214167668301,2.4831918569711915,669.6636493389559,0.14935589130108173,0.17322528545672938,-11.655742938702021,1478.675255408684,0.03192279522235576,-0.017338679387018927,-4.245417668269224,-192.25135216346987,0.1331710674579327,0.16969651442307596,-6.968524639423206,1408.334585336573,0.02179004845252404,-0.048654409555289005,-2.443847656250089,831.7777193509723,0.1331710674579327,0.16969651442307596,-6.968524639423206,1408.334585336573,0.02179004845252404,-0.048654409555289005,-2.443847656250089,831.7777193509723,0.18481831711989183,0.010490504338191101,0.1618035945012019,0.009263686899038458,0.17605846072465947,0.025047300681089735,0.1331710674579327,0.02179004845252404,30.758103980031542,107.41151334187,102.10424351783576,25.450834155997285,125.64675570365982,91.2313238476374,74.70362940034184,137.8870761267233,175.71262597576785,51.52616844701723,142.70836647813547,178.24730351028032,152.4896984504105,159.47384101263404,32.04922912208307,5.443154220237682,179.50310405678542,164.9780051204567,179.47812789121494,9.553864493735139,5.239329962849855,-37.59905029447196,-10.524561802419488,32.31381845490238,-8.291800165225009,0.8052034629594023,-1.7513131072538253,-4.289640603261443,1.4456429917502498,-1.7922933693940475,1.906591588506144,4.850175156143028,7.4641872723534,-3.2901537801496485,0.5618434448272587,-2.9469553978230105,-2.9064397899406265,-2.555884399356898,-3.0253486371408984,-2.223246771080246,605.5560625330053,-546.566346584958,5986.214369545891,7138.336778663864,-308.0532249165494,-47.427911741335166,-1160.0914311112208,1117.260861122203,-12.771616553783572,-209.43711496085234,38.40877664070626,-244.14807429283036,8.382733656040024,-48.120141448602816,-33.38232818012038,-379.58410973709675,-564.439425509456,-251.32162376490226,-125.49867724807096,-18.73981885698673
17,-,stance,0.085,0.1933334021935096,0.2848050631009602,-0.9234149639422724,266.8081430288857,0.02010672701322115,-0.011493389423077061,-0.8438814603366216,95.43081430288326,0.18450615985576924,0.3472750150240407,3.4897085336538245,339.0549879807112,0.014206420898437502,-0.10961820162259543,-8.147817758413646,1229.9335186297867,0.1884922626201923,0.7692082331730785,-7.722919170672929,-2945.763221153906,0.005243314302884619,0.07229003906250045,2.000356820913293,-690.7865084134809,0.18688880333533653,1.2939133864182741,-18.91019381009608,-17622.690054086695,0.0028245849609375012,0.11940166766826904,0.15390249399033107,-1413.5554387019117,0.15937762920673076,0.2362492487980793,17.16458834134628,-425.9127103366086,0.025070284329927875,-0.03343787560096129,-0.47062800480751643,288.6305588942225,0.16723676006610577,0.07995793269230682,-3.462477463942185,5.896935096195722,0.01419800743689903,-0.055643404447115845,-4.017521784855653,-935.9412560095951,0.1551844764122596,0.007916729266826976,-1.9368802584129896,854.6893780048134,0.006096022385817301,0.05975905198317294,2.7072378305288716,-161.75255408653118,0.16243917142427886,0.0658785306490385,-2.0671198918270646,-1235.7271634615456,0.00034581580528846023,0.0,3.6855844350960933,-187.07744891825752,0.16598050631009614,-0.01151592548077065,4.033390925480832,98.42623197120551,0.0005782470703124959,-0.011499023437500111,0.19352839543268507,-754.1879507211573,0.22037212665264422,0.23987192007211322,-0.2601036658650418,-199.7258112979982,0.005109187199519222,0.0009624774639435692,-0.5100661057691475,-34.89332932696271,0.20266156475360578,0.09763746995192242,8.56858473557682,4085.749699519243,0.025871582031249993,0.012455866887019242,-0.8996582031249599,-194.2420372596239,0.18728568209134616,0.31519869290865593,-14.27696814903874,-1852.7080829327704,0.02999326735276442,-0.045067420372595174,-3.5318697415866223,611.6849459134347,0.16789351712740386,0.2128831129807694,9.268329326923018,20.188551682692196,0.0354413827749399,-0.060511192908653644,-2.2555776742787277,-347.23369891826957,0.1502000262920673,0.1598003680889418,0.1145582932693403,1653.5362830529168,0.03174940842848557,-0.042454176682692274,-3.4194711538461404,570.5190805288554,0.13394861778846154,0.17596717247596072,-0.15540489783638675,310.66894531252694,0.02148312612680288,-0.04240065354567399,3.4523362379808336,544.0767728365655,0.13394861778846154,0.17596717247596072,-0.15540489783638675,310.66894531252694,0.02148312612680288,-0.04240065354567399,3.4523362379808336,544.0767728365655,0.1883051570012019,0.010595261793870193,0.16204370868389423,0.009257675405649032,0.1770602557842548,0.02494132565229366,0.13394861778846154,0.02148312612680288,33.759563068872815,99.78373140402871,122.48239460196956,56.45822626681363,125.86164997091947,88.0487849302209,72.31143492442223,137.84384621787862,176.24484624116045,49.5354396455969,145.47057484441947,179.31361698308675,152.52121981244707,159.5051063465964,32.28127633402695,4.306566951661955,178.34052009078067,163.1908262826521,177.48940396840848,8.332530824875096,9.408107549692852,-35.45955244231058,7.861247927160179,52.72890791916369,-11.056219533956767,1.429166999119194,-7.048195454143382,1.7650370491067358,1.0896722975743975,-2.369342835350401,1.2554304567466115,2.387860845391425,6.372043658887629,-2.840505121236397,-0.029765313655960635,-5.015228871179861,-5.940084389085166,-2.948622961869113,-2.8390123829628298,-2.053802931912053,699.7737563401503,1464.3360356261428,-26.45863857560387,-791.0209178616022,-597.4373108051362,128.5455881114862,-749.431233800389,1209.776643394941,-282.5751306534577,137.91666999936518,-418.10327727997577,-577.1755072267309,-303.784060516277,196.49568767875732,-189.7005271086174,-210.44667286962894,-321.14411826515567,163.2708418611541,37.27973338272242,-21.071824611424447
18,-,stance,0.09,0.19495218599759614,0.2617826021634626,-2.0400766225959415,931.8096454326651,0.020074284480168264,-0.016687950721154518,-0.19503079927887437,223.5670823317461,0.18613750751201924,0.3548020582932684,3.8904747596151332,979.4546274038526,0.013475388746995193,-0.11799316406250054,1.3375150240383107,836.6605318509796,0.19265375225360576,0.7158109224759617,-19.761305588942474,1930.1006610576917,0.005613018329326924,0.05532320462740265,-5.051457331730913,-484.60975060092414,0.19248183969350963,0.7908766526442311,-86.18070162259676,3661.9403545673154,0.003505126953124993,0.07163837139423083,-10.703594501201854,158.56933593749952,0.16129554161658655,0.2937086838942307,-3.3432241586542926,-3193.021334134619,0.02498818734975962,-0.02993445763221078,1.171311598557608,-80.78237680291069,0.16759793795072114,0.051534329927885265,-2.0102163461535785,1012.8267728365131,0.013798903245192298,-0.09854266826923022,-6.58672626201906,495.75570913459615,0.15526364370492787,0.014596792367790866,1.1505596454328095,701.9230769229895,0.006239924504206726,0.072441218449519,4.35837965745198,-271.59705528845075,0.1626652080829327,0.02260366586538385,-6.587853064903843,-19.324669471131834,0.00034581580528846023,0.0324049729567302,5.999380258413501,-375.3662109374769,0.16598050631009614,0.004112830528846253,2.303185096154125,-369.0842848557695,0.0005373910757211497,-0.007235013521635075,0.6453763521634147,34.03883713942716,0.22146600811298076,0.22773437500000196,-2.1180138221150235,-232.68479567314296,0.005118811974158657,0.0,-0.1924954927887134,-46.40549879808553,0.203607421875,0.20849233774038448,22.565166766826895,785.7947716346299,0.02591631610576922,0.0044734074519228685,-1.2455866887019231,-76.50991586538576,0.18845774489182693,0.1692307692307686,-13.749624399038773,2007.943960336577,0.029736168494591347,-0.05467623197115407,1.6101074218748217,899.9492938702017,0.16894854266826922,0.22265624999999992,4.088228665865492,-548.8093449519332,0.03487806114783654,-0.11207791841947025,-0.9891451322114975,1158.733661358141,0.15095389498197115,0.17437086838942278,4.879619891827115,-41.9358473557568,0.03149825345552884,-0.05153339092548027,1.4597731370193197,197.60366586537975,0.1349307391826923,0.1681424654447121,-3.8618351862979425,-140.13671875001242,0.0213660419170673,-0.014131047175480737,2.9969200721155564,-304.0114182692321,0.1349307391826923,0.1681424654447121,-3.8618351862979425,-140.13671875001242,0.0213660419170673,-0.014131047175480737,2.9969200721155564,-304.0114182692321,0.19155632136418269,0.010666954627403843,0.1625605675330529,0.00918204439603365,0.17806072528545672,0.024752275515825317,0.1349307391826923,0.0213660419170673,36.81947344840178,87.16791375849824,135.6859077690975,85.33746745900109,119.3905110105362,92.11122310240715,70.03319503988209,138.16136703521096,176.69282796214972,49.34767912231812,144.80395218975505,179.38639390082642,154.5972334834824,158.33039429701458,32.30713480825626,2.2697119531773673,175.1215922478791,161.59317086123752,177.24393202760618,8.502641461070372,12.237067526251344,-22.955689938210558,-10.789148188175526,24.403609276286375,-14.26617327327636,2.090659344074262,-9.245625445257701,7.808125830687944,-1.3801083147843216,-0.4131266694003984,-2.274441184293605,-0.9215799161242703,4.426346667190636,-1.3251969033620792,-1.3351618262589116,-5.051422126519296,-6.117880972592177,-0.9231759807453602,-2.652551303313675,-2.43396501719449,509.3696585650995,2085.2941175507035,-2525.4420754837147,-4101.366534469332,-71.62722362351286,-276.54900203885273,-93.3253129517909,647.2441125983803,-623.7127480413732,484.3072582858685,-674.5403045835233,-417.7143825659567,-354.32971986452463,373.634478560927,-246.78609496472225,274.8114026990143,226.08450466818158,358.39058369998367,-96.67318115974224,-68.17303631124888
19,-,stance,0.095,0.19595122821514424,0.2644042968750008,8.394681490384386,545.541616586494,0.019939847506009606,-0.013443697415865806,1.391789362980841,153.94005408654562,0.18805418043870192,0.38617976262019205,13.284254807692358,994.8542668269498,0.013026489257812496,-0.09624305138221231,0.21878756009615621,-1020.5829326922794,0.19565037184495193,0.5715951772836536,11.578087439904007,4980.957031250028,0.005796546349158646,0.02177546574519127,-2.845740685095953,597.2994290865681,0.19479756986177885,0.43210637019230574,17.709209735577108,16025.05258413468,0.0035409686748798103,0.0123657226562504,1.7395958533653275,2044.1237229567175,0.16231471604567307,0.20281700721153634,-14.765624999999936,-458.1768329326111,0.024770939753605767,-0.021724759615385204,-1.278451772836624,-512.3103215144149,0.16775210336538462,0.059855769230771017,6.665790264422955,638.577974759554,0.013212580754206726,-0.12151066706730651,0.940035306490313,1611.1403245191968,0.1553304443359375,0.01942232572115508,5.082350510816911,568.6410757211329,0.006820434570312492,0.10334284855769278,-0.008732722355637983,-1198.6459585336645,0.1626652080829327,0.0,-2.260366586538383,658.7853064903837,0.0006698655348557625,0.05999380258413506,-0.06807767427867908,-1073.7586388221266,0.1660216346153846,0.011515925480770618,0.34254807692313405,-135.85486778849827,0.0005058969350961451,-0.0050452599158659584,0.533916766826957,4.873422475973184,0.22264947040264424,0.21869178185096297,-2.5869516225964735,-558.668870192369,0.005109187199519222,-0.0009624774639435665,-0.9741210937500032,-118.50210336533662,0.20474648813100962,0.32328913762019157,16.426532451923126,-2817.5893930288325,0.02591631610576922,0.0,-1.6647573617788183,2.8170072115390994,0.18897798978365385,0.17770244891826809,5.802471454327047,1939.9038461538955,0.029446505033052878,-0.028966346153846943,5.467623197115403,-337.1957632211244,0.17012007962740386,0.25376539963942435,3.780235877403681,-743.2391826923333,0.034320603590745194,-0.07040264423076863,9.331758939302693,761.9065504807489,0.15194373497596153,0.208596567007213,-0.30480018028822803,-1045.4289362981315,0.03123407451923077,-0.027856445312499065,-1.443434495192341,-548.3961838942545,0.13563004244290866,0.13734882061298126,-1.5567720853365121,576.6225961538232,0.02134181565504807,-0.012431452824518397,0.41222205528851014,-208.16744290867754,0.13563004244290866,0.13734882061298126,-1.5567720853365121,576.6225961538232,0.02134181565504807,-0.012431452824518397,0.41222205528851014,-208.16744290867754,0.19361333759014424,0.01057596294696514,0.16281682128906252,0.00919594350961538,0.17901130089393028,0.024561417017227555,0.13563004244290866,0.02134181565504807,41.20006376183709,84.78497970799125,112.87402046848928,69.28910452233511,115.19365401690933,92.03655219753014,67.21173449382002,142.81526936940813,177.20320235121133,49.290460761237874,143.3286127598987,178.12730007081836,155.8707497761245,158.40578962688343,31.231687146673845,0.2590665503202121,173.6036926035955,162.91011231710826,177.33802382429252,7.772537560459541,14.501804135343852,-14.606611266803524,-17.39317282767699,11.71524257447033,-11.772491770191897,-1.3363230212693356,-7.981448583661292,8.237478175090544,-5.14745518283934,2.4737297475082887,-5.4899725890886275,-1.789282980268146,2.828746460242379,0.8958396643728764,-2.4976262633031854,-2.2671148441897158,-3.679239342403348,0.6352828751307266,-3.805744194560253,-2.7355332950245423,709.0591572331892,1593.0854141895543,3578.4868275831545,2694.4605706267876,855.4874545981885,-694.261118708246,542.5285099384981,-428.8282089478805,-503.4576251496246,430.21700407591266,-402.5995124279335,-160.4987674435958,-508.98200424632927,469.9142514702316,-149.04850631547612,615.5398272751155,584.3994620956382,273.6335901093634,-143.60566422900158,30.465434181778424
20,-,stance,0.1,0.19759622896634615,0.34572941706730653,3.4153395432690035,-1760.7609675480337,0.019939847506009606,-0.002770057091346095,1.3443697415865832,109.55341045672264,0.18999930513822116,0.4876446063701921,13.83901742788464,-1831.7307692307663,0.012512958233173069,-0.11580528846153898,-8.868314302884492,-1104.4640174278716,0.1983697040264423,0.8315917968750018,30.04826472355785,-4165.527343750049,0.005830772986778837,0.026865797776443098,0.9215369591347732,369.7885366586286,0.1968029033954327,0.9679687500000024,74.0698242187502,-4957.932692307762,0.003628784179687497,0.08903432992788413,9.73764272836534,-769.4091796874908,0.1633237116887019,0.14605243389423123,-7.924992487980408,2016.301081730751,0.024770939753605767,-0.04271897536057703,-3.951791616586546,319.9838491586584,0.16819649564302885,0.11819223257211486,4.375563401441966,-723.7267127403813,0.012583796574519232,-0.08914231520432708,9.524676983172924,675.6310096153928,0.15545786696213942,0.06542029747596002,6.836970402644144,-811.2980769230153,0.007273352989783655,0.07235389122596261,-7.628079927884675,-683.5843599759847,0.1626652080829327,0.0,0.0,289.98272235575274,0.0009457538311298114,0.03172419621394341,-4.738206129807775,131.71386718746444,0.16609566556490385,0.007538311298077596,0.9446364182691414,382.6059194711459,0.0004869384765624901,-0.0018958458533655002,0.6941105769231466,149.01968149039223,0.2236529259314904,0.2018648587740372,-7.704702524038718,449.66947115389615,0.005109187199519222,-0.009741210937500041,-1.3775165264420808,80.33165564905244,0.20684031325120192,0.3727576622596159,-5.610727163461454,-2885.7609675481062,0.02591631610576922,-0.01217416616586533,-1.217416616586532,288.2173978365356,0.1902347693810096,0.22725548377403912,5.649414062500199,-233.0416165865612,0.029446505033052878,0.0,-1.7618502103364257,-1206.8528395432627,0.17148619666466347,0.26045860877403676,-3.3441631610578484,-751.6338641826583,0.03417403470552885,-0.018760329026443236,6.629920372595999,-760.3149414062141,0.15303986065204328,0.1713228665865405,-5.574669471154208,353.45928485571284,0.03121968900240385,-0.06596773587740369,-4.02418870192323,768.3293269230738,0.1363042273888221,0.15257474459134696,1.9043907752402953,134.25856370190849,0.021241727388822115,-0.010008826622595631,0.9152456430287791,58.86606069710534,0.1363042273888221,0.15257474459134696,1.9043907752402953,134.25856370190849,0.021241727388822115,-0.010008826622595631,0.9152456430287791,58.86606069710534,0.1956920353816106,0.010478090726412252,0.16314778958834136,0.00921215632512019,0.18025971554487183,0.024517909905849355,0.1363042273888221,0.021241727388822115,44.35157297319118,82.9523405597956,93.16743797960571,54.566670393001296,111.79300610683777,90.83713528477949,63.911270321783185,146.3368326553588,172.38203841447526,51.06103489454807,140.9408521443334,177.84954123221044,156.7484979674877,158.29531204475342,30.803844181087733,0.8078995699227672,173.7240687651829,163.67189646266377,175.07010819667687,5.930180069118758,19.327659098583243,-7.024835796315001,24.99572008765605,51.348214982554275,-5.711298727294467,-4.851951843008204,-3.820340345872715,3.5198437412091343,-6.414684566280572,3.8890433713587322,-6.300436308572944,-2.5265675905602296,-0.6634733752726619,3.3739456113402406,-2.825646889413674,1.1039761462318647,-0.2738863516357886,1.8131599203482762,-4.088607945603692,-2.1293106753767055,917.7662400520281,1136.039616540293,7581.952649733646,7363.679273245387,847.8676619972356,-173.58895380012135,643.3739115370025,-750.2694040993382,-40.564719245663724,78.29150376251765,-11.446225365290207,-192.983804813869,-561.7608469718643,297.5923450932874,4.339418667488334,466.31270565639653,609.7378147867445,307.49386238781574,270.2647569844843,303.7803808130027
21,-,stance,0.105,0.1994085223858173,0.29855769230769075,-9.212928185095917,-1865.9480168268708,0.019912146935096145,0.0,2.4873234675480655,357.9758864182686,0.19293062650240383,0.5245699368990382,-5.03305288461527,-4207.237830528857,0.011868436373197108,-0.18492619441105707,-10.825852614182539,1618.4739332932522,0.20396628981370193,0.8720778245192315,-30.077185997596406,-8558.631310096158,0.0060652043269230765,0.030990835336538985,0.8521446814903261,-123.66661658655325,0.20447725736177885,1.1728046123798064,-31.87011718750042,-16139.103816105748,0.00443131197415865,0.10974214993990362,-5.954495943509566,-1992.0842097355646,0.16377524038461538,0.12356708233173241,5.397385817307538,1518.5171274037828,0.024343749999999997,-0.06124267578125059,1.9213867187499543,925.5183293269392,0.16893402569110577,0.1036114032451906,-0.5714768629808445,272.57361778851595,0.012321157602163457,-0.026263897235577458,7.696345402644228,-981.6425030047825,0.1559846473106971,0.0877920297475964,-3.0306302584132263,-1561.6173377403761,0.007543973482572117,0.027062049278846177,-6.844576322115472,632.6622596153916,0.1626652080829327,0.0,0.639460637019139,63.946063701914035,0.000987107496995196,0.0126117412860574,1.2490609975959628,764.6672175480877,0.16609701772836538,0.020962289663462013,4.168607271634586,8.958082932692438,0.0004869384765624901,0.0018958458533654948,2.0241135817308766,77.70244891826268,0.2246681189903846,0.14164475661057593,1.9097430889424793,2263.0709134615945,0.0050117750901442215,-0.01473764272836435,-0.17080453725948042,220.59983473554604,0.20847406475360578,0.26718186598557714,-12.43107722355788,332.27539062500495,0.02579457444411057,-0.012174166165865297,1.2174166165865319,279.71942608173674,0.19125054462139424,0.23419658954326997,3.4720552884614393,-597.7501502404053,0.029446505033052878,-0.04658484825721117,-6.600905198317203,422.1942608172978,0.17272466571514422,0.22032376802884593,-3.736102764422888,534.5740685096307,0.03413300030048076,-0.004103440504808761,1.7286095252405673,-710.2614182692008,0.15365696364182693,0.152849872295671,3.2297926682688938,1233.5674579327704,0.030574397160456734,-0.06809833233173129,6.239858774038383,1119.0936748798324,0.13715578988882213,0.15639272836538418,-0.21418644831742975,25.015024038487187,0.021241727388822115,-0.0032789963942306236,1.0008826622595624,98.69854266826565,0.13715578988882213,0.15639272836538418,-0.21418644831742975,25.015024038487187,0.021241727388822115,-0.0032789963942306236,1.0008826622595624,98.69854266826565,0.20019567401592547,0.010569274902343745,0.16349122783954326,0.00913658541165865,0.18132169126852962,0.024366996569511214,0.13715578988882213,0.021241727388822115,51.15422871250043,78.89238924544898,135.10420253043583,107.36604199748727,113.22373209108312,87.02590267230146,64.7142600951873,143.82756259564536,171.70781207255192,52.074112099012595,139.89710711992245,177.7749187579841,155.23221233297562,161.08002355552705,29.491463650546386,1.8714959676106535,173.41389698933082,162.2040715074837,173.12163539169623,6.20295684115405,23.679466535864115,-3.2462151014006153,58.42635366965933,85.35203530692407,-3.293815150219556,-3.072212559270546,-1.5477094682912793,0.7347841340971766,-5.5531023752959765,3.2566447851334637,-5.604434842741529,-3.7191210284068323,-2.7888620094762535,3.871763115305745,-2.454232076628302,2.3960122123742407,2.418138805464085,3.710221499008878,-1.1030966247154153,0.302270513105479,322.4046804612773,782.6618202621344,1218.8299761333972,758.5728363325444,284.3621732178991,320.47263208404644,62.05159506684635,-71.96597026363081,229.94224056288067,-264.7778731578294,255.62642140854254,-177.85998304092564,-174.36237798601655,-78.95484668147456,84.60869337586115,61.084787762117536,363.43449324021054,285.8853695522335,617.5489424701342,461.94611432231034
22,-,stance,0.11,0.20058180588942306,0.2536001352163473,-15.244140624999723,286.95913461532933,0.019939847506009606,0.022103177584134583,4.924128605769273,-170.6824669471107,0.19524500450721155,0.43731407752403934,-28.233360877403964,-1178.692157451937,0.010663696289062496,-0.22406381460336447,7.3164250300480465,2824.2375300480485,0.20709048227163462,0.5308199368990375,-55.53804837740381,1336.6699218750193,0.006140681340144227,0.035387244591346366,-0.31512920673076045,-483.5580679086588,0.20853094951923076,0.6492675781249979,-87.32121394230744,457.91391225967817,0.004726205679086534,0.029489370492788408,-10.183199368990323,379.6574519230747,0.16455938251201924,0.20002629206730665,7.260178786057432,-874.0797776441934,0.02415851299579326,-0.023505108173077473,5.303391676682855,10.638897235597957,0.16923260967548076,0.11247746394230641,7.1012995793271285,410.8698918269568,0.012321157602163457,-0.012178861177884737,-0.2917480468749089,-817.8710937499922,0.1563357872596154,0.03511399489182773,-8.779202974759631,-5.990835336588058,0.007543973482572117,0.003908128004807828,-1.3014573317307536,912.6070462740361,0.1626652080829327,0.006394606370191396,0.6394606370191409,-127.89212740382787,0.0010718712439903855,0.04421480618990305,2.9084660456731086,-404.36260516823904,0.16630528846153847,0.049224384014423486,1.0342172475960658,-661.1515925480915,0.0005058969350961451,0.018345289963943284,1.471135066105774,-144.58759014425397,0.22506937349759615,0.220962289663462,14.926006610577248,-704.2893629808026,0.004961810772235578,-0.011449256310094847,0.8284818209133815,196.10126201920176,0.2095121319110577,0.24844689002403697,-2.2879732572114015,-230.75045072112167,0.02579457444411057,0.0,1.579777644230838,70.3594501201971,0.1925767352764423,0.26197603665865354,-0.3280874399038594,-886.5685096153752,0.028980656550480766,-0.06600905198317208,2.4600923978365556,1226.0084885817018,0.17368943434495193,0.22309758112980785,2.0015775240384626,-431.60306490385665,0.03413300030048076,-0.0014742337740375464,-0.47269381009601596,-508.3101712740763,0.154568359375,0.20362079326922947,6.7610051081735065,-348.97085336534855,0.030538705679086536,-0.0035691481370198033,7.166748046875104,-504.4414813701743,0.13786815467247596,0.15043288010817266,2.1545410156251674,412.1657151442457,0.02120893742487981,0.0,1.9022310697114364,59.175931490393346,0.13786815467247596,0.15043288010817266,2.1545410156251674,412.1657151442457,0.02120893742487981,0.0,1.9022310697114364,59.175931490393346,0.202862060546875,0.010367607703575716,0.16381965519831732,0.009120282451923072,0.1822140315129207,0.024269614195212338,0.13786815467247596,0.02120893742487981,60.08710732423171,80.98570093400234,156.4202037145428,135.52161010477215,111.54343355799007,88.78198173748315,65.96398809485316,143.1992395364784,171.16218766414167,53.24880093020892,137.4058055425649,175.39592542585152,154.09534419995867,161.45554568346543,29.190429069653543,2.55487775175302,174.84061190169476,165.41580400140904,174.43252107920006,6.412206731238786,22.55170590319602,0.8017824063063499,37.18401984899003,58.933943345879726,-2.867676995115473,-1.6472255221677374,-3.199824395204251,2.8001840385728256,-4.115262160651763,1.241264639780436,-3.744172094487516,-4.305167420969488,-2.407097155132829,2.5843971445254943,-1.9795599556550618,1.7148240238530406,3.3604585807663203,4.672013615870614,2.0868814790976558,2.490150467846402,-736.2621064659924,638.4866349391858,-5731.55134348464,-7106.300084889816,-1.2839873042378869,135.45235037414932,-430.5933733582265,249.97949750190477,314.7822389262332,-387.0668459004406,429.93280452552676,134.05553263640704,318.75956186444074,-348.12550337251315,120.55551551939101,-187.41936814996976,100.03376426719859,-27.989572627457157,365.8734440400036,276.3336508855405
23,-,stance,0.115,0.20194452373798077,0.1461162860576934,-6.343336838942621,2597.0177283653393,0.02013317871093749,0.04924128605769277,0.780498798076957,-984.8257211538564,0.19730376727764423,0.2422363281249983,-16.81997445913465,3530.536358173118,0.009627798227163462,-0.11176194411057654,17.41652268629797,-168.81385216346243,0.2092744891826923,0.3166973407451929,-16.7104867788462,7771.409254807692,0.0064190767728365405,0.027839543269231378,-3.9834359975962665,-291.3536658654003,0.21096993314302884,0.2995924729567312,-27.290978064903634,11622.74639423076,0.004726205679086534,0.007910156250000315,-2.1579214242788156,728.7128155047948,0.16577550330528845,0.1961688701923068,-3.343411959134405,-992.4128605768963,0.024108698918269222,-0.00820875901442199,2.027775691105934,-448.25157752406653,0.17005880033052884,0.17462439903846194,3.5372220552887272,-1485.4079026442412,0.01219936899038461,-0.02918137770432655,-0.48236553485570044,236.69433593748343,0.1563357872596154,0.0,-3.090538611779107,920.0063852163321,0.007583054762620195,0.014047475961538628,2.281494140624898,538.7432391826811,0.1627291541466346,0.006394606370191415,-0.6394606370191408,-151.93058894227877,0.0014292555588942268,0.04169640174278851,-2.7945650540864313,-533.3158052884696,0.16658926156850962,0.03130446213942268,-2.4429086538463345,-197.5848858173109,0.0006703913762019231,0.016607196514423248,0.5782376802883357,-31.935471754799643,0.22687774188701923,0.29090482271634854,-5.133150540865554,-2574.4253305289176,0.004897282527043273,-0.006452824519230528,1.7902080829325389,241.18276742787802,0.21095853365384615,0.2443021334134631,-14.738581730769098,-1755.9157151442598,0.02579457444411057,0.003623610276443097,1.9210111177885034,131.00961538459168,0.19387030498798077,0.23091571514423137,-5.39362980769232,-357.4406550480986,0.028786414513221156,-0.021983924278845587,5.659179687499827,-26.169996995199934,0.1749556415264423,0.24033954326923057,-8.052133413461458,-1686.1290564903895,0.034118257962740386,-0.008830378605768924,-3.3544921875002003,-141.05694110579057,0.15569317157451923,0.22045992337740614,-0.2599158653845945,-1065.8240685097032,0.030538705679086536,0.0035691481370198133,1.1954439603366351,-389.3103966346459,0.13866011868990386,0.17793813852163587,3.907470703125031,-589.7310697115619,0.021241727388822115,0.015743314302883758,1.5926419771634963,-61.85208834132239,0.13866011868990386,0.17793813852163587,3.907470703125031,-589.7310697115619,0.021241727388822115,0.015743314302883758,1.5926419771634963,-61.85208834132239,0.20487317833533653,0.010226564847506007,0.16429770132211538,0.009198153921274035,0.18350258538661857,0.024229493752504005,0.13866011868990386,0.021241727388822115,66.16653421958506,81.17178659272783,150.04875906185734,135.04350668871461,109.78157536764212,88.81096134242782,62.49870010738426,147.21586338039683,168.8779732222889,52.700454772420116,137.23034547031256,174.18821772439526,153.73020286003265,161.90062656161476,28.626588060015152,2.6305299914153757,176.64362390198056,167.54360576692025,176.07952751202973,7.810075638505451,16.316845471204186,3.138651247991248,1.110840234812873,14.289034458025833,-3.3066550232619347,-1.7176890555290514,-5.853643201873548,3.2345791091162264,-2.4052799860336416,-0.6140236738709459,-1.3051067974862576,-2.378565702042761,0.3987336091681567,0.3905080815806102,-1.248676921434391,0.5218185308745414,3.418476448136072,3.430325772734306,2.5556378156846242,3.065607021960887,-1286.5556971615479,81.48584764891451,-4318.319537313892,-5686.361082124359,-29.817702847541096,-106.26590376733316,-202.89163902099247,-391.61147226579413,458.4195046719147,-350.00554586020166,511.6220155843681,473.5964408470178,539.9378794350445,-330.1927339722258,102.23482566003815,-176.0949960308032,-200.4703606879412,-551.0123286248141,-45.322990568856866,129.123981337213
24,-,stance,0.12,0.20204296875,0.19016676682692119,10.726036658653623,861.9478665866092,0.020432260366586533,0.029908165564904138,-4.924128605769273,-477.98978365384716,0.19766736778846153,0.26911433293269316,7.072002704327151,1808.2932692307365,0.009546076847956733,-0.049898587740385095,5.628286508413425,-2101.6470102163253,0.21025745567908655,0.36371506911057583,22.176044170672967,3058.049128605769,0.0064190767728365405,-0.004447115384616225,-3.2286658653847575,-161.6210937499792,0.21152687424879807,0.3763577974759621,28.90624999999994,4477.764423076899,0.004805307241586537,0.007910156250000293,-2.896071213942389,-211.89528245192548,0.1665210712139423,0.16659217247596267,-2.6639498197115117,604.7551081730378,0.02407642540564904,-0.0032273512620181713,0.8208759014421981,-68.62229567311567,0.17097885366586538,0.14784968449519362,-7.752779447115256,-1369.854266826978,0.012029343825120192,-0.017002516526441733,2.075195312499921,133.96747295671398,0.1563357872596154,0.004208608774036723,0.4208608774036719,357.99466646641014,0.007684448242187503,0.026723069411056764,4.085975060096048,561.0821063702066,0.1627291541466346,0.0,-0.879845252403644,39.907602163463736,0.0014888352614182698,0.01626915564903879,-2.4246920072115774,638.2117638221015,0.1666183330829327,0.02479529747596019,-0.9416316105770391,-3.6621093749682,0.0006719689002403773,0.02412766676682663,1.1517803485577782,-299.10043569709933,0.22797842172475963,0.16963078425480657,-10.818246694711881,800.7436899038759,0.004897282527043273,0.0064528245192305095,3.2403094951921574,152.15594951924118,0.21195515324519232,0.10106107271634626,-19.847130408653967,2041.804387019229,0.025830810546875,0.019210111177884997,2.8898737980767524,181.54672475960322,0.19488589242788462,0.20803973858173044,-3.902493990384839,368.1640625000102,0.02876081730769231,-0.009417255108173919,2.198392427884557,-377.5728665865042,0.17609282977764423,0.14257624699519342,-14.859713040865403,1381.1035156249807,0.03404469651442307,-0.035019155649039485,-1.8832632211539189,685.6407752404139,0.15677295860877405,0.20102163461538353,-3.897235576923507,310.4717548077219,0.030574397160456734,0.008385291466346527,3.273644080528652,333.5524338942119,0.1396475360576923,0.1895075871394229,-3.74276968149044,-382.43689903846865,0.021366370567908646,0.015926419771634934,1.2837101862982137,-2.1033653846290727,0.1396475360576923,0.1895075871394229,-3.74276968149044,-382.43689903846865,0.021366370567908646,0.015926419771634934,1.2837101862982137,-2.1033653846290727,0.20537366661658657,0.010300680307241586,0.1646366398737981,0.009190204326923076,0.18455546530699118,0.02424572910406651,0.1396475360576923,0.021366370567908646,68.10279453830847,82.05110565159268,142.13750352851855,128.18919241523437,110.30598916547252,86.22070450485974,60.62673731874007,147.761693688711,168.13826266288126,52.56826897468791,137.1718560303996,174.03620456623614,154.11301220441894,161.9169605076749,28.266106849054765,2.99643092135066,176.27054466972623,166.36296206373848,175.69930110923275,8.603314636571149,9.686148931580565,1.6166408827954935,-5.999175524148809,2.0703325246362407,-3.1658540235908834,-2.709884559841067,-5.228740785414172,-1.1159306840851082,0.46893288606737427,-2.2587908188215744,1.3720480613561559,0.4307969875006808,2.992281639217606,-0.7175301951967576,-0.9572116990546822,-0.04612593645498815,1.3557549738869124,-0.8381096703775174,1.633651573409088,3.7813902812185294,-889.7075757976676,-128.75023203090592,612.4827050321477,-148.47463873461834,-302.58453886476826,185.77451716935937,287.34142358494694,-471.1203642790097,66.96891899865386,-150.95919317090159,221.16029604489106,285.06707106720444,355.91538356608254,-225.45858542060563,84.40917004775915,-163.3359013314449,-248.10474806797487,-630.9183328802968,14.328649611660525,233.8063330925451
25,-,stance,0.125,0.20384619140625,0.2533766526442297,2.2761418269234786,-1149.6769831730244,0.020432260366586533,0.0,-3.9993990384615192,370.2392578125023,0.19999491060697117,0.31295635516826986,1.262958233172733,-177.00195312502632,0.00912881234975961,-0.05547907902644223,-3.5999474158653006,-1093.4589092548022,0.21291163987379808,0.5384577824519228,13.870004507211519,-3652.0808293269242,0.006374605618990378,-0.004447115384616225,-5.59964693509606,-655.3955078124732,0.21473351111778846,0.5886549729567309,17.48666616586539,-4574.89483173077,0.004805307241586537,-0.0210505558894236,-4.276874248798072,322.78207632213616,0.16744142503004808,0.16952937199519166,2.704139122595978,717.6795372596276,0.02407642540564904,0.0,1.3415527343747766,314.3310546875045,0.17153729717548077,0.09709660456730931,-10.161320612981065,821.1200420672775,0.012029343825120192,-0.00842942457932732,0.8573091947114405,-123.22528545671886,0.15637787334735576,0.004208608774036723,0.4894080528849977,540.98745492792,0.007850285456730763,0.05490722656249914,7.892315204326969,-211.17225060093742,0.1627291541466346,-0.002403846153845033,-0.24038461538450306,112.0229867788146,0.0015919471153846149,0.017449481670672715,3.587552584134589,549.692007211541,0.16683721454326922,0.02188814603365228,-2.4795297475960165,-30.010516826882835,0.0009116680438701896,0.02812500000000104,-2.4127666766826605,-175.93149038463892,0.2285740497295673,0.18272235576922963,2.8742863581732117,854.8302283654166,0.004961810772235578,0.02595027043269108,3.311767578124952,1397.5923978365688,0.2119691443810096,0.04583082932692324,5.679462139423209,3532.8650841346102,0.02598667555588942,0.03252234825721065,3.7364783653845373,-217.82038762016495,0.19595070237379808,0.19189077524038295,-1.7119891826922153,-370.34254807687773,0.028692241962139417,0.0,1.8834510216347822,909.8275991586523,0.17638140399639424,0.09174241286057641,5.758901742788361,2882.8124999999973,0.03376806640624999,-0.02766301081730813,3.5019155649039453,598.2947716346285,0.15770338792067307,0.18148756760817103,2.8448016826926272,953.8292518029604,0.03062255859375,0.036305588942306365,4.530968299278757,-249.71829927880526,0.14055519456129809,0.14051044170673144,0.08310171274034099,1545.982947716324,0.021400991586538465,0.028580416165865905,1.5716083233172056,-341.9001652644458,0.14055519456129809,0.14051044170673144,0.08310171274034099,1545.982947716324,0.021400991586538465,0.028580416165865905,1.5716083233172056,-341.9001652644458,0.20787156325120193,0.010185246394230765,0.16498459284855768,0.00929193396935096,0.18518898049379007,0.024238724146133813,0.14055519456129809,0.021400991586538465,71.18513291243812,83.22192862405967,151.29629643150298,139.2595007198815,108.77745516944145,86.63468990299603,59.9898393640164,144.8249403870191,170.597365321402,51.699215103515925,137.88774329279389,175.0461863369508,155.899916917176,161.2898426795272,28.269468343937785,2.32688278273786,177.8598924065914,167.15320911913312,176.24767318574638,9.281239255942515,7.4197697132275025,1.8511489276821875,7.2356672851343555,12.804288070679648,-6.33250041190962,0.14005611616454405,-2.980228966024076,-1.4766245336738746,-1.7355907960471024,-2.123615605579963,0.9064961629626548,0.47210500862928617,3.9578874448289856,-1.8640777726254483,-0.4045852209567987,-1.111540482439909,0.9374289674563211,-2.8788575560686676,2.6989243118012296,5.40367035288634,-137.7164934533456,260.7179735216931,2410.479214978767,2012.044748003726,-570.3737989441116,555.940235384197,440.632403268603,51.05376057880743,-506.1197274073316,-18.435457781328363,121.28739886701356,189.4408172465264,142.55383708729565,-202.25318372967448,146.28822280321725,-201.47570821275536,-9.005854184902509,-255.43909027499322,252.49027437059772,297.447802247936
26,-,stance,0.13,0.2045767352764423,0.212928185096156,-0.7707331730766314,503.0987079326235,0.020432260366586533,-0.010085824819711089,-1.2217360276442468,479.4827974759483,0.20079693134014423,0.2817439152644205,5.301983173076886,1177.4526742789267,0.00899128605769231,-0.08589806189903813,-5.306302584134605,855.0086388221064,0.21564203350360578,0.5024151141826911,-14.344764122596308,-3014.516977163429,0.006374605618990378,-0.06044358473557687,-9.782620943509494,422.58864182690735,0.21741342397836538,0.5512244591346162,-16.842698317307804,-3316.8569711538566,0.004594801682692301,-0.034858586237980466,0.33174954927897543,-130.69974459136338,0.16821636493389422,0.19363356370192247,4.512845552884771,49.39152644235634,0.02407642540564904,0.010188176081729608,3.9641864483172458,211.96101262023674,0.17194981971153847,0.046236478365382874,0.45842097355752554,2270.3575721154425,0.011945049579326919,-0.00842942457932732,0.8429424579327313,56.199293870212905,0.15637787334735576,0.009102689302886704,5.830735426682876,629.9109825720377,0.008233520507812495,0.10564622145432652,1.9742525540866713,-1226.9381009615347,0.16270511568509616,-0.002403846153845033,0.24038461538450306,439.321664663429,0.0016633300781249971,0.05214468149038471,3.072228064903837,-788.9310396634571,0.16683721454326922,0.0,-1.2417367788458678,599.7220552884656,0.0009532189002403879,0.0,-0.6075345552886127,503.32406850961416,0.22980564528245193,0.1983736478365387,-2.2699444110577067,-236.0088641826956,0.005156785231370184,0.03957050030048006,17.216233473557857,1096.8674879807893,0.21241346153846155,0.1578556941105784,15.481520432692161,392.70958533650537,0.026156034029447106,0.0565748948317304,0.7116699218751008,-854.1447566105644,0.19680480018028845,0.19091984675480828,-7.605919471153619,-197.52854567308347,0.02876081730769231,0.009417255108173919,11.296668419471088,842.7170973557453,0.17701025390625,0.20016526442307708,13.968411959134595,-29.12785456730977,0.03376806640624999,0.0,4.099684495192372,-194.20447716346354,0.15858783428485576,0.22946965144230982,5.641056941106105,-317.66451322119747,0.0309374530498798,0.05369497445913413,0.7764610877405973,-764.8362379807478,0.14105264047475963,0.1903386042668263,11.717059795672814,584.0501051682779,0.021652174729567306,0.031642503004807004,-2.135291466346247,-466.5527343749852,0.14105264047475963,0.1903386042668263,11.717059795672814,584.0501051682779,0.021652174729567306,0.031642503004807004,-2.135291466346247,-466.5527343749852,0.20960728102463944,0.01009823843149038,0.16521727764423075,0.009374308894230767,0.18594577261117787,0.024405221792367784,0.14105264047475963,0.021652174729567306,71.7177722368202,81.71435988984506,144.86084320213976,134.8642555491149,107.10585153300275,86.30030472951816,59.48530546305647,143.6720189770394,170.24883182242507,50.36746517747184,139.10678461622794,175.27844228961808,157.068983414065,160.83298600981377,27.90222307203952,2.7792403158817525,175.95471453881152,164.36559624274415,177.0724156160209,11.440774227970005,8.308983997047108,4.223820618012427,18.10561662563888,22.190780004673517,-8.869592013032005,2.849517794000908,-0.8224167527281382,-0.6053930782970335,-4.592264388005947,-2.443145396634858,2.5849220500262926,2.3252051599659462,4.417820010090564,-2.7400620324935043,0.5056705289774917,-2.0608830185825435,1.2656964320378872,-3.392500573127452,4.158554317115067,6.755868303697892,226.37135106683368,716.0887528714829,1171.649157068331,681.9317552636838,-226.35633693637257,278.5678685977406,361.77558673677606,-21.941823142013163,-287.62223193340157,5.272146578303434,320.3897989562682,408.93424898439093,14.865424662144898,-94.77510918605583,163.18198797371258,-128.96480497259455,10.904488106655542,-130.93549120266593,55.83385848526565,68.7090328219924
27,-,stance,0.135,0.20597547325721155,0.24566932091346338,7.307128906249718,582.5195312499377,0.02033140211838942,-0.01221736027644248,0.7954289362979678,245.16413762019909,0.20281234975961537,0.36597618689903877,13.037484975962009,-207.46319110578622,0.008269831730769228,-0.10854210486778833,4.950138972355772,1616.0513070913473,0.217935791015625,0.39501014122595957,-16.2751652644228,611.9290865385034,0.005770169771634609,-0.10227332481971126,-1.373760516826983,998.3755258413357,0.22024575570913463,0.42022798978365267,-15.681903545673206,1487.173227163486,0.004456721379206732,-0.017733060396633842,-5.583871694711707,-1426.7296424279082,0.1693777606670673,0.21465782752403942,3.1980543870195417,-110.95252403847441,0.024178307166466337,0.039641864483172494,3.461162860577146,-531.6162109374877,0.1719996619591346,0.10168081430288457,12.542255108173379,-261.3807091346179,0.011945049579326919,0.0,1.41930213341357,-26.658278245189237,0.15646890024038462,0.06251596304086554,6.78851787860538,-590.3789813702083,0.008906747671274029,0.07464975210336587,-4.37706580528839,206.5711388220971,0.16270511568509616,0.0,4.15283203124979,367.20628004807804,0.0021133939302884625,0.04817176231971111,-4.3017578124999885,-387.8643329326825,0.16683721454326922,0.009470778245193592,3.5176908052886446,197.6224459134256,0.0009116680438701896,0.02204965444711491,2.6204740084134857,86.54785156252116,0.23055778620793269,0.16002291165865254,0.5141977163462537,1316.8381911057872,0.005357515775240379,0.19811260516826978,14.280442457932855,-3659.3956580529148,0.2135477013221154,0.20064603365384498,9.606557992788266,-846.9050480769064,0.026552424504206723,0.03963904747596166,-4.804969200721113,-187.34036959135184,0.19785990084134616,0.11583158052884669,-3.687274639423052,1949.1999699519104,0.028786414513221156,0.11296668419471097,10.310621995192243,-2152.137169471144,0.178383056640625,0.2314265324519225,5.467623197115263,-1142.934945913439,0.03376806640624999,0.013333834134615629,1.5598707932693083,-195.0965294471151,0.15999808443509617,0.23789813701923213,-0.33184344951935035,-595.6186147837147,0.031159508338341343,0.044070199819712344,-3.1173940805287277,-387.87372295676147,0.14245858060396635,0.2576810396634597,5.9236027644231255,-1264.9113581730237,0.021717416616586535,0.007227501502403416,-3.0939190204326503,262.13191105771375,0.14245858060396635,0.2576810396634597,5.9236027644231255,-1264.9113581730237,0.021717416616586535,0.007227501502403416,-3.0939190204326503,262.13191105771375,0.21174234243539664,0.009707031249999998,0.16547773061899038,0.009611033278245187,0.18713418500851364,0.024556891025641025,0.14245858060396635,0.021717416616586535,75.30520120688125,84.69042297866615,159.76261531020862,150.37739353842366,102.09694657909357,88.97209984830613,58.517495710993344,148.76740748091882,163.7841432354875,51.25103222440068,136.8535690129611,173.75746873545668,157.57733904168208,159.78048738780825,28.295041068604622,0.9371232448320163,178.5707757357519,164.5925799544521,179.34552217398542,14.260841200117264,9.683483223895841,9.012036456397023,18.952158855817675,19.623605623316493,-8.596063781273347,2.9257348021419523,0.6375269013436874,-1.6960427650940064,-4.61181311538112,-2.0708941397969287,4.110394152525339,4.561447498473199,4.106541691450435,-2.8118288644860074,1.2272346587803284,-2.4011885321658557,1.0464738485228766,-4.188212468095328,3.2572628966538866,6.090760681106264,164.44199880459948,916.4765559998714,-302.5365303042801,-1054.5710874995343,-27.095344645822703,87.3602658192915,237.5384135773633,-410.6862193890379,233.41272698514098,85.02728362414067,143.98420172396095,201.83610084062428,-211.43206683175214,100.98219906351402,83.2744832607563,14.060182666040687,-72.31751619565642,-34.86034041282983,-302.04142819737154,-358.0938548873031
28,-,stance,0.14,0.20703342848557693,0.28599947415865323,5.054462139422751,-1058.5561899038103,0.020310086763822108,-0.0021315354567314026,1.2299053485577462,-36.91218449516905,0.20445669320913462,0.4121187650240407,3.227351262019022,-2428.5231370192982,0.007905865009014426,-0.03639667217548037,10.854210486778884,-26.432917668277636,0.21959213491586538,0.339663461538463,-8.225473257211268,619.7415865384271,0.005351872370793265,-0.07418118990384671,0.201134314903872,-408.29702524037407,0.2216157038762019,0.39440542367788395,-1.9709660456729319,36.752554086567805,0.0044174710787259625,-0.09069730318509758,-13.935546875000119,270.46086237984514,0.17036294320913462,0.22561410757211792,3.403320312500026,-385.5919471154585,0.024472844050480766,0.044799804687501096,-1.351975661057636,-559.4858022836889,0.17296662785456732,0.17165902944711678,-2.155386117788656,-1758.0566406250573,0.011945049579326919,0.005763596754808391,0.5763596754808387,-199.5661808894418,0.1570030329777644,0.07698786808894056,-0.07305438701921164,-663.8277493989758,0.008980018028846154,0.06187556340144258,4.0399639423076446,1024.8835637019185,0.16270511568509616,0.0391244741586529,3.912447415865287,-806.5279447115115,0.0021450477013221086,0.009127103365384791,-0.8064152644229914,1005.2959735576842,0.16693192232572115,0.03517690805288648,0.73448768028839,-792.442908653885,0.0011737154447115372,0.02620474008413488,0.2579439603365997,-294.0767728365527,0.23140587439903845,0.20351562500000125,10.898437500000178,936.7112379807609,0.0071379112830528835,0.18237492487980875,-19.377723106971324,-3295.1472355769615,0.214419921875,0.25392127403846115,7.012469951923089,-1228.2902644230633,0.026552424504206723,0.008525202824519225,-1.1617337740384193,596.6233473557744,0.19796311598557692,0.15404710036057773,11.886080228365502,1420.9172175480714,0.02989048414963942,0.11252347506009644,-10.22470327524037,-2031.4565805288526,0.17932451923076922,0.25484149639422976,2.5390625000001976,-596.1538461538036,0.03390140474759615,0.015598707932693096,2.1487192007212195,290.51795372594853,0.16096681565504808,0.22615121694711632,-0.3151292067310477,-220.8721454327023,0.03137815504807692,0.022521033653846827,-3.102276141827021,292.771559495168,0.14362945087139423,0.2495746319110576,-0.9320537860574339,-553.955078125003,0.02172444974459134,0.0007033128004804744,0.4860276442308927,792.1048677884702,0.14362945087139423,0.2495746319110576,-0.9320537860574339,-553.955078125003,0.02172444974459134,0.0007033128004804744,0.4860276442308927,792.1048677884702,0.2131744901216947,0.00949632380558894,0.16599392841045674,0.009743334960937497,0.1879516163361378,0.02509747157952724,0.14362945087139423,0.02172444974459134,78.2648176960416,87.84282414195975,164.79244719374307,155.21444074782494,101.74079210533003,88.78125485686007,60.685450703797834,142.77863254482565,167.05796371356666,48.816994254883355,142.64918402533678,179.321655432773,160.0292633167118,158.71649609741638,29.10971773842467,0.8437934882076723,177.73523325158183,163.09231228334204,179.7494804583918,15.236194914839286,9.953403985093104,13.388586178011149,15.080251322596077,11.645069129678165,-9.140545459490232,3.723120452193824,1.5529673830454966,-4.712255272187416,-2.2581371181545347,-1.5928725603934508,4.024764067265903,4.343566168372191,2.3034993417730405,-1.7302400418583632,1.3384153615850554,-1.9202811919221365,0.5425212700813223,-3.7411039772557504,1.1381400351413493,3.174929754824858,-233.9512667391927,544.344139303401,-1106.357214147908,-1884.6526201905017,-1.5780843007817753,-52.55123390609759,113.5752810813555,-240.31314684143194,72.6085475532037,85.19841342506307,-164.5010484883753,-337.6749487919651,-486.6540217970324,285.82100298622953,-57.539294917844586,158.58774624136154,-183.8858201118139,278.700572099898,-557.9460240532106,-428.8835807720406
29,-,stance,0.145,0.20883546799879807,0.29621394230769066,-3.278432992788335,-1202.0169771634053,0.020310086763822108,8.169320913492533e-05,0.42630709134627903,35.22198016826715,0.20693353740985576,0.39824969951922884,-11.247746394230862,-2083.308293269189,0.007905865009014426,0.0,4.685809795672997,-980.8067908653912,0.2213324256310096,0.31275540865384727,-10.077749399038558,-861.1027644231315,0.005028357872596145,-0.10026198167067255,-5.456730769230704,-37.184495192313136,0.22418980994591345,0.40051832932692344,-15.31437800480753,-2546.349158653864,0.0035497483473557606,-0.15708852914663438,-2.8792630709132685,2312.2464693509664,0.17163390174278847,0.24869103064903952,-0.6578650841350253,-348.68915264427244,0.024626305213341346,0.0261221078725962,-2.1336951622597176,0.8451021634583659,0.17371625225360576,0.08012695312499811,-5.0383112980771125,830.8293269231314,0.012002685546875003,0.005763596754808359,-0.5763596754808387,-352.8958834134865,0.15723877892127403,0.06178541917067343,0.15024038461565317,159.0763972355854,0.009525503305288452,0.11504939152644213,5.871769831730749,-280.36733774038254,0.16309636042668268,0.03912447415865269,-3.912447415865287,-792.8560697114951,0.00220466496394231,0.040107609675481236,5.751201923076806,469.39791165863306,0.16718898362379808,0.016815655048077457,-4.406738281250168,-241.6053185096132,0.0011737154447115372,0.024629094050480894,-0.3202937199520279,-251.57752403846771,0.2325929424579327,0.2690072866586538,9.88131009615382,-378.71844951923254,0.007181265024038458,0.0043353740985574395,-18.671029897836604,758.178710937524,0.2160869140625,0.27077073317307554,-2.676344651442309,-1130.3523137019,0.026637676532451915,0.028021709735577525,1.161264272836603,-148.78493088943296,0.19940037184495193,0.23469238281250115,10.521897536057597,-803.9175180288889,0.029911649263822115,0.010719651442307734,-10.003943810096189,954.0827824519207,0.1809314716045673,0.25681715745192435,-0.4939152644227447,-2.4977463942716027,0.03392405348557692,0.03482102614182772,4.46505033052878,-61.03515625001496,0.16225959660456732,0.23474684495192166,-2.540564903846363,-47.025240384578915,0.03138471867487981,0.013047438401442278,-0.18967848557706143,320.1434795673122,0.14495432692307691,0.24836050180288538,0.3840519831731223,64.15264423073648,0.02172444974459134,0.01208777794471232,4.827129657452014,393.26359675478795,0.14495432692307691,0.24836050180288538,0.3840519831731223,64.15264423073648,0.02172444974459134,0.01208777794471232,4.827129657452014,393.26359675478795,0.21532281024639421,0.00919851449819711,0.1665748553936298,0.00990657489483173,0.18937093724959939,0.025127302120893428,0.14495432692307691,0.02172444974459134,81.28276904466574,92.58401398503256,163.94105389289496,152.63980895252817,99.36696934434725,89.18270745977239,59.88552214646642,142.80304404982533,165.8611106078279,49.69008120524224,141.41059099593372,178.84352389778658,159.99826223396795,158.5731547924813,29.171434670161357,0.13499054916243658,177.87812974055626,161.22748613475724,179.1694308456602,15.955065000621712,7.343970556503925,14.455477849431007,7.888586714338645,0.7770794214115633,-8.611844624281165,2.4002224630809788,1.773279712157237,-4.099174233508315,-3.8857276398490868,-1.218910005546302,2.465383667641594,1.1846980105535632,-0.7599985265198665,0.04638116537627464,0.6518417096018853,-0.8153110697522477,-0.7923843525952539,-1.4012067470963605,-2.322197343878194,1.801924873385878,-618.3979397042206,-63.50812528937174,-388.83396488845426,-943.723779303323,-64.89180405830173,-181.1959341486653,-43.24363819261679,637.3329473685689,-840.1770473829124,116.4659775276784,-387.9333995449989,-673.3923921828667,-577.9016405630213,343.3613050680909,-167.38463467062414,170.66860979026023,-89.44492369374238,569.4160782274438,-437.17648881881996,-191.3657704145805
30,-,stance,0.15,0.20999556790865384,0.25321514423076985,-6.965707632211312,-712.8530649038556,0.020310903695913457,0.002131535456731391,1.582125150240418,143.70492788459651,0.2084391902043269,0.299641301081732,-17.60573167067289,-255.93449519232075,0.007905865009014426,0.010461425781249636,1.0461425781249627,-565.7207782451828,0.22271968900240385,0.23888596754807734,-16.83650090144259,-569.9181189903824,0.0043492525540865384,-0.1287484975961538,-0.17071063701925973,535.5318509615375,0.22562088716947115,0.2412616436298085,-27.434457632211593,479.9992487980672,0.0028465857872596173,-0.1194899338942303,9.186917818509565,1174.260066105748,0.172849853515625,0.21903545673076766,-0.08357121394270133,874.4741586538919,0.024734065129206728,0.0234628530649039,-1.3435246394230522,13.512244591356792,0.1737678973858173,0.12127591646634561,6.1529071514426645,1017.5405649038917,0.012002685546875003,0.0,-2.952599158654029,-342.0410156250013,0.15762088716947115,0.0784902719350971,1.5177095853366436,1092.6325871393765,0.010130511944110576,0.12059326171875012,1.2362905649038167,-877.1127554086457,0.16309636042668268,0.0,-4.016113281249671,225.54837740385182,0.0025461237980769214,0.0666391225961529,3.8875638521633435,-516.28230168267,0.16710007887620193,-0.008890474759615232,-1.6815655048077442,253.7935697115592,0.0014200063852163464,0.0230018028846146,-2.2578312800480798,-116.88701923075018,0.234095947265625,0.30232872596153954,7.111253004807849,-1190.692608173102,0.007181265024038458,-0.0043353740985574395,-11.795935997596077,777.9916616586585,0.21712762920673076,0.22715782752403804,-4.2910531850959215,136.7563100961722,0.0268326416015625,0.020137845552885263,-2.6495830829327502,-317.5048828125125,0.20031003981370193,0.2592660757211538,3.8469050480766063,-1460.0736177884532,0.029997680664062498,0.01248403695913446,-0.6838754507211542,836.7450420673119,0.18189269080528847,0.2499023437500023,2.5140850360574816,478.02734374992184,0.034249615009014425,0.06024921123798094,1.5383676382210694,-661.1609825721123,0.1633142841045673,0.20074556790865267,-0.7853816105768373,931.490384615412,0.031508629432091345,0.02062424879807621,0.09915865384610414,-14.892578124979629,0.14611305588942308,0.25341515174278884,-0.29052734375006856,-311.2980769230797,0.021845327524038463,0.04897460937500066,4.418663611778776,-649.9211237980928,0.14611305588942308,0.25341515174278884,-0.29052734375006856,-311.2980769230797,0.021845327524038463,0.04897460937500066,4.418663611778776,-649.9211237980928,0.21669383357121394,0.00885315176156851,0.1668870154747596,0.010166678560697116,0.1904756078475561,0.02526919320913461,0.14611305588942308,0.021845327524038463,82.84884560307151,96.8340533328954,166.60344726289338,152.61823953306953,94.1243884494614,92.48926977393818,60.78663333068286,141.53661223559467,164.29041265712203,49.19046994624804,141.46782247096255,177.65842741179426,158.6074839336219,159.06625504685002,29.326396014111772,0.28065277828665747,177.57988590615938,161.30020600394826,179.20482555960015,15.203852683524621,3.7694245880508923,12.753504925117431,11.19191167371153,2.207831336644926,-9.78946350007325,1.9111611107071695,1.1205310011193284,1.661074201498279,-10.659907591983666,-0.4282127851166658,0.14543007181591058,-2.3903577534564824,-3.4755170638571777,1.7033730088225492,-0.3354309851211876,-0.21359509401953253,-0.3519279668561023,1.9530568050186918,-3.2336248530468543,1.261272050679051,-585.3240533643079,-303.650902761336,-248.80024364897176,1404.8013742498463,-2.4298999213501182,-195.89322422669272,385.95357180406893,417.49935745163316,-1001.7760534037494,85.79669265835295,-197.66398074399802,-372.97468427888543,-325.0013164092408,232.9029862304739,-169.00906601448244,185.436061439583,169.40802118334346,492.8206105186952,11.191821967044769,-152.1428860710458
31,-,stance,0.155,0.21136761944110577,0.22655686598557748,-10.406963641826898,562.0304987980477,0.02033140211838942,0.01590294471153912,1.8633563701922453,-248.12199519232072,0.20992995042067308,0.22219238281249978,-13.807091346154072,1216.7405348557616,0.008010479266826923,0.010461425781249636,-0.9713979867788363,-155.54574819710803,0.22372128530649038,0.1443903996394212,-15.776930588942387,941.0682091346689,0.003740872896634606,-0.10196908804086514,-0.10141225961532432,-827.909029447111,0.22660242638221154,0.12617375300480727,-10.514385516826854,2562.687800480794,0.0023548490084134566,-0.06521935096153864,8.863337590144221,-1353.4780649038337,0.17382425631009615,0.2478553185096125,8.086876502403902,33.91676682701344,0.024860933743990385,0.012686861478365664,-1.9985727163461495,193.14340444710697,0.17492901141826922,0.1416560246394248,5.137094350961814,-41.97340745198904,0.012002685546875003,-0.02376239483173196,-3.996769831730855,304.42457932695817,0.158023681640625,0.07696251502403988,11.076566256009427,1896.005483773994,0.010731435922475954,0.1274122971754803,-2.8993577223557168,-1147.4045973557636,0.16309636042668268,-0.0010366586538440572,-1.6569636418267668,256.6481370191714,0.0028710561899038395,0.0789832481971147,0.5883789062501014,-512.2258112980602,0.16710007887620193,0.0,-1.8688025841345737,-892.5593449519127,0.0014037334735576834,0.002050781250000076,-1.4891639122595308,205.27531550480703,0.2356162297175481,0.34011981670673236,-2.02561598557721,-1982.0838341346687,0.0071379112830528835,-0.11362398587740342,-10.891113281250012,1765.343299278836,0.21835849233774038,0.2278602013221163,-1.3087815504805855,98.25721153841603,0.026839054987980768,0.0015258789062499987,-2.0137845552885247,234.44073016827485,0.20199303260216347,0.27316143329326725,-4.078838641826947,-374.0422175480256,0.03003648963341346,0.0038808969350961862,-1.636493389423063,81.80588942308088,0.18343049504206732,0.2819580078124992,4.286358173076478,-1398.4374999999839,0.03452654559795673,0.05020470252403843,-2.146559495192348,-446.1951622596177,0.16426705228365385,0.22689302884615328,6.774338942307766,1022.1792367788555,0.03159096116286057,0.01403902493990332,-0.33860426682685785,864.3423227163555,0.1474884784405048,0.2454552283653847,-2.7289287860576774,186.25112680287182,0.022214195838341347,0.05627441406250012,-1.6720815805289195,-531.3157301682761,0.1474884784405048,0.2454552283653847,-2.7289287860576774,186.25112680287182,0.022214195838341347,0.05627441406250012,-1.6720815805289195,-531.3157301682761,0.21790532038762017,0.008609400822566102,0.167394677734375,0.010373968975360573,0.19185896340394634,0.025390859750600958,0.1474884784405048,0.022214195838341347,83.34452883253188,100.54632993624786,171.51109699269563,154.30929588897965,94.91067971115011,89.3897634420391,61.464356386191845,142.96346629808576,159.87262046891163,48.78240456531386,142.27261293842568,177.45704263650333,157.69277718459946,159.51045178912335,29.198796159040928,0.09884745614002778,177.36411470649705,163.97618924882966,175.89861386275572,17.39046413877161,1.4907300228608409,11.418968821817645,5.4005842778489255,14.82509316391004,-8.636143623494666,0.4412902208140497,5.63281543019793,0.07581934100802094,-13.90348817388659,-0.3609430789627718,0.4887438602016121,-2.545048832235295,-4.010011690612277,2.375411027681016,-1.0382489505429406,1.0390495446435841,0.9016958592381822,3.526999358090596,-2.210279124207746,0.28049601267541835,-465.7713633188401,-210.64776771784162,-2047.0706522108103,2100.053128797371,248.9605687610203,-129.6472309809602,1281.8244355789732,-359.5803312795136,-802.930766519408,84.86878042870279,4.569525778079779,129.9165740507344,202.67453319542346,-121.58568356942268,-40.61058178202452,223.163733820673,250.67365371437012,153.99075088492228,243.7166251126706,-206.2977680762148
32,-,stance,0.16,0.21226113656850962,0.14914550781250077,-1.3454026442308298,2086.3318810095902,0.02046993314302885,0.02076509915865386,-0.8990948016827912,-393.9866286057626,0.2106611140324519,0.16157038762019113,-5.438326322115262,1002.3475060096624,0.008010479266826923,0.0007474459134612637,-0.5093149038461189,152.8414212740438,0.22416359299879807,0.08111666165865332,-7.425818810095893,1098.9896334134799,0.003329561673677886,-0.12976262019230705,-8.449800931490378,-5.295973557709044,0.22688262469951923,0.13611778846153988,-1.8075796274036298,-309.73933293271193,0.0021943922776442304,-0.030856557992787997,-4.3478628305287845,-1834.3411959134644,0.17532840670072114,0.29990422175480674,0.2555964543274334,-2266.3574218749977,0.024860933743990385,0.0034771259014423875,0.5879094050480193,392.0898437499976,0.17518445763221155,0.1726468599759638,5.733173076922774,-1600.7549579327663,0.011765061598557683,-0.039967698317308585,0.09164663461555525,799.3539663461703,0.15839051231971155,0.18925593449519146,20.4777644230766,-1604.9522986778488,0.01140463491586538,0.09159968449519293,-10.23775540865383,382.1645883413373,0.16308599384014424,-0.016569636418267683,-1.4496319110579554,477.1259014422756,0.003335956280048069,0.07252291165865392,-1.2346942608172626,-378.03297776443804,0.16710007887620193,-0.027578500600960985,-10.60715895432688,-322.26562500001137,0.0014405141977163471,0.008110163762019278,-0.2050781250000074,-13.286884014432308,0.23749714543269232,0.2820725661057674,-12.709585336538856,-600.3981370191736,0.006045025165264423,-0.11324650691105766,5.857496995192297,1710.6651893028884,0.21940623121995192,0.21407001201923218,-3.3084810697117604,-45.97355769234109,0.026847900390625,0.0,-0.30517578124999944,-197.03087439903956,0.2030416541466346,0.21847768930288428,0.10648287259634727,865.5160757211323,0.03003648963341346,-0.0038808969350961862,0.13418344350965541,294.40542367788123,0.18471227088341347,0.29276592548076713,-11.470289963942369,-2156.4941406249313,0.03475166203425481,0.03878361628605744,-2.9235839843751115,233.83037860577545,0.16558321439302884,0.2684889573317304,9.436410757211727,-20.50781250001455,0.03164901968149038,0.01723820612980763,8.742581881009666,875.0939002403734,0.14856760817307693,0.22612586388221204,1.5719839242786513,1077.5146484374968,0.022408071664663465,0.03225379356971145,-0.8944936899039898,262.20703125000233,0.14856760817307693,0.22612586388221204,1.5719839242786513,1077.5146484374968,0.022408071664663465,0.03225379356971145,-0.8944936899039898,262.20703125000233,0.21849211707481972,0.008501091590294472,0.1678178898737981,0.010561420147235573,0.1931346873747997,0.02528969476161859,0.14856760817307693,0.022408071664663465,82.68222151082013,101.8021683770006,176.45988320154837,157.3399363353679,89.37023347098027,91.85924284298503,61.03266737940362,145.47338653268258,154.72342240187905,48.988627335189925,142.03713796272493,176.5994143700733,156.36077458453883,160.7070816310353,28.5057928565843,0.5127936588695042,177.6443286698368,163.7006665315759,177.4621057430504,15.968762736340992,-0.8882890451375128,10.647027247939013,-9.27879484839659,23.20836262461865,-7.299857812463045,0.6146888008975665,13.93877535690907,-1.9347291112968605,-18.689215257177754,0.42047501917036284,0.19112532959670842,-1.0911920129491373,-1.4487717319029412,0.4875161731283213,-0.7415368029414331,2.0180422441871997,2.154808570287601,3.492964313867916,-0.7964586019201463,-0.8017056300830987,-569.0333136333637,-318.3848486324465,-2449.177681851205,582.7776020990592,189.08783287665287,64.75264654597346,1129.4384035044905,-210.0279327894446,-665.5699912924129,93.81339621959067,59.877937258354564,347.04403777160155,448.9869027064223,-398.6997138014107,143.06551538865926,120.55787695202379,86.74867678874139,27.975398426582853,127.37315887946446,-135.65729020611238
33,-,stance,0.165,0.21285907451923078,0.21310283954326917,10.45635516826902,274.7896634615452,0.02053905310997596,0.006911996694711203,-2.076509915865384,-34.33931790863841,0.211545654296875,0.16780911959134712,-3.783616286057439,-81.35516826925901,0.008017953725961535,0.005368276742788443,0.5570162259616032,346.3040865384635,0.22453245192307691,0.07013221153846222,-4.787034254807579,41.25976562496772,0.0024432466947115344,-0.186467097355769,-0.15437199519241482,2063.316932091335,0.22796360426682694,0.10809795673077095,-13.611778846153976,-1219.0880408654277,0.0020462834284855763,-0.10869797926682652,-9.480074368990438,1023.4656700720906,0.17682329852764422,0.25041128305288685,-14.576697716346095,-561.4107572115987,0.02489570500300481,0.01856595552884586,1.92232572115383,-40.03906249999564,0.17665548001802886,0.1989877554086526,-10.870455228365863,-1595.1021634615,0.011603008563701916,-0.022845928485576407,3.996769831730855,285.7008713942063,0.1599162409855769,0.28174015925480606,-4.9729567307690745,-3057.6171874999263,0.011647432767427884,0.025034743088941915,0.9222881610576598,1868.380033052898,0.1629306640625,-0.015532977764423625,3.1142953725959934,446.02614182695476,0.0035962853064903794,0.06663630558894207,-3.191950871394283,-542.8936298076933,0.16682429387019232,-0.10607158954326891,-5.0914588341346905,2121.4317908653743,0.0014848351111778763,0.0,-1.622032752403854,-21.766075721158142,0.23843695537860576,0.2130239633413437,-8.029597355768951,1209.9984975962404,0.006005446213942306,-0.0550490159254804,6.215538611778888,-304.86591045673987,0.2204991924579327,0.19477539062499866,-1.7685171274039968,1088.77328725966,0.026839054987980768,-0.0015258789062499987,-3.984093299278922,-382.8688401442279,0.20417780949519232,0.2742262620192307,4.576322115384383,-461.9704026442437,0.029997680664062498,0.0052227313701927415,1.3075608473557518,-198.4769381009751,0.186358154296875,0.1672551081730754,-17.278583233172853,2011.812650240427,0.034914381760817306,0.020968862680287286,0.19174429086540862,846.5670072115731,0.16695194185697115,0.32125713641827064,6.569260817307621,-1155.7241586538728,0.03176334322415865,0.10146484375000006,8.412334735576884,-1775.6159855769286,0.14974973707932693,0.2611750676081712,8.0462176983173,229.76449819718707,0.02253673377403846,0.04732947716346021,0.949988731971106,-208.1298828124618,0.14974973707932693,0.2611750676081712,8.0462176983173,229.76449819718707,0.02253673377403846,0.04732947716346021,0.949988731971106,-208.1298828124618,0.2192251962515024,0.008261634239783652,0.16862999549278848,0.010645453350360573,0.19436229842748398,0.025342773437500004,0.14974973707932693,0.02253673377403846,84.01176929801814,107.2436605373761,163.3675385350035,173.4005702256386,89.27668689597645,90.57125640651678,69.32158462554091,138.9965936000941,151.52976507685827,49.27150836422964,141.68136431774587,175.52792023725408,155.35226921294498,161.01535900314465,28.207419339188906,1.688844276971613,179.36358799104192,164.8894909340478,177.11296070132065,15.67229207870183,-4.199603113472802,8.235120335493177,-19.091192540663144,20.652869184900638,-6.745265294728136,1.088816686273785,16.927199465242843,-2.024459986886427,-20.559188086810725,0.5771908832331357,1.0875232327851583,0.9253915454807241,0.4798573364519494,-1.611586110333095,0.3924062033436534,2.244628314163823,1.7691826271255968,3.8067533423564246,-0.9365475354131007,-1.0760768893857067,-708.4551085815858,-636.5242789187519,-972.4537214209123,-1234.054221584182,142.4439527640684,-8.072779516334876,329.06441065911406,-387.1610334373525,192.4677960259876,33.16767264047498,119.74819982506247,200.56165462894757,38.74794868938817,-152.9887738427413,161.88660731673883,-52.41012290401259,-197.24663860442215,109.4553722615108,-65.46628916215256,-52.95270614664828
34,-,stance,0.17,0.2143921649639423,0.25370905949519107,1.402493990384625,-1881.6856971153593,0.02053905310997596,0.0,-1.2424879807691755,63.251201923074795,0.21233920522836539,0.1237342247596167,-6.251878004807852,50.01126802880815,0.008064162034254807,0.0063176081730773,2.9537259615385194,601.2150691105686,0.2248649151141827,0.03324631911057749,-7.0132211538462155,164.56956129806468,0.0014648907001201944,-0.1313063401442312,12.183368389422991,956.8528395432928,0.22796360426682694,0.0,-13.998460036057917,553.560697115368,0.0011074124849759642,-0.12565730168269246,5.886793870192132,1829.7494741586622,0.17783251953125,0.15413724459134567,-5.358511117788559,2572.5473257211524,0.025046593299278844,0.022700383112980706,0.1875187800480625,23.315429687504885,0.17717433518629808,0.06394230769230508,-10.217848557692239,2165.1517427885574,0.011536602313701919,0.0,2.94865534855762,-259.3149038461597,0.1612079139122596,0.13952636718750067,-10.098407451922688,1722.6186899038396,0.0116549823467548,0.10082256610576953,8.446044921875163,-908.4942157451976,0.1629306640625,0.014573317307692278,3.0106295072115956,131.83593750002095,0.00400231933593749,0.04060340294471106,-6.663630558894201,-86.83894230768414,0.16603936298076924,-0.07849308894230793,10.60715895432688,1474.3088942307818,0.0014405141977163471,-0.008110163762019278,-0.422738882211589,161.6586538461663,0.23962738506610576,0.20177659254807784,-0.6096003605764394,861.7225060095742,0.005494535006009618,-0.051091120793268725,2.8088378906248956,-408.0716646634708,0.2213539851262019,0.1963848407451922,7.5792518028848495,1043.0063100961577,0.0268326416015625,-0.039840932992789256,-4.133864182692282,618.1828425480953,0.20578391676682692,0.26424091045672815,-4.513221153846094,-550.1615084134152,0.030088716947115388,0.009194711538461344,-1.8505859375000975,-356.4453124999953,0.18638482196514422,0.11998009314903846,8.647836538461918,4223.70793269228,0.03496135066105768,0.04070105919471153,5.542086087740627,-22.329477163462986,0.16879578575721155,0.33418156550480665,-2.120830829327012,-1045.5040564903704,0.03266366811899038,0.10136155348557654,-9.013577974759635,-1854.8490084134569,0.15117935884915865,0.3065880408653851,3.869628906250524,-1261.9441105769504,0.022881366436298067,0.041753680889422516,-2.9757925180286096,-152.20289963940868,0.15117935884915865,0.3065880408653851,3.869628906250524,-1261.9441105769504,0.022881366436298067,0.041753680889422516,-2.9757925180286096,-152.20289963940868,0.21988997239332933,0.0077938795823317315,0.16903695913461542,0.01073620229867788,0.19552087558844147,0.02548704646183894,0.15117935884915865,0.022881366436298067,80.65474873936269,108.43761450179795,158.79793220715987,173.4192020304049,87.21084995364296,92.36434902962215,76.88839507728926,142.17793055623417,140.50887334974163,49.42410946700659,142.38759133396044,177.71192890163252,158.45773673379938,158.39932640776738,29.04316495909875,2.1594150615861443,179.28425572369744,166.3908677139633,176.62146722762785,15.543994273125264,-7.972840130953378,4.281784458751488,-19.003332062605722,10.86782040877682,-5.875418284822359,0.5339610057342177,17.229419463500214,-5.806339445670389,-16.764537296917876,0.752151745575113,1.388607327847334,0.9144245333403404,-1.0612922450090592,-1.042371565299093,0.8773292702259564,1.4939410151470733,0.18234218424337795,4.587518036483025,-1.4511214935416725,-1.331232691549582,-522.4470663295942,-707.5603618442664,834.8765859826084,-2049.403299788289,-5.18764153503763,108.4956953589288,-145.53458317013477,-659.2674572535487,908.1100942475749,71.64312598993253,-73.82382020503422,-213.53341046854743,-472.9797572567633,324.1904634147555,-62.56342241145021,-210.26121797482125,-206.2309377198977,-41.2854547460897,219.12127253115116,-268.08774827137916
35,stance,stance,0.175,0.2153961651141827,0.22712777944711543,-8.360501802884588,47.044020432682096,0.02053905310997596,-0.005512883112980564,-1.4439978966346356,-216.04567307693947,0.21278299654447116,0.10529033954326854,-3.283503605769357,448.2797475961928,0.008081129807692308,0.034905536358173665,6.569166917067294,164.42871093748042,0.2248649151141827,0.0,-3.1413386418269305,627.8921274038581,0.0011301832932692213,-0.06463341346153897,9.414156400240522,-632.0237379807637,0.22796360426682694,-0.031886643629808344,-8.076171875000291,1229.9616887019374,0.0007897104116586506,-0.04983004056490515,8.817420372596201,-497.62432391823745,0.17836467097355768,0.1968261718750012,11.14877554086545,1616.6240985576835,0.025122708834134616,0.020441143329326488,2.155480018028879,91.09262319713176,0.1772949030949519,0.09680926983173012,10.781062199519729,2339.1864483173167,0.011603008563701916,0.00664062499999982,1.4036207932692555,-192.05416165864312,0.16131150465745192,0.18075608473557908,12.253230168269337,1138.8221153845577,0.01265565842848558,0.10949519230769363,-8.162653996394324,-1609.1871995192773,0.16307639723557693,0.014573317307692358,4.432654747596204,724.4403545672857,0.00400231933593749,0.0,-4.060340294471125,666.3630558894232,0.16603936298076924,0.0,9.65163010817314,-237.92442908654513,0.0014037334735576834,-0.004227388822115894,-0.005446213942189607,8.39468149040118,0.24045472130408654,0.2069279597355793,0.5876277043267986,213.22866586532234,0.005494535006009618,-0.026960637019231418,2.1348219651441758,-97.82527043268327,0.22246304086538463,0.2705679086538472,8.66154597355759,-91.53395432695807,0.026440645658052875,-0.04286452073317285,2.1977351262020357,-75.0169020432799,0.2068202185997596,0.22909405048076975,-0.9252929687497734,1152.813251201929,0.030089627779447112,-0.01328312800480825,-2.256892277644204,270.9679236778973,0.18755795522836538,0.25373347355769466,24.95849609374999,635.629507211468,0.03532139235276442,0.0763897235576936,-0.031550480769221435,-1318.105844351004,0.17029375751201922,0.3000488281250005,-3.8857797475960925,-991.0794771634617,0.032776958759014416,0.01132906400240363,-10.136155348557702,782.0951021634696,0.15281561748798078,0.2998713566706765,-4.573223407452214,-425.5464993991386,0.022954270582932687,0.01757155198317409,-0.5720402644229821,465.2475210336204,0.15281561748798078,0.2998713566706765,-4.573223407452214,-425.5464993991386,0.022954270582932687,0.01757155198317409,-0.5720402644229821,465.2475210336204,0.22025192025991588,0.007635019155649035,0.16921736778846155,0.010957485727163457,0.19673421849959935,0.025512905023036853,0.15281561748798078,0.022954270582932687,78.15341558302957,108.06601298163406,156.35770523353492,173.72969736786058,85.47580623596777,90.75619527900919,74.7043413383418,142.77913188328307,138.7485282933521,49.33904048097781,143.79147430802058,177.93515900353813,156.4206290397515,159.0480945390715,29.335920635716782,2.3104579227379536,178.76518858430126,167.82931507137258,175.12944574540188,15.965592676186331,-9.424073776768749,1.159516717050507,-10.742426680837053,0.15883618701773092,-6.797141710078512,2.173773639863074,15.471853633541494,-8.61713455942192,-11.478087144334967,1.2936221431324617,0.3492850307348155,-1.209942559204752,-4.2499402361156875,1.6303185238144633,-0.23322802077084923,0.14201613441560884,-0.2931267500733817,3.3938987948955273,1.2546651898984131,-3.7569543720995004,-322.43101924755894,-569.5725004470796,1445.3250961081,-1610.094908496175,-47.37987840411706,300.7296629078116,-236.39986828614002,-526.5201402163885,1016.2697930062142,95.10468031005783,-120.69296960211018,-262.3177048809887,-378.0617310210946,273.010537979702,-131.67822254753708,-180.36898503704774,8.801499846446994,-289.09409464910607,422.09847306215295,-309.5815983006698
36,stance,stance,0.18,0.21666344275841345,0.17010404146634558,1.8729341947114437,2482.7411358173104,0.020483924278846155,-0.014439978966346289,-3.40294471153856,-17.35276442307779,0.21339210862379807,0.09089918870192329,-1.7690805288459452,1197.6036658653807,0.008413217397836542,0.07200927734374994,4.598013070913316,-861.8727463942389,0.2248649151141827,0.0018329326923083294,-0.7342998798076636,203.2940204326773,0.0008185565655048077,-0.037164776141826415,5.863131009615384,-569.7678786057878,0.22764473783052885,-0.08076171875000253,-1.6988431490386,1615.2343750000523,0.000609112079326915,-0.03748309795673085,0.91055063100978,-913.5929987980792,0.17980078125,0.26562499999999967,10.8077298677882,-538.649338942298,0.025251004732572108,0.0442551832932694,1.0984450120193758,-860.00413161058,0.17814242788461537,0.17175292968750186,13.17401592548082,-54.44335937507864,0.011603008563701916,0.01403620793269249,1.0281137319711977,-205.78237680288237,0.1630154747596154,0.26205866887019347,1.2898137019228362,-1741.6616586538892,0.01274993426983173,0.019196026141826677,-7.645827073317532,1344.4354717548078,0.16307639723557693,0.05889986478365411,10.255033052884418,-201.30333533655192,0.00400231933593749,0.0,0.0,431.5185546874972,0.16603936298076924,0.018023212139423022,8.22791466346144,-461.9328425480892,0.0013982403094951884,-0.008164625901441173,-0.3387920673075776,82.19088040863055,0.24169666466346154,0.2076528695913458,1.522686298076774,440.8428485576921,0.005224928635817305,-0.029742901141827066,1.8305851862980675,-639.7705078124976,0.22405966421274037,0.2830003004807677,6.663912259615273,118.57722355770413,0.026403996394230772,-0.017863581730769,-4.884033203125077,-1204.7682542067319,0.2080748572716346,0.25498798076923046,7.0149113581731415,441.91331129805803,0.029955885667067306,-0.013374211237980592,0.8590932992788628,193.27486478364148,0.18892215670072116,0.36956505408653717,15.004131610576568,-3045.5416165865227,0.035725247896634615,0.040385554387019316,-7.638972355769353,-539.6634615384685,0.17179627403846154,0.2953237680288459,-12.031625600961583,-1015.0428185096097,0.032776958759014416,0.0,-1.1926269531249742,1007.6434795673082,0.1541780724158654,0.2608558067908632,-0.38583608774084255,616.3330078125538,0.023057081956129807,0.03603327824519272,1.6766826923075724,-199.4065504807842,0.1541780724158654,0.2608558067908632,-0.38583608774084255,616.3330078125538,0.023057081956129807,0.03603327824519272,1.6766826923075724,-199.4065504807842,0.22064130108173077,0.007581202580378605,0.1700148888221154,0.011000901442307687,0.19812128155048078,0.02552401655148237,0.1541780724158654,0.023057081956129807,74.83627251872389,108.33966128087772,150.80539478682854,175.69121645101765,83.07201401315956,92.59211533208655,85.26510122817625,131.71048590977625,138.68854220729364,50.213948835687304,142.31386815104804,175.76395559709778,153.46818776366283,160.88264135382596,28.885309492873624,2.459075463385679,178.5561512041077,168.64620505216976,176.95132658474935,13.387241695587525,-11.197150323428952,-1.413940545719282,-4.55008110152479,-5.233128676184857,-6.349217068863528,3.5412576348123195,14.865420780638825,-11.07154084783425,-6.601839366855782,1.7031985486756869,0.18167763182623792,-1.7087525154695344,-4.841909555219988,1.6877338144979144,-0.43945295524940825,-0.3097488352233957,0.2703571827078475,1.696577089991978,2.7698632370798366,-4.427048674556265,-328.6297257360856,-342.72106899603915,1209.2041935690681,-1195.1128503091081,158.25645669370965,124.96664490995258,-240.82779585203596,45.01885946322868,479.0320379924539,81.84476234305208,46.57985180716001,191.45727719649872,278.7132136261779,-287.1984207356663,71.51787015577838,37.09658624440198,45.03754119816081,-454.06947176806267,146.31339902514992,151.57204559668918
37,stance,stance,0.185,0.21709720552884615,0.24585712139422988,16.466909555288538,439.79116586541113,0.020394653320312497,-0.039542330228366195,-1.6175255408654137,884.868915264442,0.2136919884314904,0.08759953425480907,8.69253305288446,1511.4558293268817,0.008801222581129808,0.08088566706730686,-2.0495605468751026,-676.0066105768977,0.22488324444110577,-0.007342998798076643,-1.1083984375001557,146.10877403844995,0.0007585355318509568,-0.006002103365385087,3.7164776141826383,-452.655498798071,0.2271559870793269,-0.04887507512019436,8.076171875000245,731.539212740436,0.0004148794320913418,-0.04072453425480734,-0.3185096153845987,114.32354266825403,0.18102092097355768,0.3049034705528833,5.7622821514424665,-1259.4088040864951,0.02556526066706731,0.031425593449520256,-6.444561298076929,-626.0047325721384,0.17901243239182693,0.22854942908653844,10.236628605768942,-916.0531850961527,0.011743370643028841,0.016921762319711806,-0.6542029747595701,-225.9427584134628,0.16393209134615386,0.19365422175480745,-5.16338641826957,120.11718750002794,0.012847618689903847,0.033036921574518235,5.281700721153766,1653.8837139423463,0.16366539588341347,0.11712364783653663,2.419621394230683,-1181.114783653788,0.00400231933593749,0.0,0.2548452524038509,346.59517728366416,0.16621959510216347,0.08227914663461448,5.032301682692244,-1110.3703425480699,0.0013220872145432716,-0.007615309495191673,0.8164625901441166,114.47378305286195,0.24253125,0.22215482271634704,4.996056189903723,765.0240384615241,0.005197105994591347,-0.008654785156250726,-4.2628831129808065,-934.6360426682456,0.2252930438701923,0.33720703125,9.847318209134633,-364.5019531249693,0.026262009840745185,-0.09170485276442367,-9.849947415865294,1016.8832632211719,0.2093700984074519,0.29924316406250123,3.4938401442308114,-712.6840444711811,0.029955885667067306,-0.004692195012019613,-0.32414362980778777,-533.7853064903829,0.19125360576923076,0.4037747896634605,-5.496920072115264,-2536.3206129807104,0.035725247896634615,0.0,-5.428185096153911,346.548227163474,0.17324699519230768,0.17973257211538457,-14.036207932692198,1855.0743689903898,0.032776958759014416,-0.0005972055288461226,-0.059720552884612206,86.53846153845775,0.15542417555588942,0.29601299579326806,1.590106670673329,-727.3794320912885,0.023314603365384615,0.03433837890624983,-2.566105769230826,-493.19223257210155,0.15542417555588942,0.29601299579326806,1.590106670673329,-727.3794320912885,0.023314603365384615,0.03433837890624983,-2.566105769230826,-493.19223257210155,0.2207071063701923,0.007592322716346151,0.17077008713942307,0.011096131310096152,0.19951986146584533,0.025538635253906244,0.15542417555588942,0.023314603365384615,73.63145592179411,109.33467618315207,152.89520463911416,171.40157509952792,81.73209685426488,94.07993175948077,87.53903590803603,134.65227499401612,133.62071771169354,50.70524166813367,142.35546424390432,175.3961554789181,153.03670902171365,161.33435517738315,27.964385367783265,1.6332916289153876,179.58784474138403,168.46783590710274,178.93971194669396,11.371315775903886,-12.710371034129608,-2.2676939729098877,1.349615254853641,-11.792292316073361,-5.2145771431414145,3.4234400889626007,13.063575675021132,-8.166945964789633,-6.687766764410424,2.1120697665629833,0.815083548806416,0.7046302127602371,-1.462808099853906,-1.2416656835422024,0.48195068078693515,0.512981996859629,0.1572486619082268,-1.1467959227851032,2.7177991801499135,-2.2412339161326074,-163.18554024413035,55.25213062186108,627.6905025380796,-846.1281734040667,277.2071626448609,-383.66407927988774,-796.9723076656895,928.0494073618755,-237.53401633121976,50.28232640883472,4.340911784943551,321.3606473311387,596.7143351955507,-471.35403211582627,141.3771060576416,242.7279743357645,-192.9620439684939,-428.82998634179364,-148.59734626829072,527.6614022428104
38,stance,stance,0.19,0.21912201397235576,0.3347731370192311,6.270845853365558,-1895.226111778859,0.020088500976562493,-0.03061523437500044,5.445744441105867,617.05603966347,0.21426810396634616,0.17782451923076797,13.345477764422885,-543.1753305288319,0.009222074068509611,0.0515136718749989,-2.162053034855668,935.6595552884849,0.22479148512620192,-0.009251051682693237,0.7267878605768372,111.74128605773129,0.0007585355318509568,0.0,1.3365760216346698,-298.0111929086474,0.2271559870793269,0.0,5.616548978365766,-582.838792067329,0.00020186673677884126,-0.04066819411057684,2.0537860576923213,430.33541165865444,0.18284981595552885,0.3232478215144244,-1.7863581730767615,-1255.784254807737,0.02556526066706731,-0.020190429687499938,-5.161602313702015,659.3768780047953,0.18042792217548076,0.2741192157451914,4.013484074519285,-2220.872145432645,0.011772226186899035,0.007494178185096782,-1.2313138521634326,8.37590144228682,0.16495201697716347,0.21042480468749772,2.4909855769231166,-266.47010216340647,0.013080303485576913,0.07201303335336438,8.893010066105944,485.85862379810084,0.1642476337139423,0.08309607872596096,-1.5561147836534714,1060.8849158653927,0.00400231933593749,0.0025484525240385115,3.465951772836645,1512.084960937503,0.16686215444711539,0.06834622896634551,-2.875788762019267,-137.15069110575828,0.0013220872145432716,0.0,0.8059457632210428,936.3825871394312,0.243918212890625,0.25761343149038307,9.172926682692022,80.56640625003732,0.005138380784254798,-0.07237173227163517,-7.5157752403843965,792.8654597355845,0.22743173452524038,0.3814734825721141,3.018892728365577,-2297.983022836508,0.025486947866586535,-0.11636305588942204,5.284799429086652,2148.625300480747,0.21106728891225962,0.2899263822115386,-0.11192908653867563,339.0925480769296,0.02990896371694711,-0.016615647536058473,-4.478759765624972,-176.9925631009412,0.19295990459735576,0.3145958533653845,-10.359074519230557,-456.56174879807213,0.035725247896634615,-0.013896296574519839,-4.1734900841346105,-380.03305288460024,0.17359359975961539,0.1549616887019238,6.519118088942332,2461.38822115382,0.032770986703725954,-0.0005972055288461226,-0.32724233774039596,-26.75217848557835,0.15713820237379808,0.2767568734975965,-7.659630408653735,-744.4317157452291,0.023400465745192306,0.01037222055288444,-3.255239633413448,152.88837139423816,0.15713820237379808,0.2767568734975965,-7.659630408653735,-744.4317157452291,0.023400465745192306,0.01037222055288444,-3.255239633413448,152.88837139423816,0.2213343975360577,0.0075677443284254756,0.17186790865384616,0.011148439378004804,0.2010181571764824,0.025405165452223554,0.15713820237379808,0.023400465745192306,65.93022471741742,104.73856652771573,154.43941949479245,166.7522386949092,80.04105909759672,95.12758604844738,89.60547665009531,131.27421054687332,134.2889579490755,50.98549093520845,144.13588224414391,177.31380320518957,153.5190272828921,159.01406650482315,29.65933623812198,2.3041623263868964,178.9263093325209,168.6685480844869,177.57224522572938,12.528735030875929,-12.829005725870257,-0.8614192395006707,1.726823923856012,-13.694410410225531,-3.5771454424149165,-0.2953831579865615,6.895697703981923,-1.7910467742154863,-8.977179530167982,2.2060218127640345,0.22508674967567346,1.504853957841855,1.1252337967355241,-3.025806506660353,0.9743181053270091,2.1175309081342513,-1.6592632569770933,-2.591722773425962,1.283889774396928,0.8495653478718438,105.6716713302273,602.879515055058,-848.018624892027,350.8107811671961,91.09566226667349,-614.5469093593292,-1497.6301633638273,2082.540118897947,-1108.3612026267556,-72.63402565654486,-142.19397902389437,100.33997457221204,603.5432053286927,-192.2587390200855,-37.42257027997014,230.66050035568415,-322.67596014652736,-81.05858009892927,-211.0446835721632,384.11872346192825
39,stance,swing,0.195,0.22044493689903846,0.3085655799278855,-2.485351562500069,-1319.1481370192323,0.020088500976562493,0.014915114182692521,4.553034855769292,-693.7255859375111,0.21547023362379808,0.22105431189903804,3.2607797475961373,-2097.900390624977,0.009316359299879798,0.05926513671875017,7.3070350060097535,803.9175180288339,0.22479073392427884,-7.512019230826443e-05,0.009014423077158265,-163.5366586538179,0.0007585355318509568,0.007363656850961624,0.7363656850961617,-207.29417067308296,0.2271559870793269,0.007290414663463357,2.24778395432695,-440.63626802889655,8.197490985573097e-06,-0.02018667367788411,3.984844501201949,4.6856219951818945,0.18425339918870193,0.2870398888221157,-6.795560396634913,-560.0961538461819,0.02536335637019231,-0.020190429687499938,0.14920748197103081,400.10892427884136,0.18175362454927885,0.2686842698317313,-11.972092848557528,-1364.6897536057782,0.01181831242487981,0.004608623798077467,-0.5704439603367019,94.94253305286622,0.16603633939302884,0.21856407752403864,-7.828087439903637,-1084.8294771634742,0.013567749023437492,0.12196702223557776,10.140286959134778,-879.9203725961731,0.16449635667067308,0.1015625000000019,13.028470552884619,1786.1328124999345,0.0040278038611778755,0.03465951772836648,15.375694861778893,1703.7635216346025,0.16690305739182693,0.05352125901442179,3.6607947716346603,1619.159405048121,0.0013220872145432716,0.0004441481370187624,10.180288461538437,2014.9958683894415,0.24510738431490384,0.31388408954326735,5.801720252404097,-1514.6859975960865,0.004473388671874995,-0.08381253756009475,3.6657714843750453,1405.6959885816825,0.22910777869591345,0.3673959585336558,-13.132512019230468,-1943.8664362981083,0.025098379281850963,-0.0388568584735571,11.636305588942195,-112.06054687502805,0.2122693622295673,0.2981238731971145,6.88476562500011,407.8463040865963,0.02978972919170672,-0.049479792668269365,-2.0940692608172014,647.4703275240435,0.1943995643028846,0.3001840444711548,-10.06253756009599,-91.10201322117275,0.03558628493088942,-0.041734900841346144,-9.228515624999917,-191.34051983173643,0.17479661207932692,0.24492375300480795,10.577674278846022,257.5120192307612,0.032770986703725954,-0.0038696289062500853,-0.32724233774039596,-24.97746394229719,0.15819174429086538,0.21941669170673064,-5.854210486778969,230.56265024038748,0.02341832557091346,0.0017859825721153173,-1.037222055288443,101.806640624992,0.15819174429086538,0.21941669170673064,-5.854210486778969,230.56265024038748,0.02341832557091346,0.0017859825721153173,-1.037222055288443,101.806640624992,0.2219654728816106,0.007542898324819705,0.17268855543870193,0.011219861778846152,0.20231207431891027,0.02518951572516025,0.15819174429086538,0.02341832557091346,65.21194489530728,107.76922891854635,155.04349826765866,162.39921770910234,79.54356328410891,94.10518461805178,92.81859846227711,129.17746118737065,131.65268825251292,52.197878891293854,143.3704856338393,177.59648151470338,153.85540760974683,158.7824032910785,29.39030608874487,3.3471221613242363,178.66532099573067,165.83577504890357,179.1800797820229,12.97170201201865,-11.653654320827334,3.7611011776406986,-7.130570994066637,-8.284184504401397,-4.303620520474679,-2.722029004630697,-1.9127259586171546,12.658455224189858,-17.77137879067799,1.385729509997534,-0.606856241432529,1.7080299584823584,4.572623953433026,-3.164253073743059,0.10772497798723348,2.8195870004164725,-3.0695109395570492,-1.9573817237743967,0.6073523444282797,1.5999533184866785,197.61860743744163,672.8598547393037,-1657.1513572275057,1181.9101099256302,-59.56644529862211,-356.65501850324847,-1816.2549990658952,2922.629481299021,-1522.595946034985,-203.25297285328912,-104.37443191133582,86.8539671110467,619.9786106316275,120.81347141024135,-287.61679339022965,16.853896850309297,-144.10180080822485,245.4273705621275,-110.55129404486034,-7.628172559351036
40,stance,swing,0.2,0.2222076697716346,0.3099196213942304,-6.920635516826778,-478.0649038461397,0.020237652118389418,0.014915114182692521,-1.4915114182692508,-604.4546274038546,0.21647864708533654,0.21043231670672938,-7.633526141826903,-1300.3868689903682,0.009814725435697114,0.12458402193509649,5.877122145432678,-1375.8732722355949,0.22479073392427884,-0.009160907451921654,-0.9085787259613434,90.70763221150106,0.0008321721003605731,0.007363656850961624,-0.7363656850961617,-147.27313701923262,0.22722889122596154,0.02247783954326952,1.2101862980767961,-288.8559194711422,0.0,-0.000819749098557309,2.1006422776441402,-334.94215745193,0.18572021484375,0.2552922175480752,-7.387319711538586,590.7827524038989,0.02536335637019231,-0.01869835486778963,-1.1605130709135978,-71.01675180284943,0.18311476487379807,0.154398287259616,-9.63341346153851,2474.0271935095875,0.01181831242487981,0.0017897385817297591,-0.2818885216347696,39.14701021637248,0.16713765775240386,0.13214393028846128,-8.357309194711636,2634.258563701922,0.014299973707932692,0.17341590294471226,0.09380634014420483,-2521.071213942337,0.16526325871394232,0.21338078425480725,16.30521334134589,748.6290564903778,0.004348914513221155,0.1563054011418276,20.503586989182683,-1353.4968449519329,0.1673973670372596,0.10495417668269215,13.31580528846196,2494.42232572115,0.0013265286959134592,0.10180288461538446,20.955904447115476,106.00398137019295,0.2470570537860577,0.3156306340144241,-5.973933293268858,-1391.8269230769617,0.00430025540865385,-0.03571401742788468,6.541184645432442,174.56993689904635,0.23110569411057694,0.2501483623798093,-16.419771634615522,1451.7352764422646,0.025098379281850963,0.0,4.1641939603363705,-1018.019456129806,0.21404852764423077,0.35877403846153977,3.9665339543272915,-1912.653996394261,0.029414165790264415,-0.0375563401442305,1.995943509615469,289.7667518028804,0.19596174504206731,0.2139704777644245,-11.270094651442285,1946.2139423076508,0.035307898888221154,-0.10618145282451909,-6.086895282451977,1230.7880108173003,0.17604283728966347,0.2607384314903841,9.094238281249947,-471.7360276442163,0.032732290414663454,-0.0038696289062500853,-0.5770169771633681,-260.8548677884579,0.1593323692908654,0.21821476862980674,-5.354003906249858,227.84893329330413,0.02341832557091346,0.0,-2.237173227163527,-431.4152644230869,0.1593323692908654,0.21821476862980674,-5.354003906249858,227.84893329330413,0.02341832557091346,0.0,-2.237173227163527,-431.4152644230869,0.22267648550180288,0.007721137413611776,0.17372665264423076,0.011431417142427885,0.20392470452724362,0.025045219225761212,0.1593323692908654,0.02341832557091346,61.204347041964716,108.42443794104071,151.62529284225909,161.15461625866493,79.11188748667054,92.05913622475924,91.83836993102163,134.1067170842297,125.22593669617844,52.51318379408245,141.68574238453502,176.15028297834937,154.58362360118247,158.23361496648474,29.134118232064637,4.385012451714745,176.62661149798356,166.82342261281153,178.91780271240881,13.247150725081374,-10.852819651495839,5.867179307892373,-14.844689648419061,-1.875309310969218,-4.172809895401138,-3.8619333430190492,-11.266852286677043,27.43524803877475,-24.203138990517846,0.17349208423114143,-0.8186575694376855,2.3733936289523228,7.325019903051804,-1.8176717925579384,-1.9018498285752898,2.2860698766373444,-3.100281265059343,-0.13744906780468458,0.17837683394832365,0.7732836222783334,-40.70058113084244,-45.402817247726375,-1075.5395521265223,1080.2417882434008,137.19204166728042,-67.27870479646246,-1492.1999547563125,1794.3522888537582,-232.23899722663873,-184.082564155058,-5.373292374360267,137.4531454760334,330.0746908768464,185.60230181875144,-247.46190746613306,-100.78942557919031,70.52726248345154,312.8619325699456,-149.83081538889854,-132.7689540853157
41,stance,swing,0.205,0.22354413311298077,0.23935922475961768,-7.26600060096147,-374.4929387019811,0.020237652118389418,0.0,-1.491511418269259,-32.245342548073516,0.21757455679086538,0.14471905048076894,-9.743088942307557,777.5503305288563,0.010562199519230764,0.118036358173077,-6.4516977163462075,-1437.7159705528836,0.22469912484975962,-0.009160907451921706,0.9160907451921697,227.70808293265557,0.0008321721003605731,0.0,-0.7363656850961658,73.63656850961652,0.2273807654747596,0.019392277644231327,-0.6407752403844748,-137.5638521634607,0.0,0.0008197490985573135,0.6354229266826462,-103.26209435095086,0.18680632136418268,0.21316669170672975,-0.8877328725959185,1306.0021033654355,0.025176372821514414,-0.031795560396635926,-0.560960036057464,173.7154447115681,0.183297607421875,0.17235013521634615,12.768179086538368,2009.9722055288576,0.011836209810697107,0.0017897385817297689,-0.17897385817297676,296.4618389423447,0.16735777869591345,0.1349909855769222,18.514498197115607,3102.801983173108,0.015301908052884616,0.12290508563701981,-15.070425180288616,-1238.4314903846232,0.16663016451322116,0.2646146334134609,20.514761117788403,854.7363281250505,0.005590857872596153,0.2396953876201935,1.8407264122595526,-3855.1964393029148,0.16795259915865385,0.1866793118990415,28.605018028846185,1713.0596454325969,0.002340116060697117,0.2100031926081737,11.240328275240367,-3140.005258413491,0.24826369065504808,0.2541447566105787,-8.116548978365532,-138.5216346154466,0.004116248497596148,-0.01840069110577028,5.41147085336551,-81.08285757207724,0.23160926231971155,0.20319824218750043,1.3848407451921905,2204.833984374999,0.025098379281850963,0.0027850811298066455,1.4561110276441247,-326.50991586535963,0.2158571026141827,0.3377892127403874,-12.241774338942514,-1989.0887920673993,0.029414165790264415,-0.02952035757211466,0.8035982572116049,95.60922475959988,0.19653926908052885,0.18748309795673188,9.399601862980536,2338.491586538441,0.034524470402644225,-0.10260385366586597,3.0793644831730975,742.262620192321,0.17740399639423077,0.3358661358173075,5.860314002403855,-2068.227914663449,0.032732290414663454,-0.009639798677883771,-2.935791015624978,-388.59675480772125,0.16037389197716345,0.16587665264423201,-3.575721153845926,1317.2325721153418,0.02341832557091346,-0.02058574969951997,-5.351374699519316,-244.33781550478434,0.16037389197716345,0.16587665264423201,-3.575721153845926,1317.2325721153418,0.02341832557091346,-0.02058574969951997,-5.351374699519316,-244.33781550478434,0.22329964505709135,0.007908005934495189,0.17440889423076925,0.012049092923677882,0.20500786884014421,0.024883979992988775,0.16037389197716345,0.02341832557091346,58.326177342612716,112.113661483842,143.45278258729482,162.75973327147594,75.26388969171826,92.46955837284283,82.01840888329332,153.5780502417019,112.13698893956585,51.559442383347374,143.76249506135554,179.49556294284665,159.83187431838738,156.67585632261824,28.674768971444852,4.398954556402004,176.61144191574573,166.9484700287287,178.638116240408,13.403017258715556,-12.060660132135759,3.3070730051634345,-17.88596651533187,2.51823337803262,-2.9317001038018735,-3.3948160525953224,-16.834725506180295,30.601978112727455,-20.09376876294438,-0.4550961315530476,-0.6605891651761318,3.0825614132426935,7.873370862201493,-1.308230055555543,-2.3668940966740992,1.8116927446245685,-2.364238314722533,1.1712376019250625,-0.890955809460707,0.27226377763352033,221.53616185455058,-180.93587844128024,-184.01567294535286,586.4877132411928,359.7236732558842,174.67773660000472,-507.48570269843566,-473.4991920403982,1515.3863045947114,32.508053265003625,-126.80706758875499,-13.482870550141097,-124.97621566006472,63.17674876303883,31.901538792981736,-125.08835671538522,289.0767720861131,96.84858982008252,-121.06760930498385,-139.76939588582562
42,stance,swing,0.21,0.22460126201923078,0.23725961538461604,-10.66556490384657,-568.7349759615711,0.020237652118389418,0.0,-1.8139648437499845,-115.75082632210463,0.21792583759014422,0.11300142728365427,0.14197716346162334,1238.1122295672974,0.010995089017427878,0.060067044771634714,-8.500037560096091,498.4975961538513,0.22469912484975962,0.0,1.3685021033652016,212.0455228365448,0.0008321721003605731,0.0,0.0,159.6210186298047,0.22742281400240386,0.016070087139424802,-0.16545222355780437,631.7044771634293,8.197490985573097e-06,0.005534480168269124,1.0680213341346365,128.11748798077718,0.1878518817608173,0.24641488882211604,5.672701322115709,16.52644230765212,0.025045400766225953,-0.024307955228364243,0.5766413762020749,-31.400240384657103,0.18483826622596153,0.2820800781249991,10.466308593749972,57.8049879807684,0.011836209810697107,0.0,2.6827298677886637,304.0677584134614,0.16848756760817307,0.3172889122596165,22.6707106370193,-366.6053185096644,0.015529024564302885,0.022711651141826807,-12.29050856370197,956.1861478365521,0.16790940504807692,0.4185283954326903,24.852576622596356,814.3780048077285,0.006745868389423079,0.17471266526442303,-18.048377403846285,-1715.594951923065,0.16926416015625,0.39100435697115266,30.44640174278785,2592.3039362980894,0.0034265606219951866,0.2142061673677876,-10.444148137019285,-2177.6123046874795,0.24959850135216347,0.23446514423076914,-7.359149639423317,547.5323016826993,0.004116248497596148,0.018400691105770178,5.730356069711673,-423.38679387021915,0.23313767653245193,0.26399676983173115,5.628568209134366,-20.000751201926974,0.02512623009314903,0.01456111027644118,0.8990948016827894,-291.2222055288239,0.21742641977163463,0.2363562950721152,-15.924353966346608,873.159555288471,0.02911896221454327,-0.029520357572114492,2.9520357572114633,214.84374999998394,0.19783657602163462,0.3079664963942294,12.114821213942015,-1720.9284855768674,0.0342818603515625,-0.07538780799278826,1.3357309194711997,-42.68704927884613,0.17940149864783653,0.3193415715144224,-11.58804086538445,-1849.7971754807536,0.032635892427884616,-0.03322753906249973,-4.462984525240563,-60.09615384615187,0.1609911358173077,0.18245755709134764,7.818321814903499,1184.7581129807152,0.02321246807391826,-0.05351374699519291,-4.680551382211359,373.6196664663618,0.1609911358173077,0.18245755709134764,7.818321814903499,1184.7581129807152,0.02321246807391826,-0.05351374699519291,-4.680551382211359,373.6196664663618,0.2236622596153846,0.00801827768179086,0.17567025615985576,0.012516612830528842,0.20639863469050482,0.0247486102764423,0.1609911358173077,0.02321246807391826,54.161369414691386,110.47907232208176,140.5139932240777,163.16830386853195,77.14820081848005,90.12503785418109,81.03937369636164,154.0313391680329,112.20252580826661,51.92213836931612,142.33670410877124,179.4942849189125,160.13334233307745,157.99626580567696,27.105834302070697,5.181794599408509,175.65119745876436,167.31959556016528,178.42081595978868,13.426596421873128,-8.637458032950343,4.057820523479579,-16.68484637787258,3.989567821442682,-0.5755731628423127,-2.1151559770190103,-16.341709313661376,22.70025611837079,-9.049275944570804,0.49857261688117616,-2.0867282453252294,2.2385649234509124,6.075257746451163,-1.185904304927553,-1.582834440645474,1.035186309483498,-0.20951354419822524,0.8310368303961361,-1.0322992591015092,-0.6244103365799164,690.688861758225,214.02476252755156,178.40328835447485,298.2608108762033,767.7716746336863,-73.99800579730685,-225.44768792751043,-3229.692413412393,4148.91377017628,174.5664090370657,-259.23613772511095,-264.57829220827415,-460.0480538830167,-1.4314993102219717,253.05791305413305,-257.15248869250667,485.9937664996754,-100.63040563073548,26.999867875261874,-242.31277797996916
43,stance,swing,0.215,0.22591672926682693,0.13270357572115188,-12.953350360577186,1859.7693810096875,0.020237652118389418,-0.01813964843749986,-2.6490196814903064,198.12950721154132,0.21870457106370192,0.14613882211538518,2.6380333533654285,-490.3282752403887,0.011162869966947112,0.03303598257211601,-1.46672175480769,960.9656700720932,0.22469912484975962,0.0045241135817303225,3.0365459735576197,131.44155649039058,0.0008321721003605731,0.0,0.8598445012018826,85.98445012018819,0.22754146634615385,0.017737755408653282,5.676269531249823,768.7049278846382,5.534480168269129e-05,0.011499962439903689,1.916597806490419,-42.649489182686025,0.18927047025240384,0.2698937049278869,-0.7224684495193971,-894.6814903846717,0.024933293269230772,-0.026029146634615172,-0.8749624399040353,10.432316706719272,0.186118408203125,0.27701322115384597,13.346228966346052,2063.7582632211693,0.011836209810697107,0.028617037259616427,2.86170372596164,-554.4433593750299,0.17053066781850962,0.36169809194711544,14.84844501201896,-1308.5937500000196,0.015529024564302885,0.0,-5.508563701923087,-547.2506009615354,0.17081544846754806,0.5131403996394247,28.658541165865696,1741.079477163409,0.007337984525240385,0.05921161358173049,-15.315223106971116,1428.32594651444,0.17186264272836538,0.4911433293269203,54.528057391827105,4035.456730769326,0.004482177734374995,0.10556171123798076,-10.535794771634446,1077.2798978365504,0.2506083420973558,0.1805532602163455,-2.641225961538535,1420.560396634667,0.00430025540865385,0.0389028695913465,1.1776029146633151,-803.0066856971318,0.23424923001802886,0.25948392427884415,1.1848332331729206,-483.0228365384089,0.025243990384615375,0.011776029146634549,-1.4561110276441167,-279.94478665865813,0.21822066556490385,0.1785456730769212,-3.510178786057796,2461.932842548155,0.02911896221454327,0.0,2.9520357572114464,-649.179311899034,0.19961893404447115,0.30863131009615213,-7.809682992788154,-2523.775540865341,0.03377059232271634,-0.08924654447115396,2.652493990384636,502.46018629807736,0.180597412109375,0.2199857271634629,-12.637657752403697,422.7013221153492,0.032400015024038456,-0.05426964393028944,-3.536752554086497,-410.94501201920065,0.16219846754807693,0.24405987079326708,8.271859975961236,-451.34089543262854,0.02288318810096153,-0.0673912635216336,-1.6151780348556943,75.47701322112171,0.16219846754807693,0.24405987079326708,8.271859975961236,-451.34089543262854,0.02288318810096153,-0.0673912635216336,-1.6151780348556943,75.47701322112171,0.2242154728816106,0.008072009746844949,0.1777195274939904,0.012823737980769228,0.2075821752303686,0.02461950057592147,0.16219846754807693,0.02288318810096153,51.52417481118853,111.3990343096306,135.4110860706154,164.71405443094255,76.46802866992205,90.20402402752076,74.6808330739762,161.85376482189736,110.13745480156926,52.0066716877386,141.58405477490322,179.55101234620088,161.8390165062145,156.77107062742138,27.350198749923166,5.6644104548742655,175.57690871904822,167.35281124346972,178.14562630620023,13.260243276407564,-5.153771514553502,5.447320630438952,-16.10193363178712,5.500841486794656,4.746016642534996,-4.1347961105683915,-19.0892023854554,-1.6949460213965024,21.395368938818464,1.290567958817611,-3.2529505424272434,0.43677849115995,3.2728903233713216,-1.3225450486577628,0.1636850338672334,-0.7598321423005004,2.4956993502742253,0.16493354561770687,-0.620957130708088,-2.1508640021661733,364.0278353504993,14.940171385058308,85.69289637849728,263.39476758693473,1374.5006656461564,-583.8848070399528,-1553.4785205641615,-3177.364768255456,5521.459147425837,54.18307720255191,-45.787838355990566,-213.77488396253383,-567.998376800779,115.29483087931314,306.0606566968616,-359.6207647479756,340.11776749255097,-135.28068435053584,105.32372018847695,-332.8634046538689
44,stance,swing,0.22,0.2259282977764423,0.10772611177884407,7.93212890625032,2176.062950721197,0.02005625563401442,-0.026490196814903087,0.1673302283654305,448.6459585336376,0.21938722581129808,0.13938176081730858,-4.7613055889422675,-867.882361778869,0.011325448843149039,0.0453998272235578,1.1096191406248488,-52.38694411058273,0.22474436598557693,0.030365459735576222,2.6829176682691087,-449.80093149038385,0.0008321721003605731,0.008598445012018834,0.8598445012018826,-168.0063100961411,0.2276001915564904,0.07283278245192308,7.521597055288584,-994.4035456730644,0.0001231971153846101,0.02470045823317333,0.6415264423077759,-438.66436298077457,0.19055081881009617,0.23919020432692206,-3.2741135817310165,331.95612980771386,0.0247851092998798,-0.033057579627404604,0.6809645432692677,89.93765024041511,0.1876083984375,0.4155423677884597,31.103891225961682,-1662.5225360576655,0.012122380183293271,0.028617037259616427,-2.86170372596164,-512.2821514423323,0.17210454852764423,0.4657733623798062,9.584773137019095,-3689.4155649037825,0.015529024564302885,-0.032373985877404116,-17.763014573317328,-1391.7236328124907,0.17304080904447117,0.7051138070913475,42.26337139423046,-5356.7270132211925,0.007337984525240385,0.021560434194711743,-3.765117938701872,313.4296123798028,0.17417559344951922,0.9362849308894242,70.80096905048114,-9161.771334134653,0.004482177734374995,0.10884821965144305,0.3286508413462283,-1349.7502253605983,0.2514040339543269,0.20805288461538377,6.846454326923367,963.9235276442648,0.004505277193509613,0.03017672025240334,-2.2997107872596527,-272.18862680286543,0.23573251577524038,0.27584510216346037,0.7983398437502724,-325.6648137019141,0.025243990384615375,0.0,-1.9003530649037947,60.82857572115004,0.21921187650240384,0.2012545072115372,8.694974459134961,1028.6207932692607,0.02911896221454327,0.0,-3.5397573617788827,-863.0746694711482,0.20092288912259615,0.2298696664663478,-13.122934194711421,363.4127103364903,0.03338939490685096,-0.04886286808894187,6.3603327824519775,-19.165039062504647,0.18160135591947116,0.1929649939903853,-7.361027644230954,1150.6159855768885,0.03209319598858172,-0.06859506460336473,-8.572434645432573,-13.136643629826748,0.16343173452524037,0.2651761568509601,3.3049128605772107,-991.924579326867,0.022538555438701924,-0.06966552734374987,-3.925781250000141,135.6764573317291,0.16343173452524037,0.2651761568509601,3.3049128605772107,-991.924579326867,0.022538555438701924,-0.06966552734374987,-3.925781250000141,135.6764573317291,0.22441502028245192,0.00808426842322716,0.17949603365384617,0.012851335261418267,0.20871740096654645,0.024481562687800478,0.16343173452524037,0.022538555438701924,53.159652843106144,116.11394481576045,130.9878509806513,166.0578570466944,76.91841111751093,90.68898525522954,71.08661652926597,164.84986858749448,111.67091125598002,52.922937691533754,140.27736102755102,179.94264324338806,163.01908026312967,156.09998131431925,27.737996460078246,4.898910749536326,177.30101743967955,167.8475284881194,177.63590092438653,12.316642398278193,-4.997179679445347,4.207222237330162,-15.827917414087608,6.623515497312032,13.169433493619264,-7.954004047418543,-31.876494519303005,-9.0733915641838,46.16531552968762,1.0404033889066957,-2.5446066288851354,0.1008160838255722,0.3952739784433664,-0.032955996134420545,1.4777721263231445,-2.5610213379962614,3.191664130727287,-0.5217700131092236,0.020937942783261203,-3.953044383118608,-253.38217721910542,-586.3927340578514,366.94119131028293,-33.9306344715372,1166.4450281185946,-206.60627042869936,-1201.687143868211,-537.4661471858379,2698.992048743948,-124.82215340647063,145.93801358174977,-145.8636732326599,-615.5474615859047,371.0509427624624,99.35630036009373,-279.3175000497764,-275.36118485710085,-79.06957984505233,123.53719167649912,-282.9603093247113
45,stance,swing,0.225,0.22699399038461537,0.21202486478365515,8.807279146634801,-774.7333233173584,0.019972750150240387,-0.016466346153845554,1.8374399038460743,147.9304387019122,0.220098388671875,0.09852576622596246,-6.040790264423269,797.457181490357,0.01161686823918269,0.04413217397836451,-1.9905911959135179,-159.42382812497448,0.2250027794471154,0.031353290264421435,-1.4614633413462226,-426.17563100957676,0.0009181565504807615,0.008598445012018834,-0.8202185997595298,-114.02306189903172,0.22826979417067308,0.0929537259615392,-4.26776592548083,-1402.1935096154236,0.0003023493840144248,0.017915226862981453,-2.4700458233173306,-198.51449819713238,0.19166237229567307,0.2371525691105767,2.597092848557745,339.71228966349236,0.024602717472956726,-0.01921950120192249,0.024414062500116553,-235.59570312500912,0.1902738318810096,0.5880521334134631,-3.278996394230618,-6632.662259615392,0.012122380183293271,0.0,-2.2611177884616875,346.22896634615927,0.17518840144230768,0.4575458233173065,-22.045710637018896,-2963.7920673076305,0.015205284705528843,-0.17763014573317343,-19.425800030048006,1940.833458533658,0.17786658653846155,0.9357741135817297,-24.908728966346278,-12010.028545673029,0.007553588867187502,0.021560434194711743,-12.180926983173086,-1227.7644230769451,0.18122549203725963,1.1991530198317324,-37.08965594951952,-18264.779897836564,0.005570659930889427,0.10884821965144305,-24.03329702524044,-2436.194786658672,0.2526888709435096,0.24901780348557923,6.998009314904121,-209.94215745196954,0.004602022611177883,0.015905761718749953,-1.5442833533653417,429.9316406250067,0.23700768103966346,0.2674673227163469,-2.0718149038462235,-355.0368088942462,0.025243990384615375,-0.007227501502403416,-0.8478252704326158,249.8028094951858,0.22023321063701923,0.2654954176682709,6.77602914663482,-1444.936899038503,0.02911896221454327,-0.035397573617788856,-5.6787109375000435,370.86838942308447,0.20191763070913463,0.1774019681490378,-4.175555889423248,1577.7118389423213,0.03328196364182692,-0.025643216646634135,2.460843599759589,-497.89663461539897,0.18252706204927885,0.1463754507211533,-1.1314978966348022,1506.8359375000427,0.03171406437800481,-0.13999399038461524,-3.6681189903847646,1861.0276442307602,0.16485022911658653,0.2771089993990392,-1.6473858173074436,-1091.5715144231149,0.02218653282752403,-0.10664907602163505,-0.2584134615384021,1246.6102013221303,0.16485022911658653,0.2771089993990392,-1.6473858173074436,-1091.5715144231149,0.02218653282752403,-0.10664907602163505,-0.2584134615384021,1246.6102013221303,0.22509123816856969,0.008202531080979566,0.18324333683894228,0.013010926231971153,0.20987078074919874,0.02435792267628205,0.16485022911658653,0.02218653282752403,50.469213223438096,115.8420434435241,125.30173965768637,169.3254301222276,83.6514810861705,84.79841998331402,59.15924412165921,139.846123216385,149.44453373144032,52.776965977581604,140.23042803119958,179.79797154213787,162.57182045848668,156.29885332885553,28.323960661738756,3.3757831595081105,179.25141312595804,166.70403698269524,178.35568459036634,10.815908393388321,-7.687593286744558,-0.4166067101395661,-12.432521718684287,5.161535142079283,16.410466923720954,-6.200858814855387,-31.10607382413752,-7.069607493254886,48.38528942625797,0.0423464247529037,-1.7935704066097442,-1.0218582411666501,-2.8825842924877305,2.3879643789668648,1.1572480374681715,-3.553007142798267,-0.257912498296786,-0.6257622528328172,0.6144147860569044,-4.980467095413289,-461.5152534122049,-636.1062016442654,581.1438882537468,-406.55294002167983,-95.60940287649738,822.229111579876,1565.14542180658,1500.1297498883455,-2338.6554629915618,-232.01668025723393,166.50132463389394,-235.8864250733235,-455.84016021688194,366.8530947046327,-135.07192257763677,-79.59187716512746,-739.9402714435853,-44.020955053962666,108.26013905305557,-99.70617557358273
46,stance,swing,0.23,0.22804854642427885,0.19579890324519217,0.184795673076729,-348.0130709134739,0.019891592172475964,-0.008115797776442328,1.646634615384554,-102.58601262018367,0.2203724834735577,0.07897385817307583,3.2132662259613087,1330.8293269231058,0.011766770582932684,0.025493915264422604,-0.4846191406248974,448.5520582932781,0.22505789888822114,0.015750826322113984,-1.5788386418266627,675.1990685096588,0.0009181565504807615,0.0003962590144235275,-0.28038611778843564,132.90640024037063,0.22852972881610578,0.030155123197114747,-6.500338040865666,401.9681490384773,0.0003023493840144248,0.0,-1.3436185396635496,291.7949969951922,0.19292234450120194,0.26516113281249953,0.1230093149039101,-802.6404747596151,0.024592914287860576,-0.03281343900240344,-1.6749924879808256,236.8727463942101,0.19348891977163463,0.3827524038461535,-35.2227313701923,28.639573317305018,0.012122380183293271,0.0060058593749995285,0.6005859374999556,166.05318509617305,0.1766800067608173,0.24531625600961704,-20.053147536057235,3790.959284855704,0.013752723106971149,-0.22663198617788435,1.6453200120192704,3211.8389423076833,0.18239855018028847,0.4560265174278845,-77.83691406249993,1692.2513521634612,0.007553588867187502,-0.10024883563701922,-16.042762169471334,1834.3975360576846,0.18616712364783655,0.5653883713942287,-111.84682992788467,943.5096153846525,0.005570659930889427,-0.1314847506009616,-24.033297025240515,3854.3419471153948,0.2538942119891827,0.27803297776442504,4.74703275240367,-855.5626502404481,0.004664334810697113,0.014733886718749908,1.9996056189904183,552.0019531249927,0.23840718900240385,0.2551269531249981,-2.7520282451921925,-463.4728064903416,0.02517171536959134,-0.008478252704326165,0.5976750300480653,169.56505408652347,0.22186683067908655,0.26901479867788547,-5.754394531250082,-1316.537710336574,0.02876498647836538,-0.056787109375000484,0.1689265324519655,1012.5544621394365,0.20269690880408653,0.18811410757211527,2.654184194711804,510.51682692307355,0.03313296274038462,-0.024254432091345958,1.3813664362979836,-51.78598257211833,0.1830651104266827,0.18165001502403727,7.707331730769486,339.2803485577359,0.030693256084735568,-0.10527625450721241,10.037841796875046,652.9634915865691,0.16620282451923077,0.24870229867788562,-7.610802283653949,-532.9965444712005,0.021472064678485572,-0.07224966195913389,8.540320763221171,200.64603365382877,0.16620282451923077,0.24870229867788562,-7.610802283653949,-532.9965444712005,0.021472064678485572,-0.07224966195913389,8.540320763221171,200.64603365382877,0.22550216440054086,0.008219717172475959,0.18633138897235577,0.012718453275240385,0.21102217923677888,0.023983220027043266,0.16620282451923077,0.021472064678485572,46.62681184941915,113.26774551836648,123.41715364774156,169.94191268331113,92.60133713510994,81.8587160339761,41.76930459983968,160.44296949862505,152.24777907062128,52.94016577473697,139.31647424179098,179.42061580628288,160.07996430228982,158.41183591959827,28.67217556786679,3.0683504774706725,177.4627595812734,167.07151323211042,178.2467473482177,9.0761485234746,-9.6123322135674,-2.153839779112497,-10.016478531550135,2.5579860970952306,12.21333946485429,0.26828706838022387,-16.22504030123719,5.927905934699668,22.778760899771978,-1.2797634136656455,-0.8795933825461947,-2.2580481669076646,-4.163127623725456,3.6355749509119097,0.12705290054677565,-3.3569401096475366,-4.207738583708572,-0.9619795636488506,1.103539333313818,-4.950106138854436,-109.04152686135679,-42.3222122163795,510.001335231109,-576.7206498760872,-939.4513148156035,971.3503074708154,3331.6481662894735,1568.0107872979197,-4867.759960932179,-251.76510140364465,248.65071241167763,-119.79629022842099,-88.9175888842539,166.41336435518656,-211.0109935159034,139.83355483518852,-385.33523986430555,-60.6952724555049,-46.205700626562425,45.569660127829486
47,stance,swing,0.235,0.2289519794170673,0.21387282151442244,5.3271484375000595,-724.6657151442054,0.019891592172475964,0.0,0.8115797776442366,684.1102013221154,0.22088812725360576,0.13065842848557557,7.267503004807801,-302.26487379804576,0.011871807391826916,0.03928598257211553,2.494929387019267,326.9888070913351,0.22516028771033653,0.015564903846154794,5.290527343750371,635.5356069711328,0.0009221191406249968,0.005794583834134475,0.5088454026441777,200.8150540865477,0.22857134540264423,0.02795034555288247,-0.24808443509605285,409.3862680289142,0.0003023493840144248,0.004479041466345944,0.447904146634594,89.57143930289598,0.19431398362379806,0.2383826622596158,-5.429311899038414,-1039.9639423077108,0.02427458308293269,-0.03596942608173076,2.3931415264422196,97.72198016826528,0.19410135591947114,0.2358248197115398,-2.9926006610575677,3738.713191105759,0.012182438777043267,0.0060058593749995615,-0.6005859374999557,111.07459435097354,0.17764156400240386,0.25701434795673395,15.86388221153818,5084.472656249935,0.012938964843749998,-0.1611769456129807,12.692589393028856,-28.52689302885607,0.1824268517127404,0.15740497295672967,-7.986215444711651,12267.784705528908,0.006551100510817309,-0.13886718750000174,6.163048377403776,2511.897160456781,0.18687937575120192,0.08068472055288471,-27.654559795672984,17482.027493990456,0.00425581242487981,-0.13148475060096232,14.510122445913543,3718.1772085336906,0.25546920072115387,0.29648813100961596,-1.557617187500367,-795.5603966346223,0.004749361478365383,0.035901817908654154,3.9757361778845905,-239.17330228367027,0.23955895057091345,0.23994704026442493,-6.706542968749644,-1027.7381310096494,0.025159207857572113,-0.0012507512019227565,0.8478252704326205,442.8804837740428,0.22292335862379808,0.20795147235577002,-6.3893479567309335,102.67052283652832,0.028551091120793265,-0.0337083082932692,4.44683368389433,320.19042968749665,0.20379877178485578,0.20394381009615586,0.9296123798074917,-1160.513070913525,0.03303941932091346,-0.011829552283654288,1.9429837740384055,-19.841120793255687,0.18434356219951922,0.22344876802884822,2.26130558894256,-972.6938100962094,0.030661301832932683,-0.039615572415864685,2.8615159254809335,-1143.66736778848,0.1673372521033654,0.20100097656249966,-6.977351262019454,690.1855468750349,0.02146403620793269,-0.021245868389423262,1.7480468749998872,-1281.3345102163516,0.1673372521033654,0.20100097656249966,-6.977351262019454,690.1855468750349,0.02146403620793269,-0.021245868389423262,1.7480468749998872,-1281.3345102163516,0.22589293494591348,0.008246967022235575,0.18707262620192308,0.012040579927884616,0.21223851600060098,0.0239374029697516,0.1673372521033654,0.02146403620793269,44.84301630656848,113.52913942078976,121.61185270796487,169.70202417781383,88.99261748937045,88.375802065343,50.53074258303908,154.1089037454398,152.72877322623455,52.06223174700969,139.46202112391418,178.3165948489207,159.8233350455468,158.56382443841372,28.405182494036342,1.387801311074631,174.97184764837192,167.05322041750108,178.59088110571395,7.939944814082305,-8.778008555358127,-0.8398288323033615,-7.332508366373192,-0.6056713566815947,7.015953775564909,3.512644259852776,2.2104078387572437,8.610500379724325,-0.2923101830638611,-2.475304589283545,0.6929367175070343,-2.219821143450861,-3.7717601813302704,4.052098022518732,-0.9528618976908643,-2.1546715944463806,-4.111264896939845,-1.2327149773878667,0.15235777979127968,-4.5247704941349935,427.6770632370346,503.9282492361937,614.7038435507636,-690.9550295499205,-469.1284984364926,175.25599722911412,2327.582510803385,-881.0493442565802,-1740.405667754172,-214.93942465005438,261.7217440755725,30.524461646894807,100.99757806746584,17.41831232750627,-104.49290801650287,301.4864286972119,395.23033557313494,-22.180332969359366,-245.71029514072072,118.73796321165966
48,stance,swing,0.24,0.23018727463942307,0.2490703876201925,-7.061861478365291,-1764.1601562499982,0.019891592172475964,0.0,8.487736628605676,958.8716947115352,0.22167906775841345,0.1516488882211535,0.19061748798086514,-1160.2125901442337,0.012159630408653838,0.050443209134615155,2.7852689302884386,-149.55491286057608,0.2252135479266827,0.06865609975961745,4.776517427884635,-1215.61373197121,0.000976102388822106,0.00548471304086528,1.727764423077032,353.1775841346245,0.2288092322716346,0.02767427884615423,-2.4064753605765437,-251.93434495193654,0.000347139798677884,0.004479041466345919,-0.447904146634594,76.66015625000476,0.19530617112379808,0.21086801382211565,-10.276630108173148,-270.4890324519109,0.02423322002704327,-0.00888202373798135,-0.6977726862981773,-545.166015624973,0.19584716796875,0.35282639723557796,2.1644005408651172,-924.9549278846312,0.012182438777043267,0.0,1.7113318810096858,843.2992788461444,0.17925015024038463,0.4039550781249981,30.79157902644188,-763.9160156249567,0.012140953650841349,-0.09970609224759638,1.360051081730711,-1971.9426081730735,0.18397259990985576,0.3761643629807684,44.840932992788574,3811.9929387019306,0.006164916992187491,-0.03861835186298176,9.076209435096354,-872.8778545672874,0.1869739708533654,0.28884277343750014,62.97344501201908,5701.941856971121,0.00425581242487981,0.01361647385817315,13.14847506009622,-1891.8926532452035,0.25685909329927886,0.26245680588942144,-3.2085712139425153,-195.44396033649286,0.005023352989783653,0.05449124849759563,-0.3921274038462732,-641.7236328124941,0.24080665940504808,0.188061523437502,-13.02940955528864,-60.07737379814685,0.025159207857572113,0.0,5.026479867788472,503.8405198317368,0.22394634540264424,0.20512131911057643,-4.727689302884803,-446.1576021634554,0.02842790339543269,-0.012318772536057388,3.370830829326917,725.5295973557462,0.20473634690504808,0.19741023137019015,-8.950946514423393,-1231.295072115332,0.033014667217548074,-0.004824594350961993,1.1829552283654277,-168.07204026440877,0.18529959810697116,0.20426307091346277,-2.0196063701925624,-459.79191706735355,0.030297100360576923,-0.07666109525240321,-1.3988318810097018,-26.282677283677568,0.16821283428485576,0.1789287860576914,-0.708946814903632,783.8792067307885,0.02125960599459134,-0.0547691932091351,-4.273024338942286,-66.03064903844339,0.16821283428485576,0.1789287860576914,-0.708946814903632,783.8792067307885,0.02125960599459134,-0.0547691932091351,-4.273024338942286,-66.03064903844339,0.22647228064903846,0.008343616192157448,0.18827001201923077,0.011795468374399038,0.21331014623397435,0.023863639635917467,0.16821283428485576,0.02125960599459134,42.26346774652406,114.72467096577871,117.4606795671362,170.07811721360912,92.57045886721254,87.57275467468432,51.82632811716926,160.77640780070507,147.54047762402254,51.43792065075678,139.5338582796104,177.54272103957328,158.61167640365562,160.08410322848303,27.875162477067427,1.11673758714017,174.34801305303998,165.8448239840661,179.29754879880574,6.684000280639429,-5.335561581197075,2.885442713249417,-3.8694400960425277,-4.351564198403942,7.522054480489386,2.020847040671357,7.050784806796555,-2.882587507866094,5.374704222230338,-3.429157660166179,1.7376240582095177,-1.952803550438718,-3.1531518430508028,3.8097580741869717,-0.9178761796182481,-0.3420758226754317,-0.2554352279772407,-1.1837828933424432,-1.3535636180933774,-3.7627265067378453,658.9833027524255,654.271707843567,691.7311669325194,-687.0195720236512,391.32816572271514,-201.9518525032387,-396.7820297430696,-122.16191137342419,708.3202543359713,-91.84745397368644,256.5455997298507,122.37716089490303,216.60940494012408,-4.092117358276411,44.7893100252943,319.1967098125073,641.7873724122426,130.53998083301144,-150.03797302741688,273.3792752390195
49,stance,swing,0.245,0.23144268329326922,0.14325420673076947,-12.314453124999936,1405.9495192307675,0.019891592172475964,0.08487736628605684,10.400296724759597,-1506.2913161057418,0.2224046161358173,0.13256460336538423,-4.334622896634547,-138.2962740384611,0.012376239483173068,0.06713867187499994,0.9993802584135048,-639.610877403839,0.2258468487079327,0.06333007812500119,-6.865609975961739,-1308.4247295673215,0.0009769662710336496,0.02307222806490481,4.040621243990426,-59.49519230771753,0.22884808819110578,0.003885591947117014,-2.7674278846154206,-10.441706730838831,0.000347139798677884,0.0,1.2145057091346423,223.0506310096077,0.19642266376201922,0.13561636117788423,-8.134202223557525,1841.6090745192262,0.024185762845552877,-0.04294715294471254,-3.058518629807516,486.59104567310936,0.19762961989182692,0.257468825120191,-12.242149939903888,-180.47626201918325,0.012182438777043267,0.023119178185096435,7.832406850961496,403.23580228364335,0.18168111478365384,0.564930138221153,8.224722055288606,-6101.149338942259,0.011941903921274033,-0.1475764347956736,-7.026836688701898,171.69658954327852,0.18618849534254808,0.6058143028846158,30.13371394230769,-6148.306039663462,0.006164916992187491,-0.04810509314903812,-2.5657301682691047,-907.996544471176,0.18976780348557692,0.710419170673076,29.36485877403827,-9371.16887019229,0.004391977163461541,0.0,-4.408804086538507,-1227.661132812506,0.2580937687800481,0.2644024188701908,-3.5120567908652975,192.927433894279,0.005294273963341339,0.03198054387019142,-2.4415001502403566,369.88243689906153,0.24143956580528847,0.10965294471153843,-7.307316706731113,1687.5375600961618,0.025159207857572113,0.04901404747596201,5.886230468749993,-775.8882962740474,0.22497457181490385,0.16067457932692195,-10.850923978365492,98.8018329327157,0.02842790339543269,0.0,11.702129657451799,831.749549278847,0.20577287409855768,0.11443434495192185,-11.38333834134584,1325.0826322116015,0.03299117337740384,0.0,0.2622633713943163,-163.80896935096223,0.18638619290865385,0.20325270432692258,-2.336613581730979,177.84705528848946,0.02989469088040865,-0.053603891225961715,2.5986891526441576,302.80949519231575,0.1691265399639423,0.19391150841346333,0.8614408052884374,746.0937499999635,0.02091634427584134,-0.06397611177884616,1.0877403846154527,238.2624699519258,0.1691265399639423,0.19391150841346333,0.8614408052884374,746.0937499999635,0.02091634427584134,-0.06397611177884616,1.0877403846154527,238.2624699519258,0.22713555908203126,0.008397984431340141,0.190337939453125,0.011773399939903843,0.21429891889523237,0.02378059895833333,0.1691265399639423,0.02091634427584134,39.74427204378076,112.9415585679804,118.6545602591653,168.14815321663505,95.74189557203016,85.12217207321837,52.90163180923235,154.31304485192481,153.64939098409135,50.02447592230249,141.20411447486418,177.86027482503832,157.55693016534926,161.59162946587963,27.483124796642723,1.6237883918835896,175.2994158425433,165.81184526433296,177.56676687251897,5.430549058845759,-2.188175527833867,5.702888246132315,-0.41519669704799217,-7.475867076918113,10.929235432792064,1.4931257348203872,-1.7574124586734559,7.388881265990082,6.7908923602958575,-3.3937791290204102,3.258392714805544,-0.9960495345018296,-1.6056661319290275,4.011176848935968,-0.5049687974379209,1.0372955036786953,2.3066088271825858,0.07268483094224891,-1.3480219504828905,-1.7909777417447965,418.077352792449,510.43227149933836,302.24496615179174,-394.59988485867666,121.09441500320439,431.2482522339238,-1263.2968493620021,1360.9308267766962,454.7086898224242,-8.382560880724192,357.00733226966037,163.4757090412006,402.6274790602617,-203.79117433275215,214.50964419891324,157.01158322054064,241.1182562140009,195.835659145129,190.7964271546311,447.0260786714707
50,stance,swing,0.25,0.23161981670673076,0.12592585637019305,6.997633713942396,2310.809795673046,0.020740365835336533,0.10400296724759607,-6.575176532451754,-2080.0593449519174,0.2230047137920673,0.10830265925480799,-1.192345252403747,744.3659855769206,0.012831017127403838,0.06043701171875021,-3.6108398437499574,-213.23805588942193,0.2258468487079327,0.0,-8.30772986778859,-84.49143629807276,0.0012068246694711543,0.045890925480769576,1.1328124999998561,-600.3699669471214,0.22884808819110578,0.0,-2.510892427884932,-936.5609975961451,0.000347139798677884,0.016624098557692354,1.7826021634614853,-140.25878906249974,0.19666233473557693,0.12952599158654032,8.13946063701913,2118.2767427884105,0.023803748497596144,-0.03946721003605654,4.168137770432921,700.5239633413161,0.19842185621995193,0.23040489783653897,0.35963792067328326,2604.9616887019106,0.012413630558894231,0.07832406850961503,5.743689903846123,-1163.2173978365324,0.18489945162259616,0.4862022986778842,-30.219914362980766,-2118.502103365388,0.010665189302884612,-0.16997445913461542,3.0770169771634976,704.3926532451903,0.19003074293870192,0.6775015024038455,-16.6421274038461,-5456.7307692307695,0.00568386606069711,-0.06427565354567283,-0.0037560096154132215,-222.8628305288577,0.19407816256009616,0.5824913611778831,-30.738243689903904,-2349.68449519226,0.00425581242487981,-0.030471567007211958,0.8718637319711494,670.2129657451937,0.2595031174879808,0.22733623798076844,-1.2792968749997236,579.0452223557436,0.005343158428485567,0.03007624699519204,3.3066969651443454,575.2516526442415,0.24190318885216347,0.1149883563701908,3.845966045672992,1899.90234375006,0.025649348332331734,0.05886230468749998,-2.732403094952008,-1026.6301081730794,0.22555309119591346,0.09661207932692142,-3.7396709735576454,1933.124248798124,0.02842790339543269,0.10470252403846071,11.688326322115396,-2095.4308143028506,0.2058806903545673,0.08357684795673163,4.2998798076926334,2585.054837740346,0.033014667217548074,-0.002201960637018827,-0.45513446514419603,46.07684795671072,0.1873321251502404,0.18089693509615296,-0.24113581730766642,691.9133112981128,0.029761061448317305,-0.05067420372596161,1.6292630709134586,358.5017277644283,0.1701519493689904,0.1875431941105758,6.751990685096009,1179.1428786057902,0.02061984487680288,-0.04389178936298056,-1.8903996394230262,-516.5640024038507,0.1701519493689904,0.1875431941105758,6.751990685096009,1179.1428786057902,0.02061984487680288,-0.04389178936298056,-1.8903996394230262,-516.5640024038507,0.22732986684945913,0.008781336857722352,0.1928185096153846,0.011364449368990382,0.21505402706830934,0.023802663949819707,0.1701519493689904,0.02061984487680288,42.55440131416463,118.81503705605489,119.72336849908314,164.01599575902662,98.7815183024356,88.58592622025988,51.517821724178624,155.28402544380418,160.56559735471268,49.08363376306979,140.56113663831496,176.52031378041627,156.9265003993662,161.93252265063643,28.016520329028882,2.2443783692786794,176.69613057204026,166.27811547582928,176.94425710283642,5.117893829768678,-1.1547880532725807,7.989765428242805,-0.8469904345246074,-8.297563046990712,8.73299863052143,6.333329563010598,-5.582183686823478,10.726720759900878,9.921791120454584,-3.512983268973421,5.3076973809061245,-0.3180464600267105,0.873122947551818,1.7718463308594485,1.227220262370886,1.2280400095299762,2.15574733416277,0.7745736981088485,0.5544006534529351,0.707534279976866,-175.40599958763968,345.84246784983884,-501.6554215987048,-19.593045838783745,-231.66307725339422,550.348564650839,-259.3771671353124,-368.43364061135577,946.4962951441065,68.11049820791933,175.80891929052515,155.8203810310352,354.8888134573452,-561.8052758019177,384.1142724558759,-48.786295158544114,-208.28717690044533,-41.709059134800086,326.40830747717007,372.5749132524293
51,stance,swing,0.255,0.23270194185697116,0.2132305438701935,10.793644831730546,-423.5464242788856,0.020931621844951925,0.01912560096153924,-10.400296724759597,-350.37935697118576,0.22348764272836538,0.12064115084134674,3.109036959134666,310.3778545673058,0.012980609600360571,0.03103027343750034,-1.1330003004807163,766.188401442295,0.2258468487079327,-0.019747220552884786,-7.710524338942467,313.2887620192474,0.0014358755258413458,0.03440035306490338,-1.963078425480793,-245.4833984374815,0.22884808819110578,-0.02122333233173233,-12.133037860576879,-811.2792968749371,0.0005133807842548077,0.01782602163461487,-0.18808218149035644,-218.95658052883897,0.19771792367788463,0.2170109675480756,13.0485652043266,-470.74068509611453,0.02379109074519231,-0.0012657752403832923,3.9467210036056506,-325.29860276446414,0.19993366887019232,0.2610652043269238,13.80746694711524,2853.1963641826515,0.012965679462139418,0.08055607722355772,-3.79976712740384,-505.5307241586525,0.1865431377704327,0.2627309945913451,-12.960298978365293,5584.904597355762,0.010242159329927877,-0.11680626502403858,0.0170898437500122,-896.6346153846089,0.19296351036658654,0.43939302884615467,-24.433593750000053,3584.9045973557386,0.0055221604567307625,-0.04814265324519225,-4.794358473557684,-451.84795673076803,0.19559271709735576,0.4030367337740367,5.868013822115653,7293.043870192313,0.004087261493389421,0.008718637319711502,2.2933255709134364,-691.9227013221212,0.26036713115985577,0.25160945012019353,2.2783954326921436,-148.8694411058139,0.00559503643329326,0.0650475135216349,3.3110163762020637,-543.6166616586678,0.24258944936899038,0.14811260516826838,11.691706730769504,1518.1603064904032,0.025747830904447114,0.021690016526441903,-4.380070612980811,223.35111177886,0.22594069260817307,0.12327786959134546,8.480318509615765,1366.6053185096248,0.0294749286358173,0.11688326322115407,-9.252178485576728,-2337.665264423077,0.206608642578125,0.15743314302884823,14.467210036057642,475.9615384614656,0.032969153771033655,-0.004551344651441964,0.723031850961424,265.67195012018533,0.18819516225961538,0.2008413461538459,4.582519531250155,-7.098858173071586,0.029387948843149034,-0.037311260516827115,6.183706430288444,185.80979567307756,0.17100197190504807,0.2614314152644235,12.652869591346349,-734.4125600961519,0.020477426382211533,-0.08288010817307644,-4.07789963942306,780.4800180288403,0.17100197190504807,0.2614314152644235,12.652869591346349,-734.4125600961519,0.020477426382211533,-0.08288010817307644,-4.07789963942306,780.4800180288403,0.22772113037109376,0.008965371938852162,0.19455019155649036,0.011321670297475958,0.21578384164663458,0.02394205416165865,0.17100197190504807,0.020477426382211533,40.79088606156714,119.24131615665794,118.63549322375927,162.91407668114996,101.56752996226201,89.92912460639477,47.818479473658755,172.30183745827597,151.376337636722,48.58304201392307,144.0355072818456,177.62691907268996,158.74857426983735,163.61011014599882,27.39584721570521,2.043140162996709,176.5884986529272,166.74486494716623,178.6270937480734,6.427587290837612,-3.9422355237102655,9.161312924630707,-5.431750913035045,-7.67179753530595,8.61260466025812,6.996611381328782,-4.351184130026582,3.704544859876521,16.25585531173693,-2.7126741469412163,5.016481907710797,0.5621542758085236,1.9432220026444273,-1.606875909083215,3.3361739271208415,0.5494325520932537,0.22373705817813042,-0.3444057604057523,1.916061124288813,1.9347713907795006,-837.6469161878814,-150.19188416543784,-738.8461467195748,51.39111469711906,591.0010650359866,-614.8654671739562,464.27528826312874,-1755.3199840578118,1267.1802936567176,246.35877401323293,-353.06509655103235,215.42970769043066,-16.537499396842545,-522.3549425885467,300.16321401734996,-205.98077421656424,-439.4507015097019,-312.81876480748264,-67.76409459527498,11.584742919074332
52,stance,swing,0.26,0.2337521221454327,0.2338623046874986,2.7621694711535363,-771.1838942307239,0.020931621844951925,0.0,-10.078970102163614,-35.72904146635644,0.22421112530048076,0.13939302884615468,1.9114332932693139,200.3831129807335,0.013141319861778841,0.04910700871394304,4.051044170672999,30.677208533641405,0.22564937650240385,-0.07710524338942475,-5.174842247596113,1400.7286658654323,0.0015508282001201884,0.02626014122596163,-1.3220214843749611,257.681039663462,0.22863585486778845,-0.1213303786057689,-10.623685396634311,2153.0761718749845,0.0005254000150240329,0.014743276742788788,-0.4069636418269065,-45.93599759616914,0.19883244441105768,0.26001164362980644,3.432053786057981,-1450.8713942307202,0.02379109074519231,0.0,0.9151517427882766,-297.93607271634465,0.20103250826322117,0.3684795673076915,28.891601562499822,-1553.5606971153707,0.01321919133112981,0.04032639723557659,0.6883826622595937,771.6252253605873,0.18752676156850961,0.3565993088942312,25.629131610576906,2479.285606971131,0.009497126652644225,-0.1698035606971153,-5.889329176682599,734.7599909855849,0.19442467322716347,0.4331655649038448,19.206918569711316,3657.3016826923117,0.005202439528245187,-0.1122192382812497,-4.522235576923098,1229.8396183894163,0.19810852989783653,0.6411714993990397,42.19219501201929,-2584.942157451969,0.004342998798076925,-0.0075383112980775754,-6.0473632812500675,-340.37898137018095,0.2620192119891827,0.2501201923076899,-2.767991286057864,-184.682992788398,0.005993633563701917,0.06318641075721271,-2.1294696514423364,-746.7604417067655,0.24338431490384616,0.23190542367788594,19.027569110577037,162.35351562493503,0.025866248497596153,0.015061598557691833,-0.49889197716340594,422.20365084136176,0.22678586989182692,0.18141526442307915,9.926382211538614,-142.08984375008123,0.029596736027644233,0.012180739182693346,-11.688326322115396,679.0301983172745,0.20745502178485578,0.22824894831730816,9.059495192307294,-1652.3813100961752,0.032969153771033655,0.005028357872595419,2.201585036057659,15.756460336566166,0.18934053861177885,0.22672213040865455,-0.31212439903838235,-814.7160456730953,0.029387948843149034,0.011162860576922885,3.4873610276442357,-866.0043569711482,0.17276626352163463,0.3140718900240394,-0.5921349158655159,-2505.93449519234,0.019791043795072114,-0.0846707857572112,5.914400540865384,1080.6415264422972,0.17276626352163463,0.3140718900240394,-0.5921349158655159,-2505.93449519234,0.019791043795072114,-0.0846707857572112,5.914400540865384,1080.6415264422972,0.22806211970402646,0.009037292480468747,0.1959849834735577,0.011210569411057691,0.21695853678385416,0.02393412741636618,0.17276626352163463,0.019791043795072114,39.23191927819827,122.15830852723664,116.02387728695585,161.0497334640058,101.75574339765289,93.65199376828619,47.31441348108994,161.22549002108443,166.86783366376466,46.84098111476876,145.82572523838587,177.22939519646346,158.92082009588972,161.1112020494835,30.07187630500863,2.8082311046052433,176.7643869609793,166.24319841593712,179.19016645131575,6.903123891752635,-9.531257215151403,6.487846586588425,-8.235451901720362,-7.783651900019521,14.643009280881301,0.18467489127103037,-0.9394308041921864,-6.826479080677255,22.59359405702177,-1.0493955288410897,1.7770464153957983,1.8362506168775978,0.7077479535833924,-3.4517030950260232,4.228852402544388,-0.831767732635668,-2.238759680934253,-2.3536139499659803,-0.12324029249981538,0.8233817091676094,-805.3634370887582,-330.0721942843714,-304.07703188397085,-171.2142109204159,812.2561128219884,-860.7641557777764,735.8374469317506,-1136.8442466793629,352.4987567918274,395.11261770403695,-816.6301830232022,186.68824148670515,-311.8513012209595,-99.5274331660399,-25.62040685786908,-266.002926804674,-379.5078801892775,-309.85290665779655,-536.2293764553606,-339.8814231821735
53,stance,swing,0.265,0.23504056490384614,0.24085223858172888,3.0818058894233005,404.1654146635089,0.020931621844951925,-0.08166410006009699,-10.757587139423162,1565.4202974759824,0.22488157301682693,0.1397554837740399,5.112868088942003,1080.9044471153354,0.013471679687500002,0.07154071514423037,-0.826228215144302,-921.5557391826752,0.22507579627403845,-0.07149564302884596,6.296762319711868,1373.816856971129,0.0016984769381009623,0.02118013822115376,0.6137319711538294,658.6820162259569,0.22763478440504809,-0.12746018629807554,9.397723858172984,2336.970402644183,0.0006608135516826957,0.0137563852163458,-0.6474421574520483,160.71026141826994,0.2003180401141827,0.25133150540865545,-1.4601487379806142,85.99384014418244,0.02379109074519231,0.007885742187499482,0.9673602764422011,-79.36448317305535,0.20361846454326923,0.5499812199519223,-1.728140024038481,-5795.748197115355,0.013368943434495184,0.08743990384615366,3.9164851262020393,-835.1956881009597,0.190109130859375,0.5190223106971144,11.832557091346041,-3607.891376201896,0.008544123722956723,-0.17569955679086463,7.364689753605868,1956.0922475961252,0.197295166015625,0.631462214543268,12.139423076923102,-3891.43254206727,0.0043999680739182645,-0.09336500901442327,7.50403771033649,1145.2636718750048,0.20200443209134616,0.82495868389423,-19.981407752404056,-9871.844951923058,0.0040118783804086455,-0.05175499549278923,-1.1104642427883762,1268.6204176682834,0.26286833308293267,0.22392953725961487,0.43156550480816197,953.2752403846295,0.006226900540865388,0.04375281700721152,-4.156588040865598,-428.84239783652515,0.24490850360576924,0.33838829627403894,13.315241887018855,-2191.781850961577,0.025898446890024032,0.01670109675480784,-0.15803410456718928,-111.41263521635663,0.22775484525240386,0.2225416917067317,7.059420072114952,41.203425480723475,0.029596736027644233,0.0,-2.461876502403977,821.9463641826858,0.20889113206129808,0.24802809495192124,-2.056603064904126,-983.642578124941,0.03301943734975961,0.017464505709134645,0.8805964543270858,-87.55258413462013,0.19046238356370193,0.19772010216346209,-3.564640925480805,379.9391526441977,0.029499577448918263,-0.0024376502403847234,-2.4763371394230473,-429.45274939903845,0.17414269080528846,0.2555100661057683,-12.406475360577074,-536.9403545673042,0.01963071852463942,-0.02373610276442254,6.72851562499992,-709.5853365384745,0.17414269080528846,0.2555100661057683,-12.406475360577074,-536.9403545673042,0.01963071852463942,-0.02373610276442254,6.72851562499992,-709.5853365384745,0.2281581796499399,0.009190648005558896,0.1986690467247596,0.010823200871394226,0.21817131472856574,0.023978636130308494,0.17414269080528846,0.01963071852463942,36.29055035909281,125.34542405819843,113.0175593907954,157.92756691009893,107.57164740623776,92.08239361649214,49.62590545627625,154.73922383927885,175.28891172717482,47.60438517618403,144.56222311426026,178.11746543216296,158.90276305108029,159.65093383328116,31.162229393031275,2.0043406474183816,175.61573512823267,165.25477242888778,178.61432399536494,6.970946047291463,-11.995869894597856,5.86059098178699,-8.472521231874756,-9.38393964451011,16.73516578847801,-1.6110301764489896,3.00719033929093,-7.663897606917118,19.780842879655207,1.2384520300991564,-3.1498199225212327,2.4290366906755767,-1.1752910095651703,-2.602150240743615,3.0799698585421504,-2.110596715953489,-3.571341743714648,-3.4429348269837203,-3.4462326402647983,-1.4640428410422375,-147.98448121201778,134.39962904965932,186.00553322474858,-468.3896434864191,-232.0845008022628,48.631106416565565,469.8404276301185,805.2414841294094,-1458.535306145225,320.3624690757995,-616.3825577124305,-12.580602274367958,-344.54913762119895,379.1975278656949,-330.2560075244392,-127.53670269721053,-29.551878141740247,56.46840756798432,-227.96775514529924,-186.45133815781182
54,stance,swing,0.27,0.23616064453125,0.26468036358173164,6.803823617788629,-208.10171274040994,0.020114980844350955,-0.1075758713942317,5.575232872596222,2151.5174278846303,0.22560868013822116,0.19052170973557475,12.720477764422677,133.8829627404445,0.013856727013221146,0.04084472656250001,-5.164513221153761,-64.20898437499419,0.2249344200721154,-0.01413762019230601,8.56332632211519,30.51757812494446,0.0017626295823317262,0.03239746093749993,5.264798677884614,350.34179687499955,0.2273612530048077,-0.027353140024038967,12.746018629807542,-75.62725360576981,0.000662963867187491,0.0082688551682683,1.2001389723557943,258.25383112983087,0.20134575946514424,0.2454101562500003,4.291992187499806,598.1257512018818,0.023869948167067306,0.00967360276442202,0.12150691105772243,-120.34254807689848,0.2065323204627404,0.35119816706730667,-29.065880408653772,1427.3024338942416,0.014093590369591347,0.07949124849759702,-7.663574218750011,-1132.7185997596325,0.19271698467548076,0.4749248798076917,-10.449782151442085,-1633.5073617788307,0.007740131084735577,-0.09615666316105656,13.671593299278669,-351.8629807692511,0.20073929537259616,0.5545597956730759,-19.707406850961416,-2473.858173076904,0.004268789438100953,-0.037178861177884735,6.930401141826958,-832.1908804086431,0.20635811673677884,0.441357421874999,-56.526254507211384,3796.236478365401,0.003825448843149032,-0.018642953725961347,6.638840895432779,297.4759615384507,0.26425850736177886,0.2544358473557715,6.7647611177884395,287.57887620184283,0.006431161733774032,0.02162053034855669,-6.417893629807591,-16.75180288457357,0.24676819786658655,0.3650578425480746,-2.890249399038755,-2539.4756610576037,0.02603325946514423,0.013481257512019939,-1.6130183293269733,-113.3000300480993,0.22901128680889424,0.25200946514422873,10.33841646634585,85.26141826928334,0.029596736027644233,-0.012438025841346446,-3.468862680288531,148.06189903847317,0.209935302734375,0.20768291766826688,-0.7769305889421256,839.3742487981509,0.033143798828125,0.013834322415866284,1.326059194711457,311.0539362980438,0.19131773963341347,0.19107572115384647,3.487267127403598,1200.0638521634492,0.029363572340745187,-0.013600510817307608,-0.8071664663461527,278.545673076918,0.1753213641826923,0.19000713641826855,-5.961538461538563,2153.771033653878,0.019553682767427888,-0.01738562950721194,-1.1814528245193665,-757.6810396634473,0.1753213641826923,0.19000713641826855,-5.961538461538563,2153.771033653878,0.019553682767427888,-0.01738562950721194,-1.1814528245193665,-757.6810396634473,0.22851624943659857,0.00909932532677283,0.20153849534254809,0.010759581580528843,0.21943539976462342,0.024020368527143426,0.1753213641826923,0.019553682767427888,30.671712660185243,123.86271598071058,111.18560324150009,155.62339343797458,117.94687979342167,86.75008996571847,48.09563313481735,161.1127858550867,175.48855076923607,48.25851255553402,143.08893859393126,179.18604973520462,157.98884073910372,159.95865837903705,31.518999997189372,0.8534744664013163,173.8207496648871,163.72264361602276,176.745192396759,5.989823979221996,-11.011102027271582,7.83184287708502,-6.3753965694728745,-12.467548334883716,12.322164272858672,0.6709859554366865,3.7589734721090027,1.2259357606168464,8.008240995569508,2.154229161916908,-4.386779161728512,1.7104445941339181,-2.7377434226286,0.3402721836309294,0.9262923272999927,-2.1071347596077743,-2.5342784623516557,-1.7889298742861366,-2.40291784395281,-1.0411316724105104,509.9906654324152,590.9274634597217,321.2554915422533,-402.19228956955106,-894.2368357227534,216.99230560512115,64.78408661794155,596.2256792860899,-1641.920308603974,-14.10542803781719,46.7466776225133,-301.2802658822572,-317.19488834355883,444.6697553908977,-271.3590420913576,139.14295559609857,367.0183272452781,329.1484380155335,323.732770825193,222.45970445883464
55,stance,swing,0.275,0.23768736853966346,0.30889047475961523,1.0007887620191993,-1442.495492788435,0.019855863131009607,-0.025911771334134723,10.757587139423162,380.0706129807799,0.22678679011418268,0.2669602614182668,6.451697716346449,-1457.1251502402927,0.013880126953125002,0.019895582932692706,-1.4683180588942444,403.5550631009547,0.2249344200721154,0.01413762019230601,6.601938100961313,337.195763221207,0.002022451547475962,0.07382812499999995,4.117149939903828,-1003.5963792067251,0.2273612530048077,0.0,8.641451322115286,-502.4977463942049,0.0007435021033653788,0.025757774939903753,1.9350961538462628,-212.6840444711512,0.2027721416766827,0.29425142728365355,4.5211087740382085,-386.68118990380793,0.023887826772836532,0.009100811298076708,-0.23606520432678477,-103.15880408653915,0.2071304462139423,0.2593224158653843,12.544884314903948,5785.757211538501,0.014163855919471155,0.010804161658653489,-7.410700871394297,784.5458984375019,0.19485837965745192,0.4145244891826934,-4.502516526442281,2569.0542367788626,0.0075825570913461565,-0.038983623798077814,3.8460599459133533,-2207.172100360554,0.20284076397235576,0.43438814603365367,-12.59915865384596,3604.1541466346484,0.004028179462139417,-0.024060997596153634,-0.8178710937499486,-1288.1798377403975,0.20641800631009616,0.2596961388221156,17.98095703124999,11108.529897836592,0.003825448843149032,0.014633413461538613,1.864295372596133,-956.5523587740506,0.2654126915564904,0.2915771484374993,3.3073542668265925,-1642.3339843749955,0.006443105844350955,-0.020426119290864447,-4.324106069711334,686.8520883413184,0.24855908203125,0.30948580228365136,-12.079514723557205,-1540.3583233172349,0.02603325946514423,0.0005709134615380912,-1.2910344050481835,155.59269831731626,0.23027493990384615,0.3259258563701903,7.912034254807786,-1687.4999999999197,0.029472355769230768,-0.03468862680288534,-0.9812575120192438,693.7725360577056,0.21096796123798076,0.24025878906249998,6.33713942307739,541.240985576927,0.03315778057391827,0.03072509765624923,3.991135817307527,408.66323617790846,0.1923731407752404,0.2325927734374981,8.435997596153697,27.024489182766384,0.029363572340745187,-0.010509314903846259,0.3091195913461347,185.8097956730776,0.17604276216947115,0.19589468149038264,9.131234975961725,2345.665564903933,0.0194568622295673,-0.03555063100961622,-0.8482947716345595,473.65159254809805,0.17604276216947115,0.19589468149038264,9.131234975961725,2345.665564903933,0.0194568622295673,-0.03555063100961622,-0.8482947716345595,473.65159254809805,0.2291924579326923,0.009125485933743988,0.20280394756610579,0.010697573617788458,0.22060509627904648,0.023987822703826118,0.17604276216947115,0.0194568622295673,28.73171118312511,127.61052256444884,108.91057601657282,152.21061260210345,114.14202464043869,94.0618715156002,52.20623925894788,159.24127199937087,176.75638489772018,49.29425280678053,141.35815229269954,179.84547105369282,157.66037719019067,160.28988702283843,31.242801741183584,0.37004827885143093,173.3934516756071,163.34745070533745,175.14843023740812,4.8243829288263695,-6.8959632402737,11.769865616384212,-5.25996631645222,-13.405862540205625,7.792797431250468,0.5588928796022237,3.655031205470346,-1.701640814056214,3.361639793615453,1.0973977497209844,-2.6823531462960992,-0.5837659681469981,-4.347239893000761,1.8445473131653662,0.36637943762857195,-0.719167159992502,0.09884152873813604,-0.15145044682838268,-0.20890493201286534,0.7605542035461106,1009.8663970656013,736.994841753805,590.3260868643557,-317.4545315525628,-202.07647072209642,-466.7522059665088,-45.58942410689984,-778.8721012695352,-854.9383390311135,-254.91667521748428,456.1848980187825,-426.6692522897479,-369.07477698687455,152.77312924977667,35.074109422638045,203.2181056841313,450.1745831254126,249.06184236372874,447.90354563275883,445.7981807103099
56,stance,swing,0.28,0.23924954927884615,0.27468825120192364,-7.621131310095734,-551.0441706730911,0.019855863131009607,0.0,9.375939002404024,-397.28252704326036,0.22827828275240383,0.2550386868990393,-1.8507737379802613,-540.1705228365834,0.014055682842548073,0.026161545973557552,-1.1289625901442109,-114.78365384615367,0.22507579627403845,0.05188176081730717,11.935283954327263,408.78530649042216,0.0025009108323317264,0.07356896033653824,-4.771165114182647,-791.2785456730845,0.2273612530048077,0.059061373197113964,7.721041165865489,-897.4609374999534,0.0009205416165865288,0.027619816706730946,-0.9267014723557196,-319.18569711539334,0.20428827373798078,0.2906212439903824,0.42518028846172357,-256.38521634610237,0.023960956280048074,0.007312950721154171,-0.91008112980767,372.01397235575877,0.20912554462139424,0.47664701021634626,28.79169170673129,-867.6757812500143,0.014201631986177882,0.005384239783653983,0.18188476562501482,797.3914513221115,0.1968622295673077,0.42989971454326886,15.240760216346564,3362.86808894234,0.0073502948467547985,-0.05769606370192299,-8.400127704326893,-1148.1276292067328,0.2050831768329327,0.4285682091346162,16.3341346153851,5313.626802884612,0.004028179462139417,-0.04535757211538423,-5.951397235577027,131.8922776442218,0.208955078125,0.621166992187499,54.559044471154635,-1601.3183593749857,0.003971782977764418,0.0,-2.926682692307736,-1296.1144080528932,0.26717427884615386,0.28750939002403747,-9.658578725961528,-1542.0860877403775,0.006226900540865388,-0.02162053034855669,0.4506272536055993,416.6729266826528,0.24986305588942306,0.24426269531250244,-18.293832632211117,-34.64918870203772,0.026038968599759613,0.0005709134615380912,-0.05709134615380907,36.874624399051385,0.23227054537259614,0.33112980769230665,-6.536583533653362,-2148.34359975961,0.02924984975961538,-0.022250600961538892,3.468862680288531,827.3456280048279,0.212337890625,0.27105431189904083,4.635479266827149,-839.5808293270029,0.033451049804687494,0.05374568058894159,5.412691556490546,-309.49519230766094,0.19364366736778846,0.2754356971153835,3.757512019231262,-985.4642427884468,0.029258479191706724,-0.010509314903846259,1.050931490384625,488.797701322129,0.17728031099759614,0.2813194861778859,17.49511718750079,-14.516977163498433,0.019198176457331725,-0.02586857722355754,3.5550631009616187,413.7620192307704,0.17728031099759614,0.2813194861778859,17.49511718750079,-14.516977163498433,0.019198176457331725,-0.02586857722355754,3.5550631009616187,413.7620192307704,0.22999122032752403,0.009333249605618984,0.20486286057692307,0.010702569110576918,0.22209495818309297,0.023903904058994386,0.17728031099759614,0.019198176457331725,27.864068235647757,133.3551563009833,109.17236117658902,145.33655075807545,116.36560638250269,92.8258557699504,51.19527913602279,158.83067021211758,179.16551280431273,48.85396065662757,141.4894781112571,178.44142726497878,155.45737165158977,161.05713366015874,31.58348318534553,0.8206256154470282,174.63056661349535,165.07557619024348,178.52574868001736,7.260113487822149,-0.9124380566155602,15.201791294623076,-0.4721357008293121,-15.642093650409347,10.301399565637706,-3.996536104228406,3.303079231040004,-6.562785252078512,-0.5411423947416334,-0.3949375902579374,0.17506981845931674,-2.556247928763564,-6.428491192497349,1.8680034761286974,1.2770334215263734,-0.07495370276645955,1.967467368902474,0.7016885493511531,2.076117612374782,3.416850134692592,966.6197693959402,306.6505811833612,1338.8158784186444,-678.8466902060799,743.6669894313154,-655.5157713013192,-124.44119991115434,684.3455779865915,-874.992322499768,-215.55179101642813,550.9717787536172,-53.22470649766434,-141.2560365500165,-178.82798778503923,245.18958716369605,56.082924860622136,286.06550137197763,333.1576888724704,183.85592417535938,445.690533526306
57,stance,swing,0.285,0.2404342510516827,0.23267916165865782,-4.509652944711716,215.40715144222594,0.019855863131009607,0.0678476186899056,6.784761868990555,-1616.0700871394743,0.22933717698317307,0.24845252403846416,1.0499924879806106,-672.1754807693152,0.014141742412860578,0.008605957031250588,-2.616154597355782,-308.0021784855936,0.22545323768028847,0.13349045973557874,10.689791165865538,-1325.3455528846732,0.002758141150841345,0.02611647385817344,-3.7956355168270246,640.3996394230695,0.22795186673677884,0.07721041165865496,-0.3331580528842553,-809.4764122596428,0.0010197002704326885,0.01649076021634655,-1.2567608173076734,249.258188100966,0.20567835411658653,0.2985032301682708,1.9572566105771827,-269.6439302884843,0.023960956280048074,0.0,3.484074519230806,796.3209885817403,0.21189691631610577,0.5472393329326974,3.8681265024037965,-4034.198467548227,0.014217698317307695,0.012623009314903639,0.563213641826826,-144.41856971153925,0.19915737680288462,0.5669320913461592,29.126164362981147,-886.3994891828097,0.007005596454326926,-0.12298490084134682,-7.6352163461539835,1274.1417518029007,0.20712644606370192,0.5977294921875048,40.5371093750002,-1255.9532752405055,0.003574603740985574,-0.08357496995192396,0.5010516826922706,605.7504507211808,0.21262967623197115,0.8052865835336624,1.967773437500118,-9050.386868990656,0.003825448843149032,-0.014633413461538774,-11.096848707932809,-1060.4529747596155,0.26828778545673077,0.19499136117788396,-12.113506610577195,655.761718750054,0.006226900540865388,-0.01591984675480845,-0.15737680288480266,-15.944260817284874,0.251001708984375,0.12654747596154,-12.426006610577582,3080.0030048076774,0.026038968599759613,0.0,-0.9222881610576693,-204.27997295673248,0.23358623798076922,0.2605600210336566,-13.57140174278833,-235.87740384623388,0.02924984975961538,0.0,7.292198768029042,247.21116286057145,0.21367850435697117,0.2866135817307715,-2.0586688701926468,-1310.114933894288,0.03369523737980769,0.08485201322115474,0.8961838942309148,-1032.1796123798354,0.19512749774639424,0.27016789362981075,-1.4186448317307787,-609.8069411058603,0.029258479191706724,0.0,5.197096604567429,582.5195312500108,0.17885595703125,0.37084585336539067,8.98606520432674,-2582.932692307881,0.019198176457331725,0.0,3.2893254206731477,-285.25954026442884,0.17885595703125,0.37084585336539067,8.98606520432674,-2582.932692307881,0.019198176457331725,0.0,3.2893254206731477,-285.25954026442884,0.23079413311298075,0.009443861741286055,0.20729775390625,0.01051686072716346,0.22342294859274836,0.023944601988181085,0.17885595703125,0.019198176457331725,27.244907103279022,136.08389249557442,105.98958534629587,145.17142926140875,122.547752919488,86.96729390829385,52.80879531693275,154.09643437546913,177.39018286462002,48.89522486027547,141.5510581635422,177.85866811644306,153.96187718659885,161.72300183685655,31.727506069169937,0.8010322074132685,174.97581425274402,163.641515712408,176.47468658439237,7.007952917315088,2.770234453685711,14.836371428217827,8.128192467734236,-20.19432944226643,15.229467325563629,-5.996264833410975,2.4106192063588017,5.141814965809707,-5.388283431382234,-1.0581201604432986,2.8273646412400777,-1.116013033123642,-5.759800258500928,0.05626743531497227,2.8182753092655344,-0.15833791138628012,2.9594965424579147,3.180126441896324,1.6296543097407301,5.217459538809175,509.3005225081729,-283.8151241412426,1455.4097208963926,-662.2940742469713,203.06647764428666,453.09575229138125,319.8325256302533,1852.680449732213,-202.11354512552592,32.79246420492962,298.7278059307591,405.8828626910531,343.31923282313926,-434.42231022720233,260.17308374716964,-13.70707966107624,226.22444206948913,518.2352458021104,-90.50931935099179,124.9914006109546
58,stance,swing,0.29,0.2415763408954327,0.22959172175480694,-5.467059795673497,97.59990985578263,0.020534339317908656,0.06784761868990485,-6.784761868990555,-2185.800405649073,0.23076280799278845,0.2655386117788453,-8.572528545673345,-398.1557992788214,0.014141742412860578,0.0,-4.2089843750001155,-73.2234074519275,0.22641070087139423,0.15877967247596145,-1.318171574519335,491.7743389422779,0.002762075570913458,0.035612605168268384,1.6328312800479823,823.5332782452218,0.22813335712139424,0.055729792668271445,-0.37372295673085665,667.6307091345299,0.0010854492187499926,0.01505220853365434,1.5658804086539146,211.87650240384133,0.20727330603966346,0.31019381009615404,-2.2712590144230917,-848.3511117788612,0.023960956280048074,0.042153695913461874,7.0531287560096505,-486.16849459135176,0.21459793795072116,0.5153282752403838,-11.55029296875057,-1566.3686899038414,0.014327862079326917,0.011016376201922185,-1.2623009314903628,-555.664062499974,0.20253155048076923,0.7211613581730774,6.376765324518558,-6187.180739182745,0.006120445838341343,-0.13404822716346204,4.341289813701984,647.5736177884787,0.2110604717548077,0.833939302884614,3.7746018629801723,-9111.328125000004,0.003192429762620186,-0.040347055288461574,0.10610727163471852,-2056.011493389418,0.21700794396033654,0.6408447265625,-35.944824218751,-1331.4490685096257,0.003825448843149032,-0.11096848707932695,-13.531212439903783,1238.3000300480958,0.2691241924579327,0.16637432391826676,-3.1009615384610556,1663.42397836545,0.006067702073317305,-0.0231942983774047,0.2911846454327522,-326.3878455528602,0.25112853064903845,0.12000262920672788,12.506197415865342,2770.2261117789685,0.026038968599759613,-0.008651968149038507,-2.099891075721113,-52.443284254812184,0.23487614558293268,0.19541579026442474,-8.895357572115676,1712.9845252403347,0.02924984975961538,0.05067138671875078,5.94097430889422,-1148.5501802884958,0.21520402644230768,0.2504676231971146,-8.465670072115598,-235.0510817307442,0.03429956993689903,0.06270751953125064,-4.9091045673077005,-371.86373197117814,0.19634534630408654,0.2612492487980759,-2.340557391827278,-196.00736177882496,0.029258479191706724,0.0414616511418275,6.876126802884674,-403.4236027644403,0.18098876953125,0.37118013822115237,-8.334209735577756,-2161.752554086492,0.019198176457331725,0.0070246769831735995,0.7024676983173593,-399.17931189905033,0.18098876953125,0.37118013822115237,-8.334209735577756,-2161.752554086492,0.019198176457331725,0.0070246769831735995,0.7024676983173593,-399.17931189905033,0.23172080172025242,0.009630901630108171,0.2104942420372596,0.01028542856069711,0.2246111684945913,0.024018791003104962,0.18098876953125,0.019198176457331725,30.59015124869563,141.51930051620357,113.29505242132795,135.77579831116412,127.24795306004057,86.9751280297065,53.17065205690977,154.97702657514452,173.92459754230725,47.978692789253664,143.19695557462384,176.7789861412381,150.63757832368196,161.73640502395722,33.2293544297214,0.2936546130175932,175.6202143847848,164.63469238126658,178.98751935863044,9.679386749131055,4.1805671684661165,12.363640053210679,14.081961508134464,-22.26503439287899,12.332064342080551,0.5344214186853598,6.501404487342504,11.96401924524343,-2.562277845996872,-0.06701294820864451,3.1623478777668774,1.5025806981469256,-2.9952988642659912,-2.476219626143281,3.878764258998043,-0.21202449937722054,4.229711789597342,5.884041007372204,1.1710244188648733,4.666764140802125,-76.40608119331277,-859.4869946846344,3231.750870769779,-2448.669957278451,-750.7032724845054,1006.952774934629,880.0736639573482,-493.49627460744153,433.12108207902065,235.9925863940967,-110.51156120940614,367.8249514126858,547.7030602118581,-411.97243905401075,106.61330507015676,26.18262887001818,177.62180506069564,310.28274708748734,-1.9533253446742043,-246.91289635576882
59,stance,swing,0.295,0.24273016826923077,0.1780085637019228,-3.533653846153889,1660.7572115384876,0.020534339317908656,0.0,-15.073242187500199,-150.3718449519164,0.23199256310096153,0.16272723858173063,-2.931565504807607,2822.1717247596457,0.014141742412860578,-0.033483886718750605,-3.3483886718750577,755.7373046875166,0.22704103440504808,0.12030874399038538,15.607534555288321,4100.961538461516,0.0031142672025240292,0.042444786658653276,4.439697265625202,227.53906250002015,0.22850916466346155,0.07347318209134639,6.343149038461049,1368.783804086537,0.001170222355769232,0.03214956430288571,0.8620042067307417,-399.37650240387245,0.20878029221754807,0.27579064002403986,-6.526254507211437,54.40579927882207,0.024382493239182693,0.07053128756009656,-1.377610426682716,-1410.6257512019288,0.2170501990685096,0.43173640324519164,-11.795560396634631,-369.6664663460851,0.014327862079326917,0.0,-4.9934269831729186,-452.9841496394268,0.2063689903846154,0.6306997445913448,-32.74564302884635,-5189.359224759528,0.005665114182692305,-0.07957200270432695,-1.1594801682691909,-1433.9317908653825,0.21546583909254807,0.6354755108173066,-50.57617187499992,-5111.478365384533,0.003171133188100958,-0.08251389723557677,-20.059063251201927,-1239.8306039663523,0.21903812349759616,0.44583834134615213,-11.346717247596152,2338.266225961672,0.0027157639723557614,-0.1499455378605767,1.2861515925481601,2112.4455378605726,0.26995152869591343,0.16398174579327338,4.5207331730773195,1031.2875600960356,0.0059949575570913405,-0.013008000300480925,-3.421255258413408,-988.5160006009578,0.2522017352764423,0.25160945012019353,15.276254507212126,-693.6786358173305,0.025952448918269228,-0.020998910757211147,-1.4467210036057916,280.0480769230694,0.23554039588341347,0.17160644531249977,3.5584435096150333,1658.7101862981199,0.029756563626802887,0.05940974308894226,-4.1933030348559255,-1188.194861778843,0.21618318058894231,0.20195688100961545,-4.409179687500091,1147.573617788473,0.034322312575120195,0.03576096754807769,-2.82245342548087,143.26359675479813,0.197739990234375,0.24676231971153795,-3.37871844951903,407.1138822115698,0.029673095703125,0.0687612680288468,1.1628605769230225,-1117.3189603365495,0.18256775841346154,0.28750375600961303,-12.631460336538202,364.0512319712646,0.01926842322716346,0.0070246769831735995,-0.7024676983173593,-589.6559495192478,0.18256775841346154,0.28750375600961303,-12.631460336538202,364.0512319712646,0.01926842322716346,0.0070246769831735995,-0.7024676983173593,-589.6559495192478,0.23256823260967546,0.009740142822265624,0.21334068885216348,0.010052473332331727,0.22569743151542468,0.024161300267928686,0.18256775841346154,0.01926842322716346,30.767310443814797,144.94822233298925,118.7592184759697,127.05986963485579,129.43720402251606,89.60577922192924,54.37441553418691,171.93304453368685,172.73552317657152,48.350746091821236,144.51055666196012,179.58962707704626,152.57980314858474,159.70733225606722,34.44118891861293,0.6248564595003605,177.49080374530948,169.25456921747272,177.48782897919858,11.373262008138534,2.0061736417525826,6.2415014813714755,40.445701175432056,-44.68102901505096,7.722434600718568,4.073262915935324,11.211355845932292,0.20685221973528714,-1.0570726105920238,1.3018057034976704,1.7222490291460153,2.5622364810032194,-0.282769656382342,-4.0634569552251385,3.884408359967103,0.10348837731390192,4.7357145930648725,6.2829539127712,1.610121056293988,2.7483305752514844,-518.5002993603439,-1582.429278710566,4284.294084124015,-5349.302560904277,-913.4258244245771,299.6941254209257,534.0635676434315,-3094.7550276457114,-285.577919192645,314.2673857916561,-461.62088341141697,10.514526713221164,385.4115172946486,-147.3056358516975,-80.23785710998139,53.392274182250404,-217.9578845158355,-244.18769775665217,-38.66734204889691,-458.60905391371944
60,stance,swing,0.3,0.24335642653245193,0.19425518329326802,11.140512319711394,1431.0208834134824,0.020534339317908656,-0.08288480318509726,-8.28848031850972,2336.1722506009896,0.23239008037860576,0.2362229567307692,19.649188701923133,632.2303185096177,0.013806903545673072,-0.033483886718750605,3.3483886718750577,898.5971304086685,0.22761378831129808,0.3148550180288448,39.69144381009586,373.32857572117035,0.0031865234374999912,0.08000957782452044,3.9082219050481855,-1047.278771033691,0.2288680889423077,0.11916128305288198,13.314115084134524,1236.9666466346928,0.00140694486177885,0.023672250600961765,-2.4278846153848135,-244.21574519231592,0.21003121243990386,0.2449312650240396,-1.7272010216348705,1032.3768028845907,0.02466626915564904,0.0283775916466347,-7.0531287560096505,-531.6725510817313,0.21891530198317308,0.3973726712740374,-15.246957632211425,-1154.6724759615129,0.014327862079326917,-0.03891789362980704,-5.7921424278846345,538.574218749975,0.2088385479266827,0.39370492788461353,-45.51682692307677,-357.3279747595688,0.005324725811298073,-0.14564302884615396,-9.998028094951854,892.8973858173096,0.21741522686298076,0.32817758413461434,-47.34018179086521,2082.4631911057977,0.0023672907902644175,-0.24093768780048103,-12.292198768028817,3876.8498347355776,0.22146632737379807,0.5273775540865384,-12.562161959134265,-3230.900691105784,0.0023259934645432634,-0.09810697115384534,7.593242938701963,575.6929837740217,0.2707640099158654,0.21158165564904,7.21191406249931,-249.0985576923389,0.0059376220703124954,-0.05740685096153881,-9.593975360576835,343.44951923077815,0.2536446251502404,0.2727651742788493,5.569411057692031,-612.8305288462523,0.0258289794921875,-0.023119178185096435,0.7005896935095834,-80.84810697114841,0.23659221003605768,0.2310002253605751,7.691744290865539,69.5049579327588,0.029843947190504802,0.008738356370191484,-5.94097430889422,66.0400390625202,0.21722359525240384,0.20637582632211363,3.010066105769144,1730.2809495192653,0.03465717961237981,0.03448298527644192,-3.476468599759718,-62.584510216331815,0.19881296950120192,0.22746206430288554,1.7305814302884233,1175.800030048049,0.029946091871995192,0.05309025691105774,-4.297062800480832,-647.1886268028786,0.18386380709134614,0.24486553485577023,-4.693697415865107,1815.2606670672428,0.01926842322716346,0.0,-5.1940917968751235,-378.91564002404016,0.18386380709134614,0.24486553485577023,-4.693697415865107,1815.2606670672428,0.01926842322716346,0.0,-5.1940917968751235,-378.91564002404016,0.23305709604116587,0.009733677790715142,0.21533332331730767,0.009802428260216342,0.22681686949118587,0.02424704057742388,0.18386380709134614,0.01926842322716346,31.527530536833943,145.7423582976046,120.60783689736868,125.17733534186061,130.67341246402444,91.10597320947696,60.80475005973284,161.55869431687205,179.41594129689648,49.28325265192928,143.96565521528507,179.29321427582477,151.6909061905207,158.81649522918391,35.536904988905825,0.6323580943292696,179.38591614394954,169.5764441713088,179.5254489924426,10.916381074527441,-1.0044358251373278,-3.4606527338949946,56.924902349374655,-75.7580600019218,3.197806097834774,3.5313626728946192,11.842040163776824,-18.98353103121371,-5.418057037923325,3.0756609097079197,-1.4538609563472957,1.6077259652791374,0.8588163086804982,-3.9492759846602574,3.0763856878982283,0.32189824244528403,2.0501329444389853,3.44216402980568,0.7843509983759038,0.0806736016649267,-454.33895431178183,-2050.2243346065993,-40.16314662551604,-4391.417998652579,-859.4006470093326,-225.53203673459439,-567.9474806580754,-2335.4522453686322,-837.2901503373448,241.74136891877046,-507.51710363453293,-315.47787490183447,-5.910552032344357,118.91374013343261,-162.70532828718459,12.069571369718673,-607.3465637364784,-501.11888512027656,-184.9910446505906,-152.0334005385876
61,stance,-,0.305,0.24467272010216345,0.28941368689903685,10.776554987980948,-1341.308593749975,0.019705491286057683,-0.08288480318509726,8.28848031850972,1707.5664813702247,0.23435479266826922,0.35921912560096214,3.390737680288577,-2698.899489182692,0.013806903545673072,0.0,5.637582632211636,-105.91947115384781,0.23018958458533653,0.5172231820913443,19.34082031250003,-3547.2130408653234,0.003914362980769234,0.08152700570913517,-6.0330904447117195,-907.9120342548296,0.22970077749399037,0.20661433293269174,18.71281550480799,1381.9673978365495,0.00140694486177885,0.007870718149037552,-1.5801532451924198,197.72573617791946,0.21122960486778847,0.25851862980769114,3.797513521634479,269.5124699519653,0.02466626915564904,0.0,-6.694335937500034,154.334435096159,0.22102392578125,0.27926682692307725,-23.34228515624977,539.9076021634341,0.013938683143028846,-0.057921424278846396,0.39231520432683636,962.8530649038572,0.21030603966346154,0.17553147536057673,-36.318922776442044,3255.709134615361,0.004208683894230764,-0.17955228365384557,7.769493689903912,2795.3256460336374,0.21874761493389422,0.162073692908654,-29.751539963941926,3131.554236778846,0.0007617563100961455,-0.20543588491586504,18.709435096153882,3135.2351262019156,0.22431189903846155,0.32021672175480936,-43.655724158654024,-1256.5354567308198,0.0017346942608173072,-0.07401310847355701,7.043081430288383,-212.99391526444163,0.27206734525240384,0.23610088641826654,2.0297475961539284,-0.33804086529940464,0.005420889047475952,-0.10894775390624935,0.013239933894376709,1984.6285306490217,0.2549293870192308,0.3073035606971139,9.147949218749599,-330.6603064903146,0.025721257136418263,-0.013993013822115307,-2.2552020733172764,-389.770507812497,0.23785039813701922,0.24852388822115523,4.253493088942622,-72.52854567310571,0.029843947190504802,0.0,-3.532902644230723,76.84795673076874,0.21824693885216345,0.23205754206730692,12.893629807692577,640.5686598557875,0.034667142427884615,0.0009962815504804814,-3.4482985276441886,321.6552734375119,0.20001461087740385,0.2640681340144222,8.379281850961469,147.10411658655417,0.030203998272235577,0.025790640024038445,-5.309025691105769,123.06565504807668,0.18501641376201924,0.24056678185096192,5.521146334134242,853.8161057692041,0.01926842322716346,-0.044916240985577685,-4.4916240985577645,968.571589543288,0.18501641376201924,0.24056678185096192,5.521146334134242,853.8161057692041,0.01926842322716346,-0.044916240985577685,-4.4916240985577645,968.571589543288,0.23472946871243988,0.00970842566856971,0.21712381685697119,0.00906201735276442,0.2280208489833734,0.024187609550280445,0.18501641376201924,0.01926842322716346,29.755886294425117,142.58918549539047,168.19784017424226,78.96886062479238,132.3961808211133,89.83787194643077,64.445598491847,147.87031940895395,170.08186513325688,49.82830417429413,143.742686542098,179.74860007613444,152.4225040832079,157.65834361860536,36.096761657928965,0.6402121435639123,179.35020626841325,169.49936618467567,178.70435118150385,10.494990871978857,-2.5372159013652396,-14.260741864694536,40.044069709176895,-88.59520900157679,-0.8715718693747646,1.817942548589378,5.531881039351533,-23.147670233951057,-9.42997411396548,3.719219392685377,-3.3529220071993184,-0.5925422680151277,-0.34187517670578565,-2.8743195538908113,2.2573550770952555,0.22418409101108877,-1.3377510442999163,1.2717650615684295,-0.23978939021191947,1.227996569865607,-111.68266698676413,-1852.9217953866494,-5890.448614233582,1080.8728146485241,-689.764561290328,-294.56582649742325,-1323.7716609299841,969.7534983634508,-146.9897188425048,-31.027864711649062,-150.99096207030956,-328.0683314440175,-187.41414007384682,244.28207664232772,-202.91744123052865,-10.9688215114752,-455.2324477982676,-210.56540749278392,-252.70628805257945,335.688199112899
62,stance,stance,0.31,0.2462505634014423,0.3020207331730776,-2.2725736177883684,-1792.3302283654132,0.019705491286057683,0.0,8.787184495192543,-708.5524338942394,0.23598227163461538,0.270130333533655,-7.339806189903807,648.3248197114965,0.013806903545673072,0.02289193960336581,2.2891939603365787,-792.6776592548208,0.23278602013221153,0.5082632211538453,4.2193134014426,1285.8698918269365,0.004001793494591344,0.019678673377403182,-5.170898437500118,776.2826772836746,0.23093423227163462,0.30628943810096204,27.133789062500032,1864.6897536057318,0.0014856520432692255,0.007870718149037552,-0.450627253605617,559.6172626202141,0.21261639873798077,0.28290640024038444,0.9679236778847846,-910.1562499999853,0.02466626915564904,-0.038565767728365695,-5.509784405048059,762.7422626201982,0.22170797025240385,0.16394981971153952,-9.847881610577078,2088.7545072114876,0.013748647836538452,-0.034994741586538675,3.836388221153946,88.02208533655028,0.21059386268028846,0.03051570012019275,-12.959735576923126,4439.3028846153475,0.0035292029747596154,-0.06794809194711476,17.955228365384542,285.7008713942201,0.2190359637920673,0.03066218449519484,-16.02463942307672,2892.9161658653097,0.00031293194110576517,-0.05384333683894205,19.06015249399037,-1391.2447415865383,0.22466849459134616,0.09082031249999781,-25.127516526442474,3772.6675180288953,0.0015858623798076926,-0.02767615685096145,5.463303786057545,-670.0533353365383,0.2731250187800481,0.2318791316105793,7.208533653846316,749.4553786057103,0.004848144531250001,-0.05727445162259504,10.2523099459134,364.2578124999759,0.25671766075721153,0.36424466646634535,2.2628079927888822,-2383.056640624985,0.025689049353966348,-0.04567119891826922,-3.19711538461539,472.8534405048072,0.23907744891826924,0.27353515625000135,6.966458834134481,-110.61448317312163,0.029843947190504802,-0.026590670072115772,-5.172494741586532,364.29537259616194,0.2195441706730769,0.3353121243990395,9.415752704327025,-1941.7630709135053,0.034667142427884615,0.0,-0.25991586538459627,215.83909254807523,0.20145365084134614,0.3112548828125003,3.201622596153966,-1510.4417067307822,0.030203998272235577,0.0,-3.0664062500000644,372.24872295672685,0.18626947490985576,0.3000769981971127,3.8444636418269416,-1651.799128605686,0.018819260817307684,-0.044916240985577685,4.4916240985577645,1071.589543269244,0.18626947490985576,0.3000769981971127,3.8444636418269416,-1651.799128605686,0.018819260817307684,-0.044916240985577685,4.4916240985577645,1071.589543269244,0.23648827185997595,0.009749960092397831,0.21772453801081731,0.008768582857572113,0.22936457081330128,0.02401192376552484,0.18626947490985576,0.018819260817307684,29.875077390922026,137.9299134734246,161.70313033746086,53.648294254958245,129.78560005465732,92.81300061781195,63.45443676551438,146.40946544955207,167.26530154259714,51.787806386969706,141.46582279055934,179.3834905148726,152.27107388499076,156.99708827981684,36.86169917253593,0.8316012506978532,177.28473081639348,170.3065395530519,179.11919721223956,10.696325592096327,-2.12126249500497,-21.989870687761506,-1.979583792961213,-64.94933185543655,-3.6998395150685117,0.5857044079203838,-1.3956764455230295,-9.285996047579195,-6.887954226348374,2.765382262591429,-2.9637705770503926,-1.67295734916104,-1.0153250920579717,-1.5064552182369781,1.04721127559294,0.21221002733053193,-2.502191533543694,1.3365099548778392,-1.7427118821498928,3.43755559279392,369.00888420251454,-1639.772888449948,-8973.407591794785,5698.410996225488,-399.209379938185,-192.99800137173995,-694.3982109949608,2080.5761142473953,1065.1667085774966,-350.3382044875852,323.8396540371318,-88.23605870480462,-100.68095723137364,339.5974586528088,-300.6540096757643,5.307770102033539,129.43562432795795,-135.2628624100036,-290.1559726242548,417.5879077355516
63,stance,stance,0.315,0.24769292743389423,0.26668795072115314,-7.146747295673202,-833.9655949519394,0.019705491286057683,0.004987041766828233,1.2029559795673197,-512.7610426683126,0.23705609600360578,0.285821063701924,9.873985877403548,820.6693209134288,0.01403582294170673,0.02289193960336581,-2.2891939603365787,-1243.736853966348,0.235272216796875,0.5594163161057704,32.199519230769404,1471.7360276441614,0.004111149714543266,0.029818021334133943,1.7297363281250333,642.3621544471415,0.232763671875,0.4779522235576923,37.35971304086532,1055.851862980736,0.0014856520432692255,0.0033644456129813785,4.016019381009726,953.0310997595939,0.21405866887019231,0.268197866586539,-5.3040489783653815,-598.407451923104,0.024280611478365383,-0.055097844050480634,0.9330866887019543,796.5839092547978,0.2226634239783654,0.1807880108173064,-2.4547400841348717,977.5390625000302,0.013588735727163459,-0.019557542067306904,1.27253605769234,-940.7489483173301,0.21061119666466346,0.04593411959134537,8.07410606971147,1562.6690204327235,0.0035292029747596154,0.0,10.626502403846116,-1097.383939302876,0.21905423677884617,0.001827298677886667,-0.8223783052888053,1863.5441706730214,0.0002233229417067245,-0.014834359975961206,4.7969876802884865,-1757.6716496394235,0.22522010216346153,0.06894155649038441,-5.929048978365037,2104.417067307707,0.0014579326923076924,-0.01938007061298151,0.34254807692299316,-779.0057842547833,0.27438613656850963,0.30818622295672976,9.524301382211037,-1211.6511418269163,0.004848144531250001,-0.006424654447115257,3.6558180588941385,-896.7379056490341,0.25857183368389425,0.32993164062500274,-14.682617187500275,-2444.5988581731576,0.02526454514723557,-0.04596416766826923,2.4733323317308,542.9875300480682,0.24058574969951924,0.3181884765625001,3.1473482572114047,-1355.8255709134569,0.029578040489783644,-0.05172494741586537,0.11005108173089963,859.5158503605765,0.22160006009615385,0.32621506911057724,-6.524000901442495,-1548.020582932709,0.034667142427884615,-0.0016028771033654839,-1.2899076021634346,-213.23805588942196,0.20312715970552886,0.2960843599759619,-6.725135216346367,-1123.6853966346237,0.030203998272235577,-0.004873422475962226,-1.5865384615384974,228.88183593751324,0.18801718374399037,0.27901141826923137,-10.996844951922636,-1443.7537560096328,0.018819260817307684,0.0,6.224271334134684,122.81212439903236,0.18801718374399037,0.27901141826923137,-10.996844951922636,-1443.7537560096328,0.018819260817307684,0.0,6.224271334134684,122.81212439903236,0.23819622802734378,0.009834528996394226,0.21832152569110574,0.008615961162860574,0.2310480205829327,0.02389685528094952,0.18801718374399037,0.018819260817307684,28.058610703875438,128.2482575099936,146.4946107017825,46.30496389566433,128.82689474215812,91.02356487653707,61.23333191810398,147.29435910202682,168.67723140143562,52.23905958530326,141.2471406852143,178.48084570378714,151.41199531174877,156.5861478231383,36.99650229838244,0.8109573705991407,177.2925644065374,170.71047695253168,177.4819131584669,13.704088111864886,1.1528729406599092,-30.658470749194027,-49.690006208771024,-31.61109903932186,-4.863665668756618,-0.11203746512802305,-1.4121010705980805,-2.341909091477088,1.2216929718094949,0.21583734780952193,-0.11452546682799704,-1.4749028550631746,-1.348684749019523,0.52165503263728,-0.7491850196623899,0.2772617920314242,-0.04339480102033551,-0.0808635625316078,-3.14134911645447,5.403875647221127,938.3877289964732,-1166.3133347448643,-4663.471467764353,5725.065221500165,-50.44418279561915,-373.12231639258613,127.02076741890365,629.9213056633535,1112.5502563098855,-565.6346392902046,676.553745624252,176.62250862417542,74.35100094799184,366.16716258706043,-374.8147612449342,94.88247982132454,412.87137498907373,-381.4024805042264,-106.62671790174973,126.29561659175981
64,swing,stance,0.32,0.24891744290865384,0.2305532602163455,-10.612229567307768,223.98963341349514,0.019755361703725965,0.012029559795673207,3.659574068509413,104.81144831730991,0.23884048227163462,0.3688701923076906,0.8668870192304882,-1445.4439603364913,0.01403582294170673,0.0,-10.148174579326913,-1539.5226111778834,0.23838018329326924,0.8302584134615396,18.936673677884226,-5334.097055288491,0.004299973707932683,0.03697603665865353,1.2527231069713023,183.84728064904607,0.23571375450721155,0.6798865685096156,37.6923076923074,623.0280949519313,0.0015192964993990393,0.04803091195913485,9.07968374399033,-10.04732572117141,0.21529837740384616,0.22986591045673058,-5.01615084134626,326.94185697115654,0.024115290715144233,-0.029234900841346143,2.4560546874999267,-88.07842548076678,0.22351585036057692,0.13940241887019078,-0.0724909855767674,448.26096754812954,0.013553072415865383,-0.022269381009615265,-5.571101262019363,-877.0564152644329,0.2110532038762019,0.11125676081730752,2.6669546274041225,-1864.3141526442314,0.0035292029747596154,0.03831693209134648,6.981388972355773,-977.3606520432747,0.21905423677884617,0.022438401442306778,2.610802283653508,-44.75285456725916,0.00016458834134615297,-0.005873460036057149,1.4834359975961193,-222.81588040866328,0.22535791015625,0.03152982271634738,-4.083345853365388,413.7056790864945,0.0013920616736778774,-0.024250676081731516,-2.326754056490295,-114.28598257209845,0.2762068810096154,0.32712214543268975,-4.907977764422856,-1834.5665564902758,0.004783897986778848,-0.020716271033653626,1.2849308894230502,108.50172776442867,0.26001697716346156,0.21741849459134246,-22.183180588942715,651.3671875000831,0.025229407677283655,-0.020937875600961203,2.232759915865297,-222.95673076923254,0.24225933368389424,0.30500863882211543,-6.5917968750000995,-1735.9713040865315,0.029326697716346148,-0.025490159254806775,3.4226637620192393,-117.46920072118442,0.22280632136418269,0.2700721153846145,-6.06445312500008,-82.74489182688562,0.03465111365685096,-0.012899076021634358,-2.392296424278818,-493.51149338942736,0.20441449444110577,0.24400353064903657,-8.035231370192282,514.6296574519693,0.030155264047475955,-0.01586538461538499,-0.7775878906249298,92.82977764424304,0.18905958909254808,0.19010854867788624,-10.593073918269399,1133.1693209133932,0.018819260817307684,0.017326472355769215,5.719745342548089,-324.81971153847013,0.18905958909254808,0.19010854867788624,-10.593073918269399,1133.1693209133932,0.018819260817307684,0.017326472355769215,5.719745342548089,-324.81971153847013,0.24046296574519233,0.009902613713191104,0.21885591571514423,0.008550843224158652,0.23246059945913464,0.023827606983673876,0.18905958909254808,0.018819260817307684,29.57862448128835,122.28548280958614,138.90841247395315,46.20155414565537,127.88314287030494,90.92703199785205,61.61802553664717,146.1732031607557,168.9810538292459,51.625839212525,141.36685470686749,177.68536678580244,150.9561996837202,157.29928524373778,36.43718793895195,0.8263750353859012,177.14260757366284,170.66262479420445,177.75238594284488,13.616006653901918,7.26261479495977,-33.65300403521016,-48.61429847060479,-7.698679640434862,-4.204281343024704,-3.1455187560054805,-0.1254687713339918,-2.986782990945655,4.237548336750493,-2.890964130310622,3.801766879192133,0.09326773708071548,-0.27181508257805276,2.1552164076336293,-2.7009363368564054,1.1610348255437781,1.6265222163470467,-2.4775148501644284,-2.808979061167391,4.700511758711519,1396.519631408829,49.820643354647444,4753.787091224818,7473.7297313194695,-23.850738004047557,-427.36282501457373,-111.96219909844966,137.1347787470298,476.38614266719696,-435.77239068399643,511.62794294359236,284.4801141795767,310.94839413716215,202.6110085576157,-304.9348407748037,196.73043128201618,90.44895491066447,-293.85618966334573,259.7056472571908,-330.43453458157757
65,swing,stance,0.325,0.2499984600360577,0.16056565504807538,-4.9068509615382485,3096.210186298096,0.019825786884014415,0.041582782451922394,2.2510704627404197,-781.7852313701641,0.24074479792668269,0.2944899338942289,-4.580453725961377,1392.8410456731342,0.01403582294170673,-0.0785898061899034,-17.684420072115426,516.3668118990231,0.2435748009314904,0.7487830528846128,-21.14145132211555,-197.97926682685176,0.004480910081129802,0.04234525240384698,3.5682091346154956,125.58218149036313,0.23956253756009616,0.8548753004807667,43.58999399038464,-2793.8326322114945,0.0019659611628605744,0.09416128305288476,3.915546123798012,-1232.7693058894301,0.21635732797475962,0.21803635817307634,-2.034630408653813,504.0001502403789,0.02398826246995192,-0.030537297175481343,0.052302433894285634,-474.9098557692137,0.2240574481670673,0.1800631009615387,2.0278695913464273,-859.6567007211596,0.013366041917067306,-0.07526855468750059,-7.498028094951996,389.7798978365608,0.21172376427283654,0.07260366586538662,-10.56903545673086,-836.3694411058198,0.0039123722956730805,0.06981388972355779,0.8528958834133612,-951.810396634623,0.21927862079326924,0.02793532151442177,-1.2699068509613973,-360.6896033653264,0.00016458834134615297,0.0,2.568828876201852,115.5818058894278,0.225535400390625,0.028108097956730502,-1.7919921875000882,236.91030649039485,0.001215425931490377,-0.04264761117788448,-0.8003117487979924,537.9544771634534,0.27765735802283653,0.25910644531250115,-8.821364182691735,733.2857572114858,0.0046409818209134646,0.006424654447115257,4.740835336538426,-192.71146334134906,0.2607460186298077,0.1080998347355754,-8.168945312499439,3192.4767127404134,0.025055166391225958,-0.02363656850961624,0.24376502403847233,-151.05731670671213,0.2436358360877404,0.25227050781249905,-14.212364783653927,-277.24984975960245,0.029323138897235576,-0.017498309795672948,-1.0646409254809455,-532.5646033653832,0.22430078125,0.2655705378605764,-7.351449819711352,35.888671875011426,0.03453815166766827,-0.025525841346153686,-6.225022536057712,-600.2948467548186,0.20556719501201923,0.215732046274039,-1.57883864182667,1010.3853665865108,0.030045344426081727,-0.012649301382211531,-0.6582406850960663,-152.57850060096345,0.18991826923076924,0.1730806790865373,0.33484825721130623,1518.5922475961754,0.018992525540865376,0.057197453425480944,2.97607421874998,-1024.8084435096173,0.18991826923076924,0.1730806790865373,0.33484825721130623,1518.5922475961754,0.018992525540865376,0.057197453425480944,2.97607421874998,-1024.8084435096173,0.24347014911358172,0.01007712026742788,0.21939051231971152,0.008529338191105768,0.2336375763721955,0.023765884790665062,0.18991826923076924,0.018992525540865376,32.03398181849825,105.53558675160573,105.58172884550686,32.08012391239938,125.93861253199285,91.53126234941526,63.85478677297895,144.08113648940173,170.46604838097255,50.36126842146232,143.64479984890957,178.91155254159708,151.41915996410404,158.2528056066406,35.233518700480516,1.122016273984902,179.41773934260564,169.00428671803954,174.6715810603988,16.86388783815218,15.11806925474821,-30.160264315647552,-2.152135296522804,43.1261982738729,-5.102173048797094,-4.385665715273764,-2.531723061582578,-0.9705613040067886,5.985554398481469,-4.141886559030446,5.001753962607931,1.3698982867325948,1.7607991923521011,2.5477651182134387,-3.7985334274104297,2.2445661048515877,0.8610947480863099,-3.0194254591650678,-0.5442926438825597,2.0995303014053484,991.1279163377978,489.68482791773937,5801.930511555276,6303.373599975331,-236.49600584744366,-165.58638481227706,-663.1309411595964,530.9755496187519,269.92699911888303,-100.74800967534641,5.348622915160024,141.3003811718558,416.96822140158946,-86.37102610042454,-93.89742736911826,158.1093579840077,-214.99941131384722,162.6503788548736,364.34311485353743,-482.8492318362268
66,swing,stance,0.33,0.2505230994591346,0.18148475060096297,20.34987229567322,2081.2612680287893,0.02017118952824519,0.03454026442307742,-4.1582782451922355,-1070.0589693509703,0.24178538161057692,0.32306565504807677,14.795297475961842,1550.856370192306,0.013249924879807695,-0.17684420072115442,-4.984506460336677,2677.1052433894392,0.24586801382211537,0.6188439002403839,16.956881009615707,3807.8988882211856,0.004723426231971153,0.07265812800480852,2.5085449218749347,-799.795297475992,0.24426250751201922,1.1157865084134624,9.753981370192434,-8737.323467548082,0.002460909329927888,0.087186373197115,-3.248009314903982,-840.1254507211356,0.21747874098557693,0.20951960637019243,0.023850661057533952,415.9968449519151,0.02380991774338942,-0.028711876502403286,-2.2930438701922142,-275.14648437501546,0.2253164813701923,0.15968111478365507,-8.669057992788371,-280.96829927889905,0.012800386868990377,-0.09724966195913529,-1.6733022836537519,860.5675330528979,0.21177924053485578,0.005566406249998818,-5.696739783654082,1207.6134314904198,0.004227341871995194,0.046845890925480096,-2.536714993990465,510.7703575721309,0.21933358999399039,0.009739332932692793,-0.9960937499997586,166.9170673076754,0.00016458834134615297,0.01981482872596139,2.6392540564903983,-366.5771484374904,0.2256389911358173,0.013609900841346488,-1.7142427884614369,120.24864783655136,0.0009655855618990322,-0.03225379356971145,3.0527907151442437,354.0696364182629,0.2787979454627404,0.23890850360577232,2.4248798076920077,1343.8814603364233,0.004848144531250001,0.02669208233173068,-0.642183743990442,-800.7342998798107,0.2610979755108173,0.135729041466348,9.741586538461448,2614.1826923076137,0.024993041992187492,-0.018500225360576477,0.7221867487981746,72.40647536056721,0.24478203876201923,0.16288499098557604,-9.364295372596127,2190.617487980767,0.029151714618389418,-0.03613656850961624,-1.9029822716345974,255.38048377407515,0.22546202674278845,0.19655761718750092,-5.705566406249965,1279.5785757211097,0.03439585524338942,-0.07514930138221153,-8.39524489182701,597.3088191105742,0.20657181490384616,0.22821514423076986,2.068622295672835,53.109975961501306,0.03002877103365384,-0.022447791466345658,-2.3033728966345657,0.9483924278685487,0.19079039588341346,0.1934570312499993,4.592848557692368,584.0970552885001,0.019391235351562494,0.04708721454326904,-4.528339092548093,-721.5012770432609,0.19079039588341346,0.1934570312499993,4.592848557692368,584.0970552885001,0.019391235351562494,0.04708721454326904,-4.528339092548093,-721.5012770432609,0.24560975060096152,0.010151362492487982,0.21990940880408658,0.008393564077524035,0.23458369954427083,0.02380146046173878,0.19079039588341346,0.019391235351562494,38.38322155571317,102.79733125718434,119.05418840308802,54.640078701616844,125.4472549595953,86.89855467198313,60.617316978895516,144.48878627109772,172.76029361841478,48.69639624909539,145.60291953297408,179.11309910804653,151.79669352144379,159.03497461915723,33.982115185375946,2.5162142084530834,177.9553416287536,167.75419544968173,177.1012499619423,15.616110425582626,17.173893958337757,-28.75615575603276,9.405006644948024,55.3350563593185,-6.569241401499142,-4.801382604128253,-6.756778182929962,2.3229725052418693,6.936818327939325,-3.898444227064087,3.8552531083437334,1.5062715487992748,3.8978671314378452,1.2915061466293831,-3.639910610547589,2.7421284053838564,-0.5234718967914271,-0.8510110616156911,0.8344520873679865,-0.12798055965075317,-26.281097822609187,488.72951971293287,-251.81576712409233,-766.8263846596318,-213.50604140114768,-73.84010005991189,-508.6094880272397,166.6447870679019,-54.61855949826941,220.6774191658774,-442.3160556304088,-35.314173019442784,349.7650497720922,-308.01139661942256,144.57081029242676,22.259852082675582,-198.45138994181576,511.37473596949775,222.83636150485415,-453.41776987546854
67,swing,stance,0.335,0.2518133075420673,0.36406437800480773,15.905761718749664,-3003.8686899038407,0.02017118952824519,0.0,-8.449519230769294,-389.5545372596249,0.24397545447716346,0.44244290865384744,10.928109975961698,-2624.755859375043,0.012267380934495184,-0.1284348707932702,9.08663236177899,926.476111778871,0.24976323993389424,0.91835186298077,16.937537560096334,-7228.722205528901,0.005207491361177888,0.06743070162259635,-4.429743840144432,-925.1615084134555,0.2507204026442308,0.9524151141826911,-43.78324068509624,-5865.985576923066,0.0028378248948317253,0.06168118990384491,-4.485708383413352,-108.61440805284802,0.21845252403846155,0.21827486478365168,2.1253380408653415,4.0001502404352,0.023701143704927888,-0.053467735877403506,-2.6991624098558717,513.3526141826702,0.22565425931490385,0.09337252103365493,-0.7818134014425653,855.8631310095742,0.012393545297475952,-0.09200157752403812,1.1076472355769909,354.5954777644097,0.21177942833533653,0.015636268028845754,1.5070988581733478,891.9959435096357,0.004380831204927882,0.044446739783653114,5.9605994591346745,1106.924203725973,0.21937601412259616,0.017974384014424177,0.3992638221153581,58.23692908649136,0.00036273662860576705,0.026392540564904008,-1.0969426081730553,50.246018629795806,0.22567149939903847,0.010965670072116119,-0.5895057091345736,83.12049278844083,0.0008928879957932623,-0.012119704026442014,2.74038461538464,-184.08203125000418,0.28004644305889426,0.28335524338942125,4.61745042067251,-722.5060096153178,0.004907902644230772,2.8170072108313323e-06,-3.266507662259688,64.19020432693583,0.26210330904447116,0.20551570012018996,17.97288161057672,543.6260516827316,0.024870164137620193,-0.01641470102163449,0.9678297776441451,-220.7125150240485,0.24526468599759615,0.1586275540865377,7.69381009615376,2113.7883112980703,0.028961773212139413,-0.03652813251201894,1.489163912259808,279.0621243990285,0.226266357421875,0.20851487379807668,5.444335937499757,755.4086538461552,0.033786658653846155,-0.10947829026442386,-0.2519343449519649,1166.1376953125243,0.20784934645432693,0.23641826923076736,-1.0477388822116565,-598.3511117788036,0.02982086651141827,-0.03568303034855721,-0.6487567608173808,213.92352764422412,0.19185283954326923,0.21900916466346101,6.175818810096312,-486.77884615383357,0.019463397686298067,0.011914062499999978,-4.238938551682635,297.38206129807577,0.19185283954326923,0.21900916466346101,6.175818810096312,-486.77884615383357,0.019463397686298067,0.011914062499999978,-4.238938551682635,297.38206129807577,0.24906810114933894,0.010120971679687497,0.2201867450420673,0.00834622896634615,0.23556383025340547,0.023635127140925482,0.19185283954326923,0.019463397686298067,45.24006050995751,95.8947334338266,162.64958668969084,111.99491376582172,122.49279319162362,87.51363812719367,57.88232908611699,147.31050399733564,175.18640176463535,48.04912397710063,145.60845762571577,179.40779508730253,153.5980923427798,159.2297441016473,32.922377040059004,2.9792431369154,177.95994319623344,168.42889623611907,177.19747899993487,15.312811097094864,14.855258276522118,-25.27296911851822,-4.6702929677637295,35.45793442727658,-7.237233462808573,-5.124066715872884,-7.61781794185498,0.6958865666722318,5.439368803498774,-1.9351123673716701,0.5785934063038395,1.0167565565381667,5.258449690073026,-0.5323488479807899,-2.3528253244861608,2.4671646256783437,-1.1234191513318494,2.0943219005299145,1.6840709711659836,-2.434647397349341,-857.87391792952,771.6909037947048,-3780.6676845359257,-5410.232506260144,-209.54094522598305,114.4313640039527,133.178758613581,-342.29867033647326,-290.7306347772337,417.86112527588165,-556.7384723419167,-124.44092616520108,186.78675983321256,-283.7803223199659,230.47433126434382,-74.95443156994072,39.42102168276833,464.87209246465346,18.93948135120113,-283.02537945393976
68,swing,stance,0.34,0.25416374323918267,0.34054236778845975,-9.688814603365216,-1253.7372295672421,0.02017118952824519,-0.0499549278846156,-8.053823617788488,927.5371844951959,0.2462098106971154,0.43234675480769386,-11.452261117788611,-1384.9534254807909,0.011965576171874992,-0.08597787710336444,4.280254657452041,-927.1897536058051,0.2550515324519231,0.7882192758413474,-55.33034104567338,-3531.775841346153,0.005397733248197117,0.028360689603364162,-6.743070162259628,66.00247896638861,0.25378665865384614,0.6779541015624996,-48.90587439903828,4135.648287259658,0.0030777212289663375,0.042329289362981436,-4.334153395432463,271.22145432689945,0.21966148963341345,0.23077298677884586,0.06385216346188599,-597.0365084134505,0.023275240384615384,-0.055703500600962026,2.840482271634493,359.6848707932775,0.22625020658052886,0.1518629807692294,-0.11042668269262136,-1085.0548377403165,0.011880371093749995,-0.08617318960336537,1.872652493990348,157.26412259615245,0.21193560321514424,0.020637394831732308,3.2232196514422826,81.86222956727462,0.004671809269831725,0.1064518855168269,8.532527043269274,-557.4293870192205,0.21951333383413463,0.013731971153846377,-0.41372445913484457,-177.24609374999932,0.0004285137469951933,0.008845402644230829,3.141714242788357,1324.1342397836668,0.22574864783653847,0.007714843750000748,-0.8830378605770278,-18.197866586550045,0.000844388521634612,-0.004849947415865026,1.2119704026442002,133.80784254807625,0.2816314978966346,0.28508300781249746,-4.800180288461177,-1740.7977764422376,0.004848172701322109,-0.005972994290866224,-0.000281700721083133,316.4719801682909,0.2631531325120192,0.31545785757211536,15.177847055288769,-1703.4067007211254,0.024828894981971147,-0.008821927584135017,-1.4849384014423124,-332.72611177883044,0.2463683143028846,0.2398230919471137,11.773587740384597,-547.7576622595319,0.02878643329326923,-0.021244929387018146,0.8876389723556903,-506.5542367788854,0.22754717548076922,0.25100097656249853,1.8485201322115936,-792.0109675479964,0.03330107234074518,-0.07766864483173118,3.2661320612982436,170.16601562500716,0.20893599759615383,0.21773775540865328,-3.9148888221152056,-210.0360576922707,0.029671940730168267,-0.02893535907451947,-0.16413762019232267,-87.13942307692531,0.19298048753004807,0.2552152193509625,-0.2749399038459719,-1568.885216346161,0.019510375976562494,0.004697829026442664,-1.5545184795673324,340.6043419471026,0.19298048753004807,0.2552152193509625,-0.2749399038459719,-1568.885216346161,0.019510375976562494,0.004697829026442664,-1.5545184795673324,340.6043419471026,0.25230293626051686,0.01015305504432091,0.22062185621995195,0.008220064603365381,0.2367694342197516,0.02349114833733974,0.19298048753004807,0.019510375976562494,45.89229503836842,82.49814533212005,98.00657024120964,61.40071994745802,120.03726800341897,86.69168744875118,55.9764370338703,146.9367312670805,176.18421284878062,47.237051630549324,146.0298888919449,179.77821431650204,155.47720737706913,158.5422822912431,32.49178412569554,3.682519707798411,177.70062180863937,169.77523501163913,176.66080548767076,14.947101017127922,8.59515477904255,-21.039246718085707,-28.401670200411264,1.2327312967170145,-8.664650853758975,-3.6570689640887246,-5.42499059679415,-1.1000141981228664,4.029511980166985,0.28016702569473284,-1.712131615075439,0.2618622871472629,5.765734729769973,-1.5462970765702786,-1.3351672979041485,1.9925840896844484,-0.1292616799637435,3.797709863030848,1.023846900879998,-2.9582343541901537,-905.3136099915376,1295.0963687915264,-792.8694828447677,-2993.2794616278197,-205.0987584757764,208.0870757719163,191.22405571228205,151.67532483259168,-423.71024115264095,449.48555536760836,-464.74732286535675,-158.47788489669918,-95.2883737639219,-30.767391794883576,101.88399603661115,-13.03549002991574,73.18352498980818,196.06955820042202,5.355731379852453,-141.27725462038114
69,swing,stance,0.345,0.2552187312199519,0.2671762319711555,3.3683894230772307,1655.7617187499848,0.019671640249399033,-0.08053823617788496,0.8258526141826733,1335.4586087740593,0.2482989220252404,0.32792029747596124,-2.9214242788462217,2696.7397836538776,0.011407602163461539,-0.08563232421874976,-0.18526517427906852,-1230.5063100961688,0.2576454326923077,0.3650484525240357,-18.38022085336523,9608.248197115498,0.00549109825721153,0.0,-3.769719050480545,594.0880408653846,0.2574999436598558,0.46335637019230785,-2.4267578124996225,9458.251953125022,0.00326111778846154,0.018339655949520233,-1.7734938401443556,495.9622896634201,0.22076025390625,0.21891338641827054,-3.845027043269169,-447.94170673082385,0.023144108698918267,-0.025062913161058555,0.8976862980769071,-381.1880258413198,0.22717288912259614,0.09226825420672871,-11.632361778845741,-191.29356971148323,0.011531813401442298,-0.07327505258413462,2.6802884615385167,296.33037860578753,0.21198580228365385,0.04786846454326861,2.3257211538460947,-211.21920072114486,0.005445350060096152,0.12977201021634593,0.3863055889424646,-1280.6020883413553,0.21951333383413463,0.013837139423075727,-1.3731971153846365,-96.99894831727414,0.00045119065504807543,0.05780968299278761,12.144399789663625,230.05558894233766,0.22574864783653847,0.0021352914663458327,-0.7714843750000742,66.95087139424417,0.000844388521634612,0.0,4.078463040865404,238.1497896634699,0.28289727313701923,0.23535344050480944,-12.79052734374988,644.0805288460695,0.004848172701322109,0.0,-0.10178786057677612,-120.38010817308589,0.2652578876201923,0.3572941706730778,0.9388146033654501,-2282.5833834135296,0.024781944861778843,-0.031264085036057626,-2.359431340144162,402.6630108173186,0.2476629169170673,0.2763634314903838,2.216233473558436,-1041.5039062499873,0.02874932391826923,-0.02765174278846203,-3.576378455529051,-572.6975661057603,0.2287763671875,0.22700007512019263,-2.475773737980214,-125.31926081732394,0.03300997220552884,-0.0768169696514414,1.4497258112981082,204.33631310093875,0.21002672400841346,0.19726938100961527,-3.1480994591343654,340.7451923076992,0.029531512920673075,-0.037324406550480436,-1.5201509915866347,-182.41060697116347,0.19440499173677886,0.2162597656250013,-9.513033353365314,-693.2654747596529,0.019510375976562494,-0.0036311222956733583,-0.8328951322116055,191.763070913467,0.19440499173677886,0.2162597656250013,-9.513033353365314,-693.2654747596529,0.019510375976562494,-0.0036311222956733583,-0.8328951322116055,191.763070913467,0.25466575739933894,0.00995786461463341,0.22103618539663464,0.00828337026742788,0.23817102676782853,0.02340521709735577,0.19440499173677886,0.019510375976562494,50.0592164204881,82.39373868900323,118.60170472311053,86.26718245459537,118.90871150507574,82.93050766975789,55.401602202984385,142.8293323921241,176.3917154202748,48.494399893989396,144.21235929699796,179.99411311759832,156.77725532917046,157.83045766801618,32.67964092942427,4.196454387099857,177.74144388285532,170.58312133134757,178.00673030611955,13.348046632488048,5.8021221766067335,-12.322005430602944,-12.598987796211414,5.525139810998353,-9.288221047566338,-3.043195958153719,-5.705577384732158,2.21263981499815,1.2022663919723608,2.5597431863044173,-4.068879822349732,-0.5680222924288264,4.305565952433806,-0.8400227659296259,-1.3339853641200483,2.336809725379186,-0.3915839014337671,4.0550174825341365,1.7376282849645082,-3.8474199435531538,39.83966103032191,1503.3088169823313,5769.677143295904,4306.207987343902,-92.5640417688494,329.02958889028736,-69.99909361362849,952.4298129034601,-764.7579017500422,235.25922397351883,-312.03069052462996,-187.14549514095825,-440.04213637349505,328.2541517986917,-117.63039189179017,41.62870094863223,-20.595592578614212,49.59840888501898,86.10992989584093,-114.67523041083165
70,swing,stance,0.35,0.25683550555889423,0.3742262620192321,6.868802584134646,-1436.8802584134705,0.01936580716646634,-0.04169640174278886,5.300762469952114,170.20357572116956,0.249489013671875,0.4031325120192316,15.515136718750187,311.8990384615407,0.011109252929687494,-0.08783052884615512,-8.02480844350966,-742.7602914663189,0.25870201697716344,0.604417067307695,40.752140925481676,526.4610877403568,0.005397733248197117,-0.00933650090144132,-0.8021897536057774,390.11793870189473,0.2584202223557692,0.6536865234375033,45.676645132212016,-425.46198918273336,0.00326111778846154,0.024594350961537864,0.6254695012017424,-40.5555138220994,0.22185062349759616,0.19232271634615414,-4.415564903846357,619.7979266826983,0.023024611253004798,-0.04672663762019295,-0.9713979867787085,158.4566556490481,0.22717288912259614,0.0355393629807719,-2.0233623798074554,1596.3979867787748,0.011147620567908648,-0.059370304987980176,4.835956280048226,155.4048978365259,0.21241428786057692,0.043894606370193275,1.111027644230832,58.72521033652609,0.005969529371995186,0.11031494140625155,-4.27349384014429,-453.90437199523177,0.21965170522836538,0.0,-1.3837139423075868,275.6911057692236,0.0010066105769230699,0.13028940054086718,5.4422701322117355,-2142.484224759675,0.22577000075120193,0.0,-0.21352914663458544,-111.55348557692717,0.000844388521634612,0.03593468299278905,3.5934682992789013,-767.1931340144383,0.2839850323016827,0.15717773437499855,1.6406249999995237,2768.8739483173617,0.004848172701322109,-0.006990872896633986,-1.2040827824519431,-294.8655348557909,0.26672607421875,0.3248460036057699,-7.647986778846549,-776.8179086538273,0.02451625413161057,-0.03241624098557666,2.541691706730877,618.57722355768,0.24913194861778845,0.2619854266826981,1.358548677884716,528.5832331729267,0.028509915865384608,-0.05700871394230869,-4.839336688701918,497.9529747596469,0.22981717623197115,0.22624323918269637,0.5953275240383532,825.0262920671946,0.03253290264423077,-0.06317138671875008,5.309495192307633,332.44441105769187,0.21090869140625,0.1862567608173096,-0.5074368990382102,546.7810997595764,0.029298696664663462,-0.04413686899038583,-1.988243689903959,188.54229266830362,0.19514308518629808,0.16008488581730926,-7.207594651442507,712.2896634615112,0.01947406475360576,-0.0036311222956733986,0.3631122295673395,119.60073617789573,0.19514308518629808,0.16008488581730926,-7.207594651442507,712.2896634615112,0.01947406475360576,-0.0036311222956733986,0.3631122295673395,119.60073617789573,0.2558616896409255,0.009783477783203123,0.22137190129206732,0.008398552058293263,0.23928533466045668,0.023196667793469544,0.19514308518629808,0.01947406475360576,48.33804843820773,80.13452476958429,114.28319536148693,82.48671903011041,114.13789889989874,85.19564661850198,53.77317190919423,147.07917274760203,178.48120086160452,48.73269197613788,144.05608039624974,178.97688919376614,158.52809850928776,157.77637216196155,31.92986776259687,4.7240027181837085,177.95165648069084,172.12775276345948,178.0518618443968,12.496044591018297,8.99355138934577,-6.0061585482623805,29.295101232547825,44.294811170156066,-9.59029127144747,-0.3667730751858482,-6.124981532930436,8.424283930911743,-3.6180670373334425,2.632759265429923,-4.832438520321741,-1.6095926642623213,1.3653133660350176,1.7362444414166411,-2.511471216822051,2.408871099170771,-0.3352176057498858,4.293693951881038,1.884946199838408,-4.104986658298471,765.8587999944905,905.0792110658707,4497.622739096065,4358.402328024678,-28.634042240707494,516.3007556348068,144.76399411316083,598.6646042318056,-839.9934926457531,-94.10604499686535,-6.850446414583614,-142.92677857872383,-517.1133588413617,449.48350667968185,-212.42913075912173,-44.44424240105634,34.8356340565562,-1.5254203150672097,-78.98746460683078,70.90427657737749
71,swing,stance,0.355,0.2589609938401442,0.33586425781250123,-11.000413161057327,-1738.8822115385092,0.01925467623197115,-0.027530611478364362,2.5278883713943516,-351.30896935100185,0.2523302471454327,0.4830716646634615,0.1975661057691534,-3261.906550480789,0.010529296874999997,-0.16588040865384554,-7.612868088942182,1808.8848407451826,0.2636896033653846,0.7725698617788483,-13.115609975961716,-8249.549278846269,0.005397733248197117,-0.008021897536057691,0.13146033653836278,31.85096153846072,0.26403680889423076,0.9201228215144234,-6.681377704326913,-10024.846003605839,0.003507061298076916,0.024594350961537594,-2.1790489783653455,-280.4518479567058,0.22268348106971153,0.17475773737980743,2.3529522235577507,961.9891826923325,0.022676842322716342,-0.03477689302884554,2.482252854567372,225.86763822113386,0.22752828275240386,0.07203463040865436,4.331618088941844,-94.40730168272253,0.010938110351562502,-0.024915489783652857,4.23433743990376,-477.64235276444697,0.21242474834735578,0.058978740985576816,2.9129732572113496,319.9181189903734,0.006548499474158656,0.08703707181490347,-4.152738131009807,169.14250300481996,0.21951333383413463,0.0,1.3837139423075715,283.87920673075905,0.001754084660456734,0.11223238431490441,-9.280442457932903,-1607.3843149038719,0.22574864783653847,0.0,-1.8870192307693345,-188.70192307693307,0.0012037353515624988,0.035934682992788645,-3.5934682992789018,-881.1786358173134,0.2844690504807692,0.2517596905048045,14.898212139423459,-719.5763221152785,0.00477826397235577,-0.012040827824519307,-3.0504432091346545,-375.7418118990307,0.26850634765625,0.28081430288461307,-6.8293644831727445,-396.7285156249357,0.02445778245192308,-0.005847167968749118,3.8263408954325744,120.28620793266514,0.25028277118389425,0.2899489182692308,7.502065805287649,-456.0546874999845,0.02817923677884615,-0.07604510967548071,1.4031512920673674,1244.384765624997,0.23103879957932694,0.2329533503605761,5.774489182691648,537.2783954327141,0.03237825833834135,-0.02372201772836561,4.774169921874993,-397.12289663460444,0.21188929161658654,0.19219501201923322,2.319711538461342,515.0240384614859,0.02909014423076922,-0.057206843449519824,0.3652719350963823,729.5673076923306,0.19600584059495194,0.14418381911057696,-2.390136718750275,1103.40294471154,0.01947406475360576,0.0,0.3631122295673395,-5.493164062495393,0.19600584059495194,0.14418381911057696,-2.390136718750275,1103.40294471154,0.01947406475360576,0.0,0.3631122295673395,-5.493164062495393,0.25975441331129806,0.009672191913311295,0.22157969876802888,0.008624254432091347,0.24036535018529648,0.023059625087640218,0.19600584059495194,0.01947406475360576,52.76742049828295,77.07838680703743,124.71689676362122,100.40593045486676,112.42688633883988,83.77881041843854,50.27842909587975,150.97131020627404,174.9559574551246,50.95335806789047,140.58837688641353,179.23276180927292,157.9479239352516,158.55176145544863,31.19134146426865,5.954440170210677,177.03582537785937,173.04644011232782,178.79318565593945,11.150639779802775,13.46071017655156,-3.2712133199443296,32.37723959474878,49.10916309124469,-9.57456146997341,2.119811598194297,-4.257937443600564,8.199285857316145,-7.197668534485085,1.6186827363357734,-4.137384286495568,-1.99729007821605,-0.8655676359797574,3.6548123008671465,-3.4582766717112436,1.8923673013686273,-0.04322756086820863,4.039763279383465,0.9477536388962085,-3.138377177779386,577.7003322802644,708.9933496269949,172.64416868602538,41.35115133927908,-104.47325532070523,530.3252125378516,742.1256006756238,-751.1270740876244,-428.9765400989683,-198.81671958342596,207.33766731342368,-17.931422550734727,-260.9812454144855,182.8820599927927,-67.39753273581715,-188.13574381669164,154.22432171236187,-121.27984480478034,-131.35448044532004,218.7229031457466
72,swing,stance,0.36,0.26019414813701924,0.2642221304086587,-10.520019531250462,868.2204026440988,0.019090501051682696,-0.01641751802884532,1.7876727764420923,-185.1524939904161,0.25431973031850963,0.40510817307692315,-17.103928786057732,-1403.5644531249577,0.009450448843149037,-0.163959209735577,10.064039963942184,2067.626953124983,0.26642771559495193,0.47326096754807767,-41.7433518629811,-517.2213040865323,0.0053175142728365404,-0.008021897536057691,-0.4836801382211699,-69.61763822115137,0.26762145057091347,0.5868727463942341,-54.57181490384646,-2285.062349759702,0.003507061298076916,0.00280386117788439,-2.1790489783653184,189.8662860576905,0.22359820087139423,0.21585223858173166,5.2043269230769775,-1087.6464843750132,0.022676842322716342,-0.021904109074519208,1.2872783954326321,-68.2936448317318,0.2278932354266827,0.07885554387019038,-2.9674353966346816,-678.8423978364652,0.010898465670072119,-0.017026930588942543,0.05953275240375139,-546.8937800480657,0.2130040752704327,0.0730243389423068,4.310208834134569,247.29567307694032,0.006839900090144221,0.06878756009615344,-2.5820688100960894,249.73707932694523,0.21965170522836538,0.013837139423075727,1.4550781250000064,-131.23497596151353,0.002128934420072115,0.03748497596153807,-10.631573016826998,710.9093299279127,0.22577000075120193,-0.01887019230769336,-2.1005483774039178,224.44035456733954,0.0012037353515624988,0.0,-5.218318058894241,177.1615835336645,0.28650262920673075,0.30615985576923327,-5.555138221153267,-2756.7044771635046,0.004727764423076916,-0.03749530498798056,-4.961500901442253,387.8925030048034,0.26953421724759613,0.25655235877404237,-11.61527193509591,-855.2809495193278,0.02445778245192308,0.005847167968749118,3.7445537860575295,-183.59374999997772,0.25203143780048076,0.33700608473557464,-3.201998197115133,-2702.3925781248713,0.0277494647686298,-0.042977201021635006,7.604510967548064,499.2957481971184,0.2321467097355769,0.2839881310096129,5.968111478365499,-1220.590444711427,0.03229568246694711,-0.015429687500000108,1.338266225961585,-426.83293269230614,0.21283064152644232,0.20945387620192304,4.642803485576653,87.25210336540236,0.028726628230168264,-0.040484149639422005,5.307429387019354,409.6397986778434,0.19658492337740385,0.1361835186298065,3.8264347956729,852.4827223558173,0.01947406475360576,0.0,0.30818058894238554,42.931189903852065,0.19658492337740385,0.1361835186298065,3.8264347956729,852.4827223558173,0.01947406475360576,0.0,0.30818058894238554,42.931189903852065,0.26214076115534857,0.009341381366436297,0.22198344350961538,0.00874957557091346,0.2416050931490384,0.022905231182391822,0.19658492337740385,0.01947406475360576,58.642867083879324,77.48967113703026,142.24594803170308,123.39914397855217,110.0345967450022,85.21294822265504,50.571542398000545,153.27503089276405,171.40097167689268,49.303473288141106,141.34752134340297,177.77287963290397,156.65333957858613,160.80536286469726,29.663182558076535,6.065078345893293,177.83004369279695,174.69223248956766,179.1143339936497,10.088555555472853,14.770554712148419,1.0837749480075756,31.02154291940808,44.70832268354886,-10.635023824654523,4.9364790501926725,1.296274473825808,0.9130131900354935,-7.90783243832313,0.6445920695956614,-2.7590618471875024,-1.7889068897696687,-1.2444990881098394,3.5650650413445697,-3.1854465441802233,0.5275136610038529,1.2070256113737343,3.0808955038332337,0.5714013953852065,-1.9177576268410028,-371.46159839276316,619.4847438357199,-1684.712274071353,-2675.6586162998424,-86.3417124744225,356.64304725646343,1026.1626026424856,-1295.0208232521443,119.31658029074013,-161.0768120507486,330.5666647225841,118.5377267368002,111.62623764102246,-160.38626779964343,116.85225210034547,-275.6763469101959,195.6571223156219,-361.1791258716484,-58.41327870199631,339.57317997909263
73,swing,stance,0.365,0.2616032151442308,0.23066406249999652,-2.3182091346163314,1380.4649939904677,0.019090501051682696,-0.009653883713943425,0.676363431490189,-24.8460036057357,0.2563813288762019,0.31203237680288404,-13.838078425480436,1479.1541466345993,0.008889704777644225,-0.06524000901442362,13.06340144230767,-627.3568960336302,0.2684222130408654,0.35513634314903697,-18.287823016827044,3706.843449519261,0.0053175142728365404,-0.012858698918269395,-0.5647160456731516,176.95500300481066,0.2699055363581731,0.3744046724759583,-29.532001201923954,5201.97941706739,0.00353509990985576,0.00280386117788439,-0.28038611778843875,189.8662860576878,0.22484200345552885,0.22680100661057725,-8.523512620192392,-1994.5162259615518,0.02245780123197115,-0.021904109074519208,1.7993164062500533,51.20380108174207,0.22831683819110576,0.04236027644230752,-2.456805889422815,903.583233173075,0.010767841045673077,-0.024320162259615342,-1.2346003605769016,-73.4769381009607,0.21315499173677885,0.10208082932692254,5.385929987980755,-862.8117487980677,0.007236375075120191,0.06121638371394256,-1.6553673377403522,457.00307992788,0.21965170522836538,0.014550781250000077,0.07136418269243487,-203.72596153847513,0.002128934420072115,0.005916654146634332,-2.1713491586537694,1014.235276442313,0.22555994591346154,-0.021005483774039196,0.35738431490406275,66.04942908655643,0.0012037353515624988,-0.016248497596153808,-1.821852463942255,617.8448016826972,0.28753064903846154,0.1962083082932718,-12.668832632211613,224.04597355757326,0.004403310922475964,-0.06165583683894188,0.8284818209133831,1112.7084585336427,0.2710718712439904,0.16466158353365387,-15.38217397836603,1556.6594050480626,0.02451625413161057,0.03159836989182621,1.9904033954327955,-685.828575721135,0.25365283203125,0.25792893629807945,-19.52185997596109,-830.3034855769703,0.0277494647686298,0.0,6.396108774038556,-533.7101862980655,0.23387868088942307,0.29263446514423114,-6.431415264422633,-2447.566105769232,0.03222396146334135,-0.010339355468749747,0.5058405949519275,-102.47333233173701,0.21398383037860577,0.2386230468749998,3.1922325721153664,-653.3203124999811,0.028685302734375,-0.0041325495793262355,4.46166992187482,-41.35366586541225,0.19736767578125,0.182448167067306,6.134690504807905,-583.9655949518835,0.01947406475360576,0.0030818058894238583,0.7924241286058605,180.17578124998553,0.19736767578125,0.182448167067306,6.134690504807905,-583.9655949518835,0.01947406475360576,0.0030818058894238583,0.7924241286058605,180.17578124998553,0.26407807335486777,0.009208205003004805,0.2223050969050481,0.008758937424879806,0.24291425656049678,0.02284205979567307,0.19736767578125,0.01947406475360576,62.891654245772585,79.41579080796363,146.29132748478338,129.76719092259236,106.5545547724308,86.5568938037873,51.28437636570701,150.72700848632775,171.10006372418337,50.70592925686797,139.80927861464653,177.76503392010648,157.16421308712947,161.08362655784603,29.001986403616478,6.108118549099779,177.78875396685743,174.96248318945752,178.57332666267433,10.361062663825367,9.746094192623925,2.923634118412874,15.530116854035233,22.35257692824624,-10.437978594717636,5.686242070758935,6.003688582824301,-4.750922375205309,-6.004502731577682,0.007914615828286113,-0.8317176392697238,-0.8119128108480471,0.250694740430468,2.0509496228707107,-2.289754150707788,-0.864396167733334,1.9133436622880122,0.42797202066697754,0.3636208518762448,0.25735462201154335,-983.5452672163619,75.73561862568066,-2459.0013821459825,-3518.2822679880137,408.8690948950761,-401.28061716481574,531.6757841598053,-840.2112032580063,316.12389682846356,-9.503075057383217,219.32456044749097,264.77145111122934,311.4816566120199,-338.5394711758132,201.0521281616764,-166.92311117824585,28.259971050719155,-496.1475679432272,-84.762849415929,442.2472772316519
74,swing,stance,0.37,0.2625007887620192,0.24104003906249538,3.2846304086542264,172.8140024039867,0.01899396221454326,-0.009653883713943425,1.539212740384735,86.28493088945454,0.2574400540865385,0.26672738882211866,-2.312387319711726,1012.4323918268535,0.0087980487530048,-0.033325195312500194,3.790471003605877,-1058.3402193509562,0.2699790790264423,0.2903827373798071,-4.674917367788457,2551.0629507211547,0.005188927283653846,-0.013669057992789212,1.2858698918269382,201.26577524040513,0.27136549729567305,0.29155273437499435,-2.5520207331725087,3434.5515324520816,0.00353509990985576,0.0,-0.28038611778843875,28.03861177884385,0.2258662109375,0.13061711237980766,-14.740835336538558,1165.0578425480808,0.02245780123197115,-0.003910945012018659,1.7993164062500533,-140.82219050481865,0.22831683819110576,0.054287484975962204,6.068396935096076,460.4867788461074,0.010655264047475965,-0.02937293419471157,-0.6752366286058562,287.61643629807077,0.21402488356370192,0.1268836388221144,-4.317908653846117,-1517.5593449518983,0.0074520639272836475,0.05223388671874991,1.9879619891827152,214.06437800480748,0.21979721304086539,0.014550781250000077,-0.5821814903847468,-65.3545673077181,0.0021881009615384583,0.015771484375000352,-0.48922025240385936,-28.883713942329223,0.22555994591346154,-0.01529634915865273,-1.4400540865383529,-83.87169471157897,0.0010412503756009606,-0.018218524639422567,0.9601299579327356,263.6718749999815,0.28846471228966347,0.17947152944711703,-3.314678485577532,1216.6841947114892,0.004111206054687497,-0.02921048677884672,6.165583683894183,327.7400090144342,0.27118083308293267,0.10273061899038195,3.9513221153847278,2948.148287259692,0.024773766150841342,0.025751201923077092,-3.113731971153827,-447.7539062500135,0.25461072716346156,0.14178748497596358,-11.505033052884842,2744.328425480662,0.0277494647686298,0.020983886718750604,2.2674091045674043,-676.1474609375106,0.23507305438701923,0.21967397836538652,-18.50754957932684,12.0004507210833,0.032192288912259615,-0.010371281550480829,0.3135329026442141,53.12875600961541,0.21521687199519232,0.24137620192307674,-1.8903996394231637,-577.5240384615339,0.028685302734375,0.0041325495793262355,4.893892728365231,84.40692608176194,0.19840940504807691,0.1975304236778856,-2.013221153845941,-661.4145132211851,0.0195048828125,0.007924241286058613,2.1099384014422427,34.90271935094316,0.19840940504807691,0.1975304236778856,-2.013221153845941,-661.4145132211851,0.0195048828125,0.007924241286058613,2.1099384014422427,34.90271935094316,0.2653213547926683,0.009129009540264417,0.22271301832932694,0.008758896108774037,0.24382593399439104,0.022836151905548874,0.19840940504807691,0.0195048828125,63.60252807291336,79.65999268254342,146.03086913830555,129.9734045286755,101.72997106109433,90.90274569007691,54.995356332589786,148.89282854041264,168.74453187816889,50.08809294002342,140.09270069023438,177.36971264116218,157.1726729967127,161.37240247632448,28.643843537867244,5.477053531625075,179.27345209057012,175.50737897104412,179.2538874885658,9.989239162585282,4.935102039984791,1.8411311342643828,6.431529097948236,9.525500003668688,-6.546332875703758,0.9236728785445117,6.613032315423866,-7.4890988425445775,-4.7465934700384915,0.5495613190218291,-0.5658162427125907,0.8588076213426269,1.8703174780103622,0.1796703295864342,-1.1749252625634576,-1.141717450778607,1.4896253218809261,-1.880580175599043,-0.27622709877408425,2.50471514547552,-766.4650016214978,-336.7684802144238,-1516.1042063285918,-1945.8007277356614,635.1027849560842,-741.8849190525498,-115.992477061366,-225.11696881610328,234.32731178100366,66.88216837413707,63.968199891965995,264.3630189203301,262.89362350007065,-338.19873101608556,208.8177581702268,-35.818156688166916,-99.76176934111773,-385.5162813796735,-60.475023363624096,310.41137871400144
75,swing,stance,0.375,0.26401361553485575,0.2635103665865388,-0.5900691105764627,-783.6350661057903,0.01899396221454326,0.005738243689903938,1.539212740384735,-211.30371093751265,0.2590486027644231,0.28890850360576675,-3.713754507211891,-551.6826923076517,0.008556452824519223,-0.027335298978364817,2.4799992487980993,-477.1822415865616,0.27132604041466346,0.30838716947115236,7.222806490384525,553.2977764423614,0.005180823692908648,0.0,1.4479417067309017,-147.68629807693185,0.27282106370192305,0.3488844651442332,4.813514122596891,-254.30063100972856,0.00353509990985576,0.0,0.0,-105.1870492788373,0.22614817457932693,0.07939265324519156,3.1270658052884257,3223.6515925480794,0.022418691781850963,-0.003910945012018659,0.39109450120186556,116.07008713940237,0.2288597130408654,0.10304424579326833,2.148061899038263,-142.48422475959762,0.01047411170372596,-0.03107252854567391,1.6415640024038085,246.79800180289692,0.214423828125,0.05890174278846133,-9.78966346153824,489.82121394230836,0.007758713942307691,0.08109600360576973,0.4852764423077245,-931.4622145432776,0.21979721304086539,0.008728966346152604,-0.5821814903847468,-116.36117788457717,0.0022866492638221186,0.0010244516225957337,-2.460186298077062,126.98129507213129,0.225406982421875,-0.03540602463942274,-0.4813326322117276,314.5094651442184,0.001021550105168273,-0.006647198016826444,0.8148662860575624,-58.08668870194142,0.2893253643329327,0.16306152343749644,-0.5019906850967089,478.8536658655293,0.004111206054687497,0.0,4.105881911057728,-320.5566406249963,0.2720991774338942,0.20417480468750118,14.099308894230921,300.499549278854,0.024773766150841342,0.0004610501802879137,-2.4871356670673426,398.22152944712815,0.25507070688100963,0.14287860576923092,7.9214242788455556,1960.768479567327,0.027959303635817306,0.022674091045674062,-0.36536583533655564,-297.0815805288649,0.23607542067307694,0.10755896935096255,-6.3114107572117994,3564.0211838941964,0.03212024864783654,-0.007204026442307603,1.037128155048082,96.05055588941788,0.21639759239783654,0.21971905048076815,-2.5830078124999774,400.37184495192315,0.028726628230168264,0.04480637770432612,5.30573918269244,-769.5594200720892,0.19934298001802886,0.16231595552884656,-0.47945462740395195,1065.3545673076605,0.019553307166466347,0.024181189903846302,1.1414513221152924,-446.45808293268414,0.19934298001802886,0.16231595552884656,-0.47945462740395195,1065.3545673076605,0.019553307166466347,0.024181189903846302,1.1414513221152924,-446.45808293268414,0.2668023306039663,0.009066584660456723,0.22292718224158653,0.008791943359375002,0.24471854028946313,0.022874076647636216,0.19934298001802886,0.019553307166466347,64.56006142847829,79.9334221362895,147.62628018945492,132.25291948164372,102.78994841899133,87.86294310934314,56.17419568049185,147.1872785318195,167.29141731602317,50.18234263851102,140.41358022527996,178.2403534791888,157.8595030343088,161.5100445653546,28.274883015734375,5.05667741732682,178.8812124783024,172.96692334686838,179.27865036568707,11.692316183073729,2.08144417640894,-0.44405068373136697,0.3690747907493016,2.8945696508896086,-4.086950745156789,-1.73260711976657,4.84376381221064,-7.0020920633663435,-3.661229613767644,0.6767362995696574,-0.1920356403500632,1.831717378355256,2.8796309754311773,-1.3310376872901475,-0.20157656900551807,-1.2225777346150035,0.9157259688768341,-3.427190793129761,-0.24112938175999665,3.3614684091515605,-358.08710409101764,-378.4703426132345,-1126.1118747677015,-1105.7286362454934,170.74080748611797,-116.70537116083882,-289.18388536191384,96.81296132541198,246.4063603617679,122.11605459184516,-81.78307594949514,62.34017692267268,87.73975479180226,-235.6493745739337,169.91681806245077,-56.024295775483104,-109.00540817007513,-155.39482287496548,-34.07136886416578,82.22825039078049
76,swing,stance,0.38,0.2651358924278846,0.23513934795673075,-4.551720252403683,-20.13221153851466,0.0190513446514423,0.005738243689903938,-0.5738243689903934,-211.30371093751265,0.26032913912259614,0.22958984374999972,-7.829214242788248,1080.3222656250414,0.008524695763221152,-0.008525202824519178,-0.9813514122597436,-1292.1424278846093,0.27306295072115383,0.3626108022836524,0.8580603966351622,-628.5494290865207,0.005188927283653846,0.0008103590745198167,-0.19099308894238132,-287.55070612983195,0.2748543419471154,0.3396878756009633,-5.095027043269797,316.21844951912175,0.00353509990985576,0.0,-1.3322566105768128,-118.07955228364223,0.22666013746995192,0.16188777043269195,17.495680588942264,746.3378906250022,0.022418691781850963,0.0,2.960017277644078,238.64746093750435,0.22934728064903845,0.07576810396634485,4.643554687500099,1492.2438401442598,0.010344538762019226,-0.012957294170673471,1.7927433894231153,-267.7940955528722,0.21461390099158653,0.028987004206731923,0.5803034855769712,1762.169471153814,0.008263023963341345,0.057086651141827156,-7.326660156250069,-549.5042067307762,0.2198845027043269,0.008728966346152604,-1.7457932692305194,-328.2001201922726,0.0021983454777644157,-0.008830378605770286,0.7805926983174546,587.5056340144525,0.2252058856670673,-0.02010967548077001,1.7050405649038336,-81.20492788460366,0.0009747783954326961,-0.010069861778846936,0.3792630709133209,44.59322415867318,0.29009532752403844,0.17445162259614994,1.473858173077765,-126.07046274026816,0.004111206054687497,0.011848332331730594,2.960017277644217,-182.19463641827534,0.2732225811298077,0.24372370793269127,6.95631760817327,-1454.4208233173113,0.02477837665264422,0.000879845252403643,0.8684833233174577,327.1859975961652,0.25603951322115387,0.2210017277644192,8.102651742788446,-1147.442157451825,0.02797620567908654,0.017330228365385045,-0.7034067007212472,-216.68419471154667,0.23614864408052885,0.15655987079326847,17.132662259615156,1367.337740384635,0.03212024864783654,0.0,1.2740384615383937,25.81317608173197,0.2174140625,0.21554612379807694,2.113318810096072,537.9356971153811,0.029133366511418263,0.05718994140625067,-2.801701472355667,-962.2145432692495,0.20003256460336538,0.19273587740384607,8.640324519230674,563.3638822115357,0.019746694711538462,0.019338754507211547,-2.3546424278846025,-301.18502103364176,0.20003256460336538,0.19273587740384607,8.640324519230674,563.3638822115357,0.019746694711538462,0.019338754507211547,-2.3546424278846025,-301.18502103364176,0.2683455810546875,0.009075016902043265,0.22314234149639423,0.00883987567608173,0.24549211550981573,0.022977683042868586,0.20003256460336538,0.019746694711538462,65.45727545189958,80.1367111144089,151.96597952087205,137.28654385836276,102.5468857464747,85.49457564483825,57.04868832693814,143.94194816624884,167.050824898126,50.77168623140586,139.77065325214804,178.77374163731974,159.17288856659326,160.68777540485948,28.37073818231304,5.154051737884766,179.2980625013399,173.45531311922284,177.93421088223002,13.062590237771794,1.3542309990746115,-1.9435722918679659,-4.829589649728789,-1.5317863587862566,-4.838924800842577,-0.24338083306387737,3.721193461804725,-6.520969229290457,-2.2825298664208105,1.7707218649402818,-1.3836470022075429,1.4822093905693543,2.7477150259283856,-2.1768234161529048,0.5242429180610515,-1.7019604085334386,0.399571240180174,-3.434528404348699,-0.6169407874157423,3.3269976493833258,126.15178370464861,-131.94230281830175,-583.9899751060109,-325.89588858305814,-198.40800565560554,440.189130234682,110.14723813347426,33.942746038451126,97.6911404071366,131.94171185993505,-211.914199374212,-215.73086314010632,-181.0244355400311,-63.555935347099236,108.82199526132433,-154.20192657494295,-87.30254866105443,117.91717490903662,-112.02831219171631,-44.08245854869146
77,swing,stance,0.385,0.26636500901442306,0.21799316406250194,-0.7913912259616095,756.1598557692098,0.0190513446514423,0.0,-0.5738243689903934,75.88078425481406,0.2613445012019231,0.2106163611778842,7.089468149038533,1980.1682692307481,0.008471200796274031,-0.03714881310096226,-10.441425030048006,-419.97821514420826,0.2749521484375,0.316967773437504,0.9373121995193127,350.7925180287185,0.005188927283653846,-0.0019099308894238148,-1.4275653545674203,-77.35501802882939,0.2762179424579327,0.2979341947115352,7.975698617788112,1491.9433593751326,0.00353509990985576,-0.01332256610576814,-1.1807955228364233,495.24864783650895,0.22776705228365385,0.2543494591346144,10.590444711538455,-1932.5420673076637,0.022418691781850963,0.02568922776442215,2.7775691105769114,-452.7963491586227,0.22961739408052884,0.14947979266826936,17.070500300480873,-709.416316105769,0.010344538762019226,-0.013145094651442745,-1.036376953124916,-149.58308293268294,0.2147136981670673,0.06470477764423105,7.832031249999913,-179.25555889422535,0.008329580453725963,0.007829402043268978,-5.009765625000043,2160.898061899044,0.2198845027043269,-0.008728966346152604,-3.864182692307476,50.03004807688216,0.0021983454777644157,0.008830378605770286,3.414870042067469,-1.4836237981069353,0.2252058856670673,-0.018355618990384386,-1.293381911057765,-133.82662259617223,0.0009208514873798035,-0.0028545673076932317,1.2607985276442946,-118.49271334131409,0.2910698805588942,0.1778001051682741,-1.7626953124993916,-38.10471754822596,0.004229689378004803,0.029600172776442196,2.283935546874973,-216.2334735576887,0.27453641451322114,0.27373798076923395,-0.44489933894220585,-1550.4807692308627,0.02478256460336538,0.009145883413462499,0.784724308894312,-178.30716646637052,0.25728072415865383,0.22390512319711545,-3.552997295672705,-1260.1787860577165,0.028132605919471157,0.015640024038461584,-2.532207782452024,-165.97806490384292,0.23764101938100962,0.27888559194711426,7.361966646634564,-2379.6574519230285,0.03212024864783654,0.005536358173076345,1.295259915865402,-8.507361778833904,0.2185530536358173,0.24085223858172888,2.7963491586538383,-382.15519831727323,0.02929852764423077,0.016789362980769426,-4.316406250000064,470.91909555287003,0.20127033879206732,0.2487192007211534,5.1541841947114095,-913.4427584134548,0.019746694711538462,0.0006347656250002548,-1.8703988882211275,229.1165865384575,0.20127033879206732,0.2487192007211534,5.1541841947114095,-913.4427584134548,0.019746694711538462,0.0006347656250002548,-1.8703988882211275,229.1165865384575,0.26971990027794474,0.009061643160306485,0.2234377065805288,0.008842401592548075,0.24672523850661057,0.02305172181740785,0.20127033879206732,0.019746694711538462,64.61464586479585,78.17580547406702,140.99060993725521,127.42945032798404,98.71268922379048,88.98693158351773,57.5568610732947,143.64217917070326,166.50058056331022,51.1855599797448,139.80124110148836,179.50949517516457,160.11371856066935,159.48036837367366,28.92860715958837,4.32966401323694,179.33816055230272,171.12364200030595,179.47853239226666,13.065650172967038,3.3429620134554274,-1.7634737119143857,-5.470824960310812,-0.36438923494097575,-6.071030801712846,2.669284182580254,5.945236193545384,-6.662664602981832,-2.684318209696277,1.9961534181690093,-2.3111776340921852,-0.3255912530458091,1.0693866200308646,-1.9665970407611404,0.8866433836077262,-2.7645970003644345,0.04270048226628905,-2.2480190440393937,-1.3614125036771607,2.9206438236646455,495.63087931608817,228.4436865706292,816.4500829345019,1083.6372756799697,-182.93640859295044,178.14207039321207,359.12398356514325,-219.4782152474148,-144.44010651746254,-66.31214792772276,-44.27435368083093,-326.4780963762165,-324.50729637432505,41.14268716346453,67.47301444321273,-167.75420580913743,-77.42273998205803,117.70451956655472,-81.9406799660259,-105.11866288266485
78,swing,stance,0.39,0.2673158240685096,0.22722543569711465,3.0098783052884217,135.21634615387637,0.0190513446514423,0.0,0.1849834735577479,75.88078425481406,0.262435302734375,0.3004845252403851,11.97246844951925,-741.3799579327175,0.008153207632211529,-0.11293945312499933,-5.18113356370183,2090.698242187489,0.2762326284555289,0.3719839242788455,4.36598557692235,-755.0142728365275,0.005169827974759608,-0.013465294471154398,-0.9645432692306759,256.5824068509741,0.27783368389423074,0.4194448617788445,9.824406550481543,-1462.9469651441477,0.0034018742487980785,-0.011807955228364243,3.6202298677882814,236.15910456728446,0.22920363206129807,0.2677922175480766,-1.8297400841343887,-1534.1045673076776,0.022675584059495185,0.027775691105769138,-1.5679462139421534,-428.269606370198,0.23084207857572114,0.24647310697115377,-2.450608473557598,-4039.3066406250064,0.010213087815504798,-0.02332106370192264,0.2969125600962846,150.39062499998218,0.21526094876802884,0.10730731670673112,-1.2122521033652838,-1246.2252103365402,0.008341317983774035,0.006988994891826688,14.28232046274039,1902.099609374994,0.21979721304086539,-0.02991286057692219,-1.2454927884616973,173.20838341344745,0.0022866492638221186,0.025318321814904433,0.7657564603363852,-501.78410456733087,0.22502232947716347,-0.03304349459134767,0.3667743389421101,-1025.4094050480528,0.0009462327223557637,0.002538123497596021,-0.8056640624998209,-151.4610877403895,0.2918733285757212,0.156824669471156,1.092810997595505,920.8420973556538,0.004407207782451919,0.034687687800480344,0.797682542067328,-154.14663461536765,0.2759599609375,0.2392747145432692,-8.548490084135372,-458.6838942307589,0.024869835486778846,0.008727088341346771,-0.9145883413462491,-291.25037560097303,0.258278564453125,0.18547175480769212,-4.499136117788731,1108.4172175480605,0.028132605919471157,-0.007991849459135218,-2.363187349759678,324.73520132213133,0.2389375,0.23017953725961418,-6.663912259615148,-486.72250600958915,0.0321756122295673,0.012952599158654031,1.1889648437500546,58.05851862980537,0.2198225848858173,0.24350961538461535,-1.7082331730766633,-346.00360576925084,0.029301260141225957,0.014025878906249999,1.9074894831730378,722.3275991586601,0.20251975661057692,0.2442777193509602,-0.4941030649038831,-735.3891225961285,0.019753042367788465,0.0006347656250002548,-0.06347656250002542,701.2845552884487,0.20251975661057692,0.2442777193509602,-0.4941030649038831,-735.3891225961285,0.019753042367788465,0.0006347656250002548,-0.06347656250002542,701.2845552884487,0.27095435978816107,0.008944063626802879,0.22402524038461538,0.00889257436899038,0.24789861591045673,0.02310659398788061,0.20251975661057692,0.019753042367788465,65.87569525857859,78.0768546596878,144.36508627921947,132.16392687811026,97.48973120221132,89.36041637943417,60.00895134317954,141.22920744633825,165.61198879212768,52.128522285368014,138.32672580715342,178.64830121821484,159.6414316990634,159.66039483328106,28.891226593348886,3.2786124864951325,179.50331638688363,171.44714085199715,177.99356236213407,14.33459288548028,6.310539792235498,0.3408645738383284,3.334911179616237,9.30458639801345,-6.668288886772083,1.538039870868245,7.3124332974561606,-8.715751381764607,-3.726930931595437,1.1076003856630536,-1.8263905390158526,-1.7825715731928133,-0.49735793781486803,-1.7653965445182591,1.1989730624931794,-3.3795024666248143,-0.3746561596404071,-2.257483208683151,-1.436347587076002,2.2758110205566764,444.99515123958594,485.7449257172677,1717.5584125611833,1676.8086380834973,-308.6274399308814,-132.3471304609811,354.09739176812604,-516.7841141052189,-278.2878480547519,-255.29699433145825,266.3228630795395,-143.63689182460755,-211.4652860647977,80.91591166335718,-24.113386171251094,52.301272622465866,-43.40814870524837,-52.6293793428366,161.30659067450787,-272.79196111742795
79,swing,stance,0.395,0.2686372633713942,0.24809194711538618,0.5607722355771556,-1142.2025240385128,0.0190513446514423,0.0018498347355774807,0.1849834735577479,-36.99669471154955,0.26434934645432695,0.3303410456730768,-0.3243314302886488,-2046.2740384615213,0.007341806265024037,-0.08896014873798061,10.4655573918269,1298.6778846153754,0.27867198768028845,0.36062762920672753,-6.6128305288459694,-977.3324819710685,0.005054274338942302,-0.011555363581730583,1.138258713942323,-398.48445012019454,0.28041239107572113,0.3961782602163507,-6.653771033653377,-1481.0133713943874,0.0034170203575721175,0.02287973257211471,1.1807955228364233,-1043.907752403814,0.23044497445913462,0.23605205829327047,-4.7506009615383356,347.6562499999663,0.022696448692908655,0.010009765625000602,-1.505126953125072,328.8386418268943,0.23208212515024038,0.12497370793269336,-23.32256610576923,-487.1544471154166,0.010111328125,-0.010175969050479896,0.4675292968749071,-595.5059344952119,0.21578677133413462,0.0525822566105782,-4.6302208533655,205.45372596150696,0.00839947040264423,0.150652606670673,14.011230468749915,-1637.3384915865329,0.2195853740985577,-0.02118389423076959,-2.132098858173,-175.95027043265603,0.0024515286959134602,0.016487943209134145,-1.6029710036058435,-58.05851862979149,0.22487545072115384,-0.014687875600963282,-11.547475961538302,-1606.6706730768726,0.0009462327223557637,-0.010911207932691448,-0.2538123497596019,476.0742187499682,0.2926381272536058,0.18872821514422916,7.445725661057155,425.8188100962332,0.0045765662560096065,0.037576998197115484,0.742469200721295,-139.38551682691997,0.27692916165865383,0.18825307992788015,-5.031738281249799,1072.0402644231992,0.024869835486778846,0.0,-2.1277794471154206,-34.04822716344949,0.25913544170673075,0.1789137620192281,7.53117487980791,1637.5826322115827,0.028052687424879805,-0.007991849459135218,0.7151442307692922,307.83315805289675,0.23994281475360577,0.21224646935096272,2.4947415865386686,1271.371694711501,0.03224977463942308,0.017426006610576902,1.8758451021634561,31.17487980769375,0.22098814978966347,0.22376990685096224,-0.663686899038673,601.3934795672787,0.02943878643329327,0.03586425781249982,2.906869741586543,-258.77967247594984,0.20371311598557693,0.24377817007211455,-2.199707031249882,-101.18689903842967,0.019753042367788465,0.0,5.142446664663366,601.0836087740319,0.20371311598557693,0.24377817007211455,-2.199707031249882,-101.18689903842967,0.019753042367788465,0.0,5.142446664663366,601.0836087740319,0.2730177471454327,0.00871611140324519,0.22455493915264424,0.008921001727764421,0.2488911351913061,0.02315678210136218,0.20371311598557693,0.019753042367788465,69.88777005510588,78.96209056176167,145.82351801068845,136.74919750403265,97.41176969629257,88.58526391423351,63.43304092720768,138.44774238986813,164.11625029345026,52.25664156819979,137.8848859461191,177.80614375891673,159.2291001017045,159.15709382377713,29.278422319116174,2.1801244634541677,178.74935531526964,171.11103550943932,176.87920316667189,15.44053047207331,7.79291352585129,3.0939755452582958,11.704759165301038,16.40369714589401,-9.157305201021662,1.3458128779704415,9.486210111226647,-11.830505744034026,-5.4671966902437985,-0.5568165251455754,0.35205099670321227,-1.761960171291886,-1.0452662406171145,-1.1574379241275679,0.645509521895215,-2.2415842741397753,-0.3913810047861951,-2.77431283746776,0.2516534030679194,0.1927242124903637,59.14678324656627,536.5764498925108,1096.9865169651198,619.5568503191706,-673.2413313401852,101.74998577854292,39.02172600892527,-381.4393875443127,-229.07368402624374,-297.7028369144369,450.5317279947089,108.0403641178405,-53.038206398139295,159.8496661674173,-151.59998673171165,256.2536399908484,-30.3558946288573,-67.80520109757039,244.6767872103979,-387.8986052617374
80,swing,stance,0.4,0.2697967435396635,0.2328331580528862,-8.412146935096716,-501.6714242788699,0.019069842998798076,0.0018498347355774807,-0.1849834735577479,-86.9140625000123,0.26573871319110576,0.2972412109374986,-8.490271935095981,47.60742187503988,0.007263606144831722,-0.008283879206730231,7.805645282451937,-1091.7687049278977,0.27983890474759615,0.30585561899038577,-5.407339242788345,1203.76352163459,0.005054274338942302,-0.0020827073317311578,-4.949387770432625,-682.6641376201768,0.28179546649639425,0.35290715144231066,-4.985727163462346,1624.0985576921844,0.003630671574519226,0.0,-6.818847656249865,-357.51577524037367,0.23156415264423078,0.22028620793269318,1.6468224158652773,1158.728966346109,0.02277568171574519,0.012724421574518406,1.7204402043267923,571.7022235577059,0.23209181565504808,0.013247445913461263,-7.3221529447117675,3259.690504807696,0.010111328125,-0.018645770733173566,-5.65814678485584,-341.4118840144023,0.21578677133413462,0.061005108173076084,0.8422851562497876,116.53019831733802,0.009847844050480767,0.14710129957932597,-2.0910644531249534,-1275.3436748797856,0.2195853740985577,-0.05123384915865221,-3.004995492788259,725.5483774038211,0.0024515286959134602,0.009288611778845981,0.18517127403846984,608.736478365386,0.22487545072115384,-0.1485182542067308,-15.699932391826628,2388.146033653831,0.0008371206430288491,0.0,3.9550781249998654,301.54184194711087,0.2937606107271635,0.23128192608172762,5.350999098557841,-631.2349759614019,0.004782977764423074,0.0421123798076933,-0.5961726262018728,-393.9302884615598,0.27784249173677883,0.18895733173077117,2.171912560096629,625.75120192304,0.024869835486778846,-0.012550706129807455,-1.2550706129807443,338.2850060096162,0.2600677020733173,0.2607835036057713,11.876690204327112,-1104.1917067308143,0.028052687424879805,-0.0008404071514422899,0.7151442307692922,-63.110351562506274,0.24105996469350963,0.2551269531250009,6.049804687499874,-151.27328725966728,0.03234987229567307,0.03171105018028861,1.5007136418269924,-172.53230168269528,0.22206028395432692,0.23687274639422862,4.30570162259613,457.9890324519767,0.029659902719350956,0.043094576322115455,-0.6803072415864625,-336.51968149039834,0.20495753831129807,0.22228064903846137,-1.5059720552881808,629.6762319711307,0.019753042367788465,0.052059232271633955,5.947359525240298,-861.6098257211412,0.20495753831129807,0.22228064903846137,-1.5059720552881808,629.6762319711307,0.019753042367788465,0.052059232271633955,5.947359525240298,-861.6098257211412,0.2742924569936899,0.008754598764272831,0.224780712890625,0.009204700646033653,0.24995809858273235,0.023244719676482367,0.20495753831129807,0.019753042367788465,71.0311701579233,79.9363290707081,152.865361516729,143.96020260394423,92.38586098039168,88.53993911383034,63.74165545048029,134.15511186327117,163.02903278047057,51.60442946751752,138.5476743186703,177.41307821884936,159.20261170323445,157.9765568197198,30.08180590970726,1.4946544419179357,179.2428812368938,169.58759180471358,178.06464046822728,14.599540932083274,6.902007624701161,5.706629072763442,14.304776349267444,15.500154901205162,-13.40070220017394,2.555539728653675,7.702650557545414,-12.530145257207737,-6.017667771857877,-1.8694279834813183,2.67892674093124,-0.7021679320144074,-1.0277400017962615,-0.16689988284408472,-0.3170268048239386,-0.8169660667163278,-0.6782151059289804,-2.9355352196588553,1.0104202850279789,-1.603175032060701,-92.84522849065873,528.4650818976036,655.5734963231552,34.26318593489516,-551.649555626478,177.49154625521038,-577.7603271589282,359.1174339835306,-155.51511619586978,-150.71033634126292,278.7934721234104,116.12415361626807,-37.042477584367994,170.0562636373523,-144.97276821887036,232.258633672346,-243.48114441603076,-56.977981326293744,16.063482989645518,-234.2249032149661
81,swing,stance,0.405,0.27096559495192307,0.16397047776441895,-4.455942007211548,1874.2675781251128,0.019069842998798076,0.0,-0.684157151442376,-31.419020432688544,0.26732175856370194,0.24543832632211693,0.15174278846175046,2253.9625901442464,0.007258967472956734,-0.010903695913461176,-0.4521296574520874,-953.3034104567412,0.2817305438701923,0.306554236778844,5.4248046874999405,1891.488882211622,0.005033447265624991,-0.06104924128605688,-5.688382662259451,433.03973858169724,0.28394146259014424,0.3463209885817272,9.587214543268482,1765.3057391828695,0.0034170203575721175,-0.045308743990383996,-2.3943622295673164,728.3559945913195,0.23264783653846155,0.25252028245192326,6.836688701922763,18.291766826941096,0.02282369290865384,0.02721416766826854,4.211895282451993,123.55393629811296,0.232214599609375,0.051752178485575624,9.274338942307764,2394.7190504808214,0.009924870417668263,-0.06675743689903835,-2.9465895432691185,1233.389047475966,0.2163968224158654,0.061005108173076084,-3.4649188701921183,238.56295072120372,0.00987048339843749,0.12974196213942346,1.2577937199520484,-761.8032602163622,0.21907303560697117,-0.05123384915865221,5.123384915865216,1037.7291165864774,0.00254441481370192,0.018339655949518845,4.484393780048022,496.27216045674356,0.22339026817908653,-0.1716871995192297,12.333984375000028,3211.8577223557336,0.0009462327223557637,0.02863957331730724,2.7616060697115095,-334.97971754805707,0.29495094651442305,0.24223820612980762,1.1333759014431306,-429.1804387019074,0.00499769005408654,0.03161527193509675,-3.1968336838943068,-256.53545673077974,0.27881873497596155,0.20997220552884646,1.2257737379806055,-1272.3858173076933,0.02474432842548077,-0.012550706129807455,1.2550706129807443,54.37762920672041,0.26174327674278847,0.2976806640624993,-3.510742187500243,-2075.232872596115,0.028044283353365382,-0.0008404071514422899,0.08404071514422891,286.94974459134477,0.24249408428485578,0.2727445162259615,0.9820087139419944,-1884.990985576908,0.032566885141225965,0.03243314302884684,0.15052208533650177,-51.832932692323,0.22335687725360576,0.2668269230769236,3.9162034254810982,-528.6395733172783,0.029869732196514426,0.02906118539663519,-0.4583270733174427,545.4007662259525,0.20593592247596154,0.22871844951923273,4.097055288461431,619.7603665865092,0.020273634690504805,0.05947359525240303,-3.473651592548054,-1004.122220552859,0.20593592247596154,0.22871844951923273,4.097055288461431,619.7603665865092,0.020273634690504805,0.05947359525240303,-3.473651592548054,-1004.122220552859,0.27598983999399035,0.00869481952373798,0.22474451246995192,0.009221938852163455,0.2512166403745994,0.023416092310196313,0.20593592247596154,0.020273634690504805,72.85420261970191,81.63448328284636,152.6093337114102,143.82905304826576,88.07631125365793,92.12069078678337,70.12975105442239,130.38113329461746,159.68611769140148,50.75255569197585,140.18542367850554,177.71613172997488,158.75585823485233,159.1747171442081,28.8475769804331,2.2606225078809747,178.92586130961746,168.21449854851352,179.84001462305048,13.13197064593445,6.864461240944702,8.378626364234336,18.260494128532596,16.746329005242963,-14.673800757286447,3.1207283405225468,3.7086068396373597,-8.239331404198717,-7.022347852202498,-2.063919888558206,3.1399857179373187,-0.6007186351292043,-1.4156910164607948,0.5431247122459566,-0.8042181602934899,0.08100206258368693,-2.8261924489465047,-3.344092650730698,0.4122882329643747,-2.1495248196592995,150.4322299475478,499.0898736388708,510.3806826465665,161.723038955239,307.81037281016603,-78.06441068259882,-601.2645399666939,1016.8365204793632,-185.82601838510425,-92.74493366741113,223.67204835187462,139.04748682946862,35.43572869603378,-63.451917132799515,76.0423276183951,-17.20678590011315,-221.995805287198,14.398750909161416,-67.2852475501705,-75.18345767930133
82,swing,stance,0.41,0.2714364483173077,0.18827373798077068,10.33052884615443,412.3159555288177,0.019069842998798076,-0.004991736778846285,-0.4991736778846336,111.59104567308472,0.26819309645432693,0.2987586388221161,14.049353966346505,-48.99714543277229,0.00715456918569711,-0.01280517578125111,-1.7273888221154836,-84.85764723555177,0.2829044471153846,0.3601036658653852,13.507549579327891,-1449.0872896634814,0.004443781926081733,-0.05896653395432572,-0.6189903846156484,-119.41293569715147,0.28525867638221153,0.44877929687499557,12.667330228366364,-3059.0820312498977,0.0031775841346153855,-0.023943622295673185,0.46471228966333644,-532.789963942314,0.23408935546875,0.2886530949519209,1.8297400841346885,-2054.368239182656,0.023047823392427877,0.054843374399038365,2.955979567307923,-568.9039963942406,0.23260933743990383,0.10599083533653898,16.62503756009647,81.80588942306414,0.009443753756009615,-0.04811166616586478,6.675743689903829,859.7599909855631,0.2163968224158654,0.026355919471154874,3.227914663461827,2224.4591346153456,0.011145263671875003,0.15967923677884646,-9.709097055288582,-1635.1130558894522,0.21907303560697117,0.0,7.372295673076524,-97.82527043269491,0.002634925255408649,0.054132549579326235,5.1478928786059095,-395.0852614182499,0.22315857872596154,-0.025178410456730395,16.41864483173074,-1036.5271935096014,0.0011235163762019218,0.027616060697115117,0.6052809495192919,-259.0613731971023,0.29618299278846155,0.24261568509615894,1.0591947115387625,-169.7904146636398,0.005099130483774042,0.010144042968750202,-3.1615271935096723,218.24293870192741,0.2799422137920673,0.20121506911057724,-10.551945612980315,-1058.8942307692216,0.02474432842548077,0.0,-0.7112943209135397,-197.04026442307648,0.2630445087139423,0.22567608173076883,-8.87563852163406,-613.6192908653505,0.028044283353365382,0.0,3.5846416766827423,937.7347506009739,0.24378740985576924,0.26494704026442084,-12.800105168269225,-1369.910606971097,0.03267420372596154,0.03321627103365363,0.982384314903762,277.1559495192307,0.22472855318509616,0.27603478064903963,-0.9806941105766567,-588.2474459135157,0.029950514573317308,0.038511305588941024,4.773700420673066,410.5224609375376,0.2072447228064904,0.2632512019230757,4.691631610576917,-331.8810096153684,0.020347778320312496,0.017322716346153386,-4.093862680288301,450.93712439904505,0.2072447228064904,0.2632512019230757,4.691631610576917,-331.8810096153684,0.020347778320312496,0.017322716346153386,-4.093862680288301,450.93712439904505,0.2769481670673077,0.008461444561298076,0.22506542593149043,0.009479056490384613,0.25248840019030455,0.023476706480368592,0.2072447228064904,0.020347778320312496,74.77293990585731,85.2134347720831,162.1673699292452,151.7268750630194,83.79107928739658,90.21763873178018,66.55212225630811,127.75808334387278,159.69851241899596,50.41929815487799,140.63092395116993,177.53137547674106,158.34811862972475,159.3558917462043,28.777142994764088,1.7938532132208584,178.1610444973833,169.29786445196908,176.7695354417508,13.887497816884277,8.40632992417664,10.697527809152154,19.408583175733114,17.117385290757554,-10.322598472072277,1.7748956218276863,1.6900051578784698,-2.3617800524140953,-7.875927955708921,-2.7968773201554304,4.915647224449988,0.6883069362802801,-0.6733827148359234,-0.8014190541720805,0.4433964713600132,-0.9890339257174594,-2.8981731588009625,-2.791547710567241,0.33756780952627324,-2.355009608853715,245.72676243255765,464.12879257222505,-49.77469502647014,-268.1767251661355,1073.866652517102,-373.3502459863192,276.93427065770715,688.8958838388976,-265.3137479658266,-134.7374925693536,388.8763495188279,258.9736033886076,166.8283589805286,-287.3800104893952,280.56056433067806,-212.4971627090034,180.00144036537898,127.57888107625537,25.81548517832281,-170.44817627613403
83,swing,stance,0.415,0.2728483323317308,0.26727576622596333,-0.3327824519233669,-1936.3731971154464,0.019019925631009613,-0.004991736778846341,0.43175330528847217,93.09269831731162,0.2703093449519231,0.3859318659855821,-0.3382286658659729,-3337.496243990548,0.007130915715144223,-0.02817758413461603,-1.300706129807606,454.51472355771307,0.28533158052884616,0.44162973257212307,-9.066068209134885,-5026.254507211755,0.004443781926081733,-0.06723914513221337,-6.882512019230966,-428.58886718745714,0.2884292555588942,0.47299429086539097,-21.003605769230525,-5113.544170673315,0.0031775841346153855,-0.04066162109375063,-7.722261868990461,-868.586613581716,0.23553436748798076,0.27081768329327016,-13.706993689903817,-1590.3132512019483,0.023372126652644223,0.056773963341347794,-1.4771446814904192,-436.30746694716083,0.23327450796274038,0.21800255408654046,10.092397836538407,-2825.04507211544,0.009443753756009615,0.0,5.651010366586521,-417.00157752404624,0.21666038161057694,0.09328425480769438,18.77967247596136,1153.771033653789,0.011467275766225957,0.03265099158653756,-15.093336838942486,1133.7139423077288,0.21907303560697117,0.022489107572113094,4.145132211538266,-180.06310096147595,0.003085740309495183,0.06981858473557799,0.533541165865519,-865.6663161058041,0.22313848407451922,-0.007500751201922139,1.9687124399040044,-1511.9441105769629,0.0012223933293269151,0.034692382812500165,0.17099233774048456,-362.23895733173936,0.29737710336538464,0.25283015324519525,-0.5645282451932689,-894.1744290866338,0.005099130483774042,0.0,-1.0144042968750306,112.37041766827645,0.2808308856670673,0.10445274939904321,-9.363168569711622,2224.909855769115,0.02474432842548077,-0.019663649338942858,-0.7153320312500222,392.86921574521125,0.26400003756009616,0.20892427884615863,-9.646935096153754,-51.9080528847331,0.028044283353365382,0.035006009615385164,9.461388221153976,103.80671574517635,0.2451435546875,0.14474346454326917,-12.717097355768988,2115.0841346154057,0.0328990478515625,0.04225698617788447,2.9220815805288116,437.0868389423159,0.22611722506009616,0.257019981971157,-1.9662710336540634,-69.24203725969421,0.030254845252403836,0.07679818960336589,3.6468975360579363,-711.284930889437,0.2085684344951923,0.27563476562500194,0.778245192307744,-377.72310697118775,0.02044686185396634,0.018534968449519986,1.0357196514424,594.6138822115207,0.2085684344951923,0.27563476562500194,0.778245192307744,-377.72310697118775,0.02044686185396634,0.018534968449519986,1.0357196514424,594.6138822115207,0.2792296283428486,0.008443051851712739,0.2255361553485577,0.009718257962740378,0.2536728734725561,0.02358141620342548,0.2085684344951923,0.02044686185396634,77.94514003928985,88.08678272401676,167.9089869598224,157.76734427509552,80.78414580503606,92.2717011838479,66.99719971491699,130.68240344516093,155.37624382880603,49.89415591481441,141.19887419469435,176.65528722699207,157.65019956508053,158.71132151012114,29.20073604228158,2.0201579816882393,174.9733250722887,165.65269100655627,178.8829794639013,12.457812583519384,9.32172886527028,13.01991428995659,17.762747178267894,14.064561753581605,-3.9351342321154186,-0.6127741193406484,6.477949546214433,-1.3503725658097347,-9.675485331860767,-3.411294814251743,7.028749213125601,1.989017398756874,0.2525925733444926,-2.330675392647998,2.001387483013293,-2.043969564506349,-1.0261780452927132,-2.0683038399681433,0.6704430847476031,-3.8540065824206415,-162.86637859881537,210.74069866417776,-755.5299952152055,-1129.1370724781939,1004.3030410032101,-270.5811441505571,1233.1199904021964,-41.25562929032027,-458.14246425923676,61.15845594332035,159.03008718876654,181.61763925306389,7.1640405975338,-107.17546977183291,197.05060148873926,-35.066255899445544,294.6335498608238,178.64615126396976,31.25833409032748,-233.98157928770223
84,swing,stance,0.42,0.2741092059795673,0.18494591346153705,-9.033203124999837,335.39287860578867,0.019019925631009613,-0.0006742037259616078,0.43175330528847294,-42.0673076923093,0.2720524151141827,0.2953763521634564,-19.325608473558635,-1688.2324218748752,0.006872793344350953,-0.025812237079327036,2.8177584134616005,675.565279447107,0.2873207444411058,0.2694429837740373,-36.754995492789135,-1669.7528545672603,0.003771390474759606,-0.12779165414663468,-4.904879056490175,1200.805664062517,0.2899886192908654,0.23874323918269247,-38.468111478366275,-91.42127403847083,0.0027709679236778834,-0.101166240985577,-8.221153846153735,933.2838792067345,0.23679753230168268,0.1515831580528841,-14.073392427884633,2158.2594651442337,0.02361556302584135,0.040071927584134324,-1.4070951021636406,312.7629206730884,0.23478936298076922,0.20691481370192202,-11.62541316105764,-2113.3375901442096,0.009443753756009615,0.008398437499999849,2.5057279146634093,-302.4057241586469,0.21732966496394232,0.21415264423076655,14.765624999999597,-1797.1191406249302,0.011471773587740375,0.008745868389423143,1.6280423677885902,2001.314603365401,0.2192979266826923,0.04145132211538224,5.571664663461783,295.6355168269811,0.0033331111027644217,0.05946796123798137,-3.5087702824520433,-648.0337289663645,0.22308357121394232,-0.0054912860576905535,1.299203725961268,185.65955528842835,0.00147044020432692,0.029325984074519945,-3.0171086237980647,-310.3590745192474,0.2987112943209135,0.2369704026442263,-7.882549579327485,-1270.019531249829,0.005099130483774042,0.0,-2.0378230168269194,-205.43494591346132,0.2809867412860577,0.10758338341346198,11.697152944710606,2491.624098557692,0.024547691932091345,-0.007153320312500149,3.2173978365385323,6.234975961542327,0.26513375150240387,0.12920673076923228,-9.394719050481386,1828.9888822115079,0.02839434344951923,0.0946138822115388,4.622708834134495,-1305.8049128605935,0.24523484450120192,0.13777606670673226,8.350736177884613,2036.4708533653438,0.03309677358774038,0.06243708683894145,5.353252704326877,-47.22243088941016,0.2272987530048077,0.2563720703124992,-1.6731144831735918,-32.057542067279435,0.03071849646935096,0.07498028094952001,-2.3391488882212306,-770.4890324519589,0.21000107046274039,0.2710336538461531,0.9144005408650783,-98.89573317306623,0.020533128004807694,0.02767991286057728,1.8522761418268454,25.841346153839172,0.21000107046274039,0.2710336538461531,0.9144005408650783,-98.89573317306623,0.020533128004807694,0.02767991286057728,1.8522761418268454,25.841346153839172,0.2808677462064303,0.008108769343449514,0.2262596116286058,0.009866928335336537,0.2545610758463542,0.023731593987880606,0.21000107046274039,0.020533128004807694,80.38964951383083,91.87172547018517,170.9266053372605,159.44452938090615,81.93478664727557,91.43974956297507,69.779111677039,129.7942408384823,153.80118369472936,47.65535125685597,145.98359898856685,179.65703519558534,159.15081074629143,157.0624145710439,30.490789241656433,0.03509487594469555,178.2138247653008,167.35108228292356,179.60191195093637,11.225735655496157,6.777666138188503,12.80493479579391,11.853283223581135,5.826014565975729,-0.2795680620402805,-0.930915819677857,14.021205061900309,-2.774336345317294,-12.457352598301242,-2.185292760722233,6.5059480963376375,2.5044833288109003,-0.6017423088605861,-1.8731737518903986,2.4139024862473857,-1.3396964847119113,0.048162339807245005,-1.0050861979275618,0.6501511504295449,-4.694825401730713,-843.0227125536094,-372.32583316976024,-860.9355922388767,-1331.63247162273,179.37786814535357,108.41542113777572,935.6082387232447,-324.597424201898,-323.21752523821726,451.3780011672871,-423.01694960817304,-134.0568340263168,-280.6915041577483,259.79405913769455,-37.209415830136095,237.93034299555484,-51.69909206190637,169.58115520443442,-349.5959943396933,-152.8927235467552
85,swing,stance,0.425,0.27469779146634615,0.17694373497596488,3.0211463341345226,1376.2582632211013,0.019013183593749997,-0.0006742037259616078,0.011080228365378787,-42.06730769230938,0.27326310847355767,0.19267578124999557,-17.22055288461474,1262.0192307693906,0.006872793344350953,0.0,5.45494666466347,80.54762620192052,0.28802601036658654,0.07407977764423139,-25.763596754807505,3592.041015625031,0.003165865384615385,-0.11628793569711517,5.125544621394215,1114.0981820913257,0.29081668795072113,0.08831317608172787,-21.917818509615234,3633.8829627405185,0.0021659217247596146,-0.12287315955528805,1.6105769230768923,1443.4626652643972,0.2370501990685096,0.1300837590144237,7.875600961538541,2571.627103365388,0.023772845928485567,0.042703012319711374,1.650484525240467,132.9439603365488,0.2353436560997596,0.10174842247596395,-11.040978064903706,1497.070312499952,0.009527738131009614,0.025057279146634116,2.626953125000049,-88.38829627402765,0.2188019080528846,0.24094050480769047,0.8084810697120408,-1303.5419170672608,0.011554734450120188,0.048931415264423475,4.919809194711541,-409.86515925482223,0.219487548828125,0.07820575420673097,7.10148737980808,106.42653245191082,0.0036804199218749972,0.034730881911057526,-5.946796123798132,3.56820913462936,0.22308357121394232,0.0054912860576905535,3.8253079927882894,858.9618389423483,0.0015156531700721149,0.004521296574519491,-2.9325984074519917,89.18644831730852,0.2997468073918269,0.17400465745192034,-13.264723557691571,337.15820312510414,0.005099130483774042,-0.02037823016826921,-3.0687537560096456,108.29514723556505,0.28190671950120194,0.22142427884614937,15.553072415865318,-453.0123197113863,0.02467279522235577,0.012510329026442491,-0.6529822716345989,-635.3947566105916,0.2652921048677885,0.1149770883413447,8.64295372596134,1904.4283353366236,0.02899042217548077,0.08123309795673016,-3.5966609074519704,-904.3813852163207,0.2465213153545673,0.22825082632211538,7.647611177884468,-619.7040264423018,0.03352341871995192,0.09578951322115328,2.4498572716347096,-1145.0477013221,0.22868094576322115,0.24028883713942106,-2.286846454326858,319.7490985577811,0.031004648061899037,0.05340670072115356,-4.05799278846166,-94.557542067294,0.21127877103365383,0.28477877103365273,-0.21071213942291925,-270.4890324518828,0.020723660982572112,0.03705772986778846,1.294133112980792,-131.93922776441352,0.21127877103365383,0.28477877103365273,-0.21071213942291925,-270.4890324518828,0.020723660982572112,0.03705772986778846,1.294133112980792,-131.93922776441352,0.2817008995643029,0.007804441011868987,0.22675337665264422,0.010010278320312496,0.25557111065204324,0.024002345941005605,0.21127877103365383,0.020723660982572112,83.26036466408607,97.35577673784154,174.3820116795745,160.286599605819,83.168606394249,89.84529883059658,78.03753670059459,126.02385633627354,148.95251218797745,47.652918724053244,146.91427859614836,179.00934108093637,158.38734076995533,157.4620584169568,30.574062411949882,0.5060559601749738,177.1092109109723,166.6061282941328,178.16004488865786,9.169183465672406,0.8915017397341788,9.296655958258984,9.15339125587912,0.7482370373542928,-2.1413555506618813,0.47138009203710984,15.834031933446887,-4.596346807828717,-12.907660584242942,1.1024851974211316,2.798579717043867,0.6484490584937047,-2.5543224682329924,0.2672651987289496,1.629293324711932,0.33533386544920174,-1.5431689659117773,-0.3724922879237976,-2.8255168586493324,-5.382933817888195,-1181.769052552302,-934.5253236570479,-471.8760803075464,-719.119809202796,-573.2511215207004,529.0644185906115,-14.1772171859733,-10.374123537366655,-19.635362206735767,631.9932812392648,-816.7315212766398,-368.83223621480374,-278.942116730247,336.0350190317035,-179.93493504153324,243.12573369809917,-328.2418478063226,47.08361509222039,-368.22927546498124,-36.81231770168637
86,swing,stance,0.43,0.27587864332932693,0.2151573768028823,4.729379507211188,413.36763822119457,0.019013183593749997,-0.0005634014423078199,0.011080228365378787,4.525991586540311,0.27397917292668267,0.12317082331730889,-6.705416165864719,2048.152043269186,0.006872793344350953,0.028737229567307707,3.6232346754808065,-301.3916015624916,0.2880615422175481,0.01180701622596202,-0.8345853365387935,3330.885667067287,0.0026085111177884535,-0.07653620793269249,6.236102764423091,-256.7326472355795,0.29087175105168267,0.01956505408653995,-2.1292818509610574,2632.211538461486,0.0015422363281250018,-0.08506047175480806,6.21347280649025,146.90692608174098,0.23809836989182692,0.2303391676682696,11.642878605769269,-367.7884615384809,0.024042593149038463,0.05657677283653901,-0.07765549879815141,-338.75450721154635,0.23580684720552886,0.09650503305288485,3.3452899639418954,1742.1123798076705,0.009694326547475957,0.03466796875000036,1.621844951923132,206.41150841345322,0.21973907001201923,0.22223745492788696,1.730205829326979,-829.8527644231538,0.01196108774038461,0.0579439603365386,-2.470609224759636,-843.6279296875049,0.2200799842247596,0.11246619591346309,6.635929987980892,-499.1924579327554,0.0036804199218749972,0.0,-3.4730881911057496,599.2807241586557,0.22313848407451922,0.032761793870192374,9.888822115384759,288.9498197115307,0.0015156531700721149,0.0,-2.1252441406249787,125.94839242789608,0.3004513408954327,0.1043231670673105,-4.51096754807644,2576.303335336421,0.00489534818209135,-0.030687537560096484,-0.9548715444712678,-100.88641826923283,0.2832009840745192,0.2631141075721153,7.167029747596739,-1031.287560096181,0.02467279522235577,-0.013683143028846144,-3.136549729567389,-20.96792367789473,0.2662835223858173,0.21563626802884575,9.649564302884865,-610.2201021634373,0.029206674429086532,0.05864727313701906,-4.421105018028719,-226.80664062499287,0.24751735276442308,0.214252178485577,2.1536959134615903,5.803034855783546,0.034054668719951914,0.08693565955528856,-6.097224308894134,-826.8197866586589,0.22970164137620191,0.2335036057692306,1.524376502404222,-251.8404447115481,0.031252563476562495,0.03440035306490338,-3.2847243088941713,260.516826923101,0.21284885817307692,0.2689265324519239,-1.790489783653752,306.6781850961365,0.02090370530348558,0.04062124399038521,0.5328838641827089,229.70815805287089,0.21284885817307692,0.2689265324519239,-1.790489783653752,306.6781850961365,0.02090370530348558,0.04062124399038521,0.5328838641827089,229.70815805287089,0.2821977773813101,0.007509181096003601,0.22737255108173077,0.010178816105769229,0.2566672832782452,0.02416429255558894,0.21284885817307692,0.02090370530348558,81.10766522106911,97.95450238043445,176.06863827202585,159.2218011126605,80.92607659693682,91.04391465854646,79.61246148266112,127.64789754666732,144.70963222615484,48.90429377994288,146.09842057925556,179.48221136084905,156.57665858528486,157.38540633102852,31.553009363639138,1.0051866026589675,176.10794362277255,166.61681124874954,178.6099975259498,9.106316502631815,-5.040024387334525,3.4596815592234234,7.134522420505667,-1.3651835260522371,-6.01207927724729,4.359728366228262,13.879432890040576,-2.8780775806909604,-12.6537062203686,4.13464005167042,-1.6613671164287676,-1.1838390333371407,-3.3911634761630585,1.4871764384266393,0.6145531358320516,1.0915608522690825,-3.234256138255984,-0.5342500470053575,-3.0321416042202705,-5.062948578747577,-1024.7222370104141,-1043.3805493701168,-476.86846054102796,-332.0719956653212,-598.0218921365677,810.6620541012951,-589.7906793212393,584.3686795867231,218.0621616992436,358.8168295516174,-580.3479753806896,-102.80811252805648,11.479584061588877,70.84513076292862,-147.16045928404893,-36.08417884566486,18.44837404062712,128.52388268754987,245.1004295804711,271.1481567578889
87,-,stance,0.435,0.276849365234375,0.2242375300480768,7.154822716346472,-246.3191105768754,0.01900754957932692,-0.0005634014423078199,0.05634014423078194,4.525991586540311,0.27449481670673076,0.12562161959134832,3.260967548077137,920.447716346082,0.00716016564002403,0.0362323467548081,2.4410306490385514,-26.526817908656206,0.28814408052884616,0.06573392427884345,7.545259915865397,-37.5976562499436,0.0024005033052884595,-0.0539269080528842,2.5582181490384173,-528.8837139423144,0.29101233849158653,0.06702035757211727,4.40429687499965,64.54702524033539,0.0013153170072115333,-0.06073843149038549,3.0796461838943032,-206.34577824515893,0.2393535907451923,0.2465125450721165,4.197716346153729,-1059.964693509632,0.024338613656850958,0.04192645733172986,-1.7370605468749993,186.70184795675726,0.23630870643028845,0.13520132211538294,6.3801457331730145,308.93179086544,0.009874417818509618,0.04127572866586545,4.691068209134583,49.1192157451857,0.22102428260216347,0.2582425631009603,-7.4900465745195035,-1650.2216045672885,0.012134174053485575,0.024225323016827095,-3.5164701021635154,505.5307241586525,0.22061221078725962,0.14456505408653994,2.1095628004805214,-1509.4839242788773,0.0036804199218749972,0.0,0.046011117788430284,614.8493840144166,0.22341118915264424,0.10437950721153823,6.714806189903599,-1673.4149639422944,0.0015156531700721149,-0.016731144831730313,-1.6731144831730298,379.8358623798005,0.3007900390625,0.1288949819711559,12.49830979567266,1686.9553786056877,0.004792255108173077,-0.029926945612981898,-4.077617938701975,-444.11057692304746,0.2845378605769231,0.29309457632211683,5.2401968149034985,-619.3659855769897,0.02453596379206731,-0.01885516826923143,-0.8626615084135464,330.8293269230896,0.26744846754807694,0.21147273137019343,2.54075270432696,48.02058293262852,0.029576894906850962,0.03702204777644293,-5.864727313701901,-403.4329927884842,0.24866383713942308,0.2497877854567313,7.705641526442304,284.0482271634629,0.0343927753155048,0.03481727013221189,-5.818340594951888,539.0061598557606,0.23101598182091346,0.2555326021634633,-4.805250901442341,-789.0625000000742,0.03134865159254807,0.020559457632211824,-1.4528245192306477,212.09247295672586,0.21396803635817307,0.2668738731971152,2.856069711538448,-52.396334134619416,0.021129873422475964,0.04238656850961555,3.5912146935095026,489.2296424278672,0.21396803635817307,0.2668738731971152,2.856069711538448,-52.396334134619416,0.021129873422475964,0.04238656850961555,3.5912146935095026,489.2296424278672,0.28262515024038465,0.007470883882962735,0.22814199594350965,0.010308655724158653,0.25773737041766825,0.024296069022936698,0.21396803635817307,0.021129873422475964,78.75950294551174,97.98378031356921,178.5004746408719,159.27619727281441,78.11213679067966,93.47777878288294,84.38054598315122,124.92820853896545,142.28116105144596,50.540245855363864,145.89445679653159,177.94471289015607,155.83379481773133,158.8477247870733,30.939064853143844,1.6264627115153796,174.42669415014757,165.74669496075418,175.01818816057786,5.324650061486626,-9.355720630369971,-1.1371495354421934,4.384706650468836,-2.572482919298922,-8.121574472027563,8.578000633050069,9.93612514023449,1.2473399880385194,-10.727038967250504,4.690653492937309,-3.0049000367630336,-0.379632066786861,-2.4395266276171035,0.9757165063582365,0.15768873187144136,-0.025507923007447145,-1.358685225505506,0.9127465389517023,-0.37451256284461965,-2.6714522503093034,-483.32709739958983,-472.91785873620734,-1002.5369415096445,197.13562523831794,-43.32754400679036,388.92366963192126,-530.0431808894668,633.2861373648846,242.3531691497068,-6.752896478041664,-228.93351769418274,127.03149183018047,122.26832689540032,-44.11109763189805,-152.9542902752265,-169.86522883283473,309.53093831902424,116.86461933849459,479.2894739768663,544.326737679133
88,-,stance,0.44,0.2781210186298077,0.2867056039663471,2.2661884014424323,-1529.6349158654366,0.01900754957932692,0.0,0.05634014423078194,-5.634014423078189,0.27523538912259615,0.15578049879808029,2.4990609975961093,-509.8219651443178,0.007235116811899034,0.05314753605769324,3.357966496394244,-437.2464693509897,0.28871888146033653,0.08725961538461605,-1.2105618990382299,-1225.7737379807697,0.002069242037259611,-0.050954026442308294,0.9472656249999418,-12.545072115371958,0.29154195462740384,0.06360802283653649,-1.483811598557703,-592.0410156249318,0.0009348520132211463,-0.054264009915865004,4.150015024038659,204.46777343749383,0.2405634953425481,0.2723163311298069,1.0432316706729385,-688.4953425480553,0.024461857722355762,0.039206167367789,1.789362980769423,111.02764423076533,0.2371588604266827,0.16030649038461506,6.434607872596298,313.251201923103,0.010107083834134611,0.08157865084134623,2.1130371093749893,-1163.7432391826933,0.22232149564302883,0.14733698918269186,-14.772010216345919,1201.190655048087,0.012203340970552881,0.022779259314903412,2.584698016826893,581.7119891827051,0.221525634765625,0.13356182391826832,-8.458909254807896,-1154.5410156249518,0.0036804199218749972,0.00046011117788430323,2.6754056490384213,585.8060396634735,0.2241822791466346,0.09990985576922842,-6.845327524038202,-1514.2164963941568,0.0013483417217548116,-0.016731144831730313,1.6731144831730298,484.87267127401856,0.30174029071514424,0.2293062650240372,12.358586237980452,-448.9558293268572,0.0045960787259615304,-0.07146371694711627,-5.395977313701747,761.2868088942548,0.2861319298377404,0.3155160757211503,0.9733698918268354,-838.2286658653019,0.024484243539663456,-0.022309758112981616,0.1717435396635098,309.36373197117035,0.26839824969951925,0.24104379507211537,10.129770132211151,773.9257812499601,0.029576894906850962,0.0,-8.455434945913565,-49.00653545673861,0.2500152306189904,0.2913085937500001,4.994178185096222,-804.4433593749877,0.03440284142127403,0.028752253605769638,-0.707162710336522,294.3115234374924,0.23225696739783655,0.18545109675480714,-6.366248497596527,1081.3927283654073,0.03145815805288461,0.019872107872596894,-1.163799579326911,-53.43862680290394,0.21551759690504807,0.2974872295673084,-2.3144531249999467,-1314.7536057692382,0.021327570988581734,0.07653339092548027,5.425180288461386,-725.7080078124903,0.21551759690504807,0.2974872295673084,-2.3144531249999467,-1314.7536057692382,0.021327570988581734,0.07653339092548027,5.425180288461386,-725.7080078124903,0.28340431096003604,0.007311690110426677,0.22915035306490386,0.010360208834134613,0.2590100441957131,0.024307631272536056,0.21551759690504807,0.021327570988581734,76.22734745128683,97.19047644853973,179.07148308205623,158.10835408480332,76.65725319031495,95.30109066693902,87.29309019351403,125.94283768124588,138.72241598249408,51.8749468685394,144.147741068388,178.68679397937356,155.87537605382371,158.23301620032169,31.182125829553673,0.7909430221059391,175.33706472853518,167.29220742936002,177.531901174781,6.367701496062085,-9.873295361330428,-1.2694970281386542,-2.8908469945907873,0.6061727263309441,-6.445354717315194,8.248965062547478,8.579001081145902,3.454783792957891,-10.23017452887153,4.067111086890003,-3.950702293370597,0.0864758849646651,-2.168480207209054,1.0460654621076584,-0.9149897669202148,-0.6070914360592662,-0.1389467550657385,0.6343961463795894,1.760753135548397,0.38031879804375746,20.24678094140418,52.20764910414556,-1427.1891982300986,674.6643948744235,450.83890217514937,-370.48106815896483,-50.91803708346272,188.27085152385925,-56.99498042421402,-232.95779742174517,-65.56694351264703,31.130976627622374,1.7930804621846248,52.64210471815458,-192.64785402582217,-67.38380177277257,216.4007256810226,-126.46253411258334,311.1084830856509,551.2581419471911
89,-,stance,0.445,0.27971642127403845,0.24689941406250115,-8.141526442307907,-324.03094951927085,0.01900754957932692,0.0,0.0,125.83571213942122,0.27605262169471156,0.15061222956730944,-1.837252103366045,90.10667067305117,0.007691641000600963,0.06981201171875057,-1.9314340444713491,-928.0630258413612,0.2890166766826923,0.05362830528846114,-4.712477463942313,-7.080078124999039,0.001890963040865376,-0.04445425180288477,2.4327674278846976,349.81595552885284,0.2916484187199519,0.05218224158654023,-1.5161132812496732,-304.3306790865832,0.0007726769080528828,-0.01923828124999886,5.124323918269243,-222.61868990387723,0.24207675405649037,0.2569448617788459,-2.6872370793268296,-190.37334735577636,0.024730675330528848,0.059820087139424105,-0.6267841045673449,-777.1371694711821,0.2379117713341346,0.19954740084134598,9.512657752404047,-906.1748798077062,0.01069020432692308,0.06240609975961536,-6.94636418269236,-490.69448617788817,0.2224976524939904,0.11052246093750097,4.521859975961378,2354.6048677884287,0.012361966646634609,0.05007230318509605,2.3006497896635407,-585.3647085336518,0.2219478290264423,0.05997596153846091,-9.435847355769006,661.8652343750291,0.0036850210336538403,0.026754056490384235,5.904071514423171,-136.4088792067255,0.22441028771033653,0.03592623197115615,-8.427358774037982,613.2061298076403,0.0013483417217548116,0.0,3.1756122295671596,74.84788161057887,0.3030831017127404,0.2524808443509605,8.008751502404083,-747.9341947115286,0.0040776179387019135,-0.08388671874999941,3.535250150240581,1313.748873197084,0.2876930213341346,0.3028282752403852,-3.1420898437495266,-1615.1592548077033,0.024312866210937492,-0.01713773287259633,2.2309758112981597,376.8216646634616,0.2698589054987981,0.31277043269230503,10.280010516826568,-1206.843449519154,0.029576894906850962,-0.047532301682692804,-6.354792668269288,1097.2524789663566,0.2515769230769231,0.29972956730769357,-0.3387920673075803,-1703.8010817308166,0.0346802978515625,0.027745643028846665,-2.875225360576961,-815.2512770432778,0.23287049278846153,0.19187011718749797,6.008676382211742,1994.3847656250462,0.03154737267127404,0.008921461838942704,-1.9872107872596876,276.81790865383067,0.21694290865384616,0.2437293419471157,-10.291466346153946,53.12875600960183,0.021895207331730768,0.09663837139422946,-3.6658653846154063,-1508.9017427884307,0.21694290865384616,0.2437293419471157,-10.291466346153946,53.12875600960183,0.021895207331730768,0.09663837139422946,-3.6658653846154063,-1508.9017427884307,0.28410853459284857,0.007340707632211535,0.22976885892427884,0.010563241811899039,0.2603375588441506,0.024348376151842946,0.21694290865384616,0.021895207331730768,72.05938324115813,96.16518659805322,178.91592243378835,156.97827420931657,73.47747159341978,100.33261981023354,87.43584904721976,129.87293570967014,136.5013066467634,52.7449050845649,143.69991540805913,179.1522190065703,154.8953859082492,158.29158168213098,31.215992910425452,0.6764546507538614,175.54468193196234,167.49962784693545,178.5944015630579,7.315910298838647,-9.15325282095593,-0.6150730444007374,-9.887185331832162,4.174161029445319,-3.6131854502760654,4.873189951460417,9.426944769399862,3.1300485032771137,-11.296988771492645,2.361075518719855,-3.6605694718895045,-0.06832230051063698,-2.421595822995257,1.5021375535397827,-1.7687898083867821,-0.6993459407351735,0.805322031304722,-0.35187880217413225,2.736572268011892,2.8411291691626124,325.4413962195496,228.1974653948789,-787.9398382785961,361.30921180066827,368.6191179628001,-522.5348736103309,525.9539457539377,-723.098313049356,43.22861164788968,-429.0333057948862,275.4102611743198,-5.258636323897104,258.6022163783359,11.7254358803098,-150.14843775893544,109.74482722353221,310.38185133283434,-58.20241254071313,-6.896288702469271,221.16187165094087
90,stance,stance,0.45,0.2805900127704327,0.20529033954326795,-0.9741210937502789,1164.77614182697,0.01900754957932692,0.0,1.3146972656249953,131.4697265624994,0.27674151141826925,0.13740797776441982,3.400127704326622,989.445612980863,0.00793323692908654,0.03383319561297973,-5.9226637620193765,384.8970853365791,0.28925516451322114,0.04013484074519288,-1.2813626802882203,383.52614182690536,0.0016246995192307628,-0.026626352163461296,4.445425180288473,45.673076923074966,0.29206377704326925,0.04844689002403975,-4.527118389423538,-295.9735576923409,0.0007424692007211575,-0.003020770733172526,1.9238281249998843,-640.8221905048177,0.24313294396033655,0.2454439603365386,-0.8605018028848269,-774.3577223557596,0.025060058593750004,0.032938326322115546,-5.982008713942405,-858.914888822113,0.23915433443509615,0.2554330679086556,-2.627140925480773,-1841.8907752404352,0.010731144831730766,0.012115009014422574,-2.793907752403896,895.8928034855905,0.22342672025240384,0.19255558894230568,8.774038461538387,-172.213040865343,0.012704064002403842,0.04578575721153884,-3.26894906850963,-54.52786959135575,0.22212539438100962,0.03920335036057817,-1.840256911057599,1787.3159555288019,0.00394796048677884,0.05950082632211606,1.3113168569711653,-911.668043870215,0.22454154146634617,0.01563626802884853,-0.7132662259617933,1887.2445913460606,0.0013483417217548116,0.01502497746394131,2.421593299278819,-352.35126201919786,0.30426509915865385,0.3093937800480781,4.87924429086516,-1741.3423978365713,0.0037572115384615357,-0.03611121544471043,7.7415114182691065,-56.21807391829864,0.28916021259014424,0.284095177283655,-15.178222656250213,-1204.8527644231108,0.024312866210937492,0.0,3.939960186298129,22.874098557681922,0.2715259540264423,0.34384390024038114,-1.9386643629804006,-2609.5252403845398,0.029101571890024033,-0.06354792668269293,2.51708984375001,1186.3450270432863,0.25301252629206733,0.2879206730769243,-12.04383263221196,-1143.0664062500562,0.0346802978515625,0.0,-8.859675480769308,-799.6356670673089,0.23417566856971153,0.24553786057692462,13.577599158653952,317.7020733172714,0.03154737267127404,0.0,1.604379507211398,448.37364783653516,0.21795489032451923,0.19457256610576884,-1.783165564903928,888.0896935096168,0.02229395470252403,0.03987473707932617,-9.663837139422936,-43.33496093748824,0.21795489032451923,0.19457256610576884,-1.783165564903928,888.0896935096168,0.02229395470252403,0.03987473707932617,-9.663837139422936,-43.33496093748824,0.2846626164362981,0.007326988807091345,0.23047618689903845,0.010758313927283653,0.2616823918269231,0.024282212477463937,0.21795489032451923,0.02229395470252403,70.83684030271291,97.59099144144808,170.6841905188654,162.56165834239945,74.48199311118982,98.36800013424106,91.30337505022747,128.64150628996322,132.90511190524023,53.690483553431726,141.50220494204427,178.4233463415789,153.78772457984505,159.73960351816595,29.7033297480919,0.9116813514785178,174.7511239616886,165.95432501437568,178.06029582641023,7.768776125201665,-6.618881399134929,1.0124776258101367,-10.770245377376755,4.21926484433763,-2.75916353768719,3.0236163264441647,13.838540538685283,-3.776199337535676,-9.797888412392632,-0.22322197105886213,-1.196599681627396,0.03388952172569401,0.4175419565743073,1.1633198209107565,-2.4164741445095705,0.4903568361760569,2.964871758262608,0.052372020972457585,1.6917902485237042,2.5919375145531682,464.4244121542843,398.2888962133761,361.9335237632886,-578.313555239215,209.9686262314467,-441.34584092647617,431.9099812522646,-1036.9243256809684,373.6371297336742,-423.5249945203116,424.8873488552133,111.55658171981811,775.7701670374959,-232.08380205333737,-67.54688453286849,235.90311977113433,454.6471851518589,256.76102070470506,-101.27687031523875,-94.36518166778356
91,stance,stance,0.455,0.28176932466947113,0.23715820312499836,3.5062349759618026,-449.6319110576783,0.01900754957932692,0.013146972656249966,1.3146972656249953,-245.45522836538703,0.27742670147235576,0.18461350661057568,8.057204026442594,-648.3060396634248,0.00802997295673076,0.010585374098556746,1.917536808894445,1600.623497596178,0.28941802509014425,0.040814678485578924,-0.8772160456732555,-164.5883413461942,0.0016246995192307628,0.0,2.8894981971154476,-381.92983774037907,0.2921328876201923,0.006911057692304817,-4.475848858173085,580.190805288537,0.0007424692007211575,0.0,-1.2838979867789402,-284.24541766826275,0.24453119365985576,0.24833984374999762,-10.430814302884432,-523.1182391826335,0.025060058593750004,0.0,-9.215932992788483,-217.2100360576935,0.24046610201322116,0.17327599158653822,-8.906250000000322,1023.399939903855,0.010811354417067306,0.03446702223557638,2.0125638521635536,68.11523437501273,0.22442320838341345,0.19826284555288493,2.799729567307946,-1565.2418870192269,0.012819824218749998,0.01738281249999972,1.7553710937499827,2418.241060697123,0.2223398625300481,0.0415733924278849,8.437312199519027,2428.2414362980444,0.0042800292968750014,0.0398672250600959,-3.2126089242789866,1303.5325270432766,0.224566650390625,0.028793569711538212,10.445087139422641,1444.4486177884703,0.0014985914963942248,0.024215932992788215,-0.3479003906248217,1059.6078725961495,0.30617703951322117,0.30127328725961217,-9.404672475961645,-1686.2605168268494,0.003716505784254809,-0.0064716045673082695,2.973069411057594,-749.2300180288161,0.29053397310697116,0.15104604867788293,-15.190617487980644,2448.0731670673485,0.024312866210937492,0.022261868990384993,2.459716796874979,-577.5240384615478,0.2732973445012019,0.293383789062501,-15.815241887018852,-713.0033052885042,0.028941415640024032,-0.02236140324519268,5.508657602163587,-126.2864332932653,0.25445612980769233,0.17929124098557386,-11.769456129808152,2348.8206129808555,0.0346802978515625,-0.0608511117788465,-10.871582031250057,756.798377403859,0.23532587139423078,0.3276461087740376,9.185697115384459,-2286.865234374985,0.03154737267127404,0.0249652569110567,2.496525691105668,-410.0905198317062,0.21888863431490385,0.2258976862980764,-1.4105694110577702,-236.14032451921247,0.02229395470252403,0.0,-4.099214993990289,820.2092097355622,0.21888863431490385,0.2258976862980764,-1.4105694110577702,-236.14032451921247,0.02229395470252403,0.0,-4.099214993990289,820.2092097355622,0.2851867347130409,0.0073511728140024,0.23126540339543272,0.010893971604567306,0.26311316543970353,0.024248735476762817,0.21888863431490385,0.02229395470252403,68.41672743037596,96.52603263456814,169.89294748073357,161.99774731507424,74.07678856283799,98.78726582510824,96.57398559612396,127.60969699751871,128.68037179430354,52.783099040500815,142.24793748226426,178.0907231439742,153.7590296813859,159.9231217312071,29.37753520861612,0.3036372574308504,176.39688152327398,166.47974226779758,179.19361474763738,8.807116745682885,-4.509008699413082,3.367815917733027,-6.267850094199273,-1.6089745229468364,-1.5134991879615964,0.4597315421956512,13.746044581922511,-7.239194753532579,-7.560617474155899,-1.8741744264832645,0.5883040166626324,1.0472435166875451,5.3361058473797085,-0.818700466993593,-2.4442586537154676,1.6596852569761718,5.351793882823315,2.215731404872921,1.7238035648595036,1.897477352484776,220.76933220311187,456.9968176459885,673.6789682318934,-1017.9443028653639,158.629532333667,-621.2477592127475,-1453.9893129088873,1287.3851802986123,-296.0140942688123,-99.06865096060962,148.12624896025613,143.02728849322017,774.2431198993658,-423.8063212419344,85.23919780046502,188.72663147266397,191.47325220411702,344.06054123398303,-53.08134726306859,-206.89251295902244
92,stance,stance,0.46,0.2829615948016827,0.240352689302886,-5.4704402043270655,-1209.5477764423292,0.019139019305889418,0.013146972656249966,-1.1398550180288771,-92.7640474759625,0.278587646484375,0.21798001802884584,-3.082932692307633,-1983.3420973557836,0.008039090670072108,0.0530085637019242,10.083571213942415,60.30273437496169,0.28966331129807693,0.031362680288460315,-2.927246093750164,-178.82361778842562,0.0016246995192307628,0.00226862980769321,0.6261268028846789,-220.64678485579574,0.2921328876201923,0.0036884014423088606,1.2747896634618372,740.8916766826737,0.0007424692007211575,-0.01585975060096194,-0.9186260516827455,353.72220552885767,0.24561634239783653,0.14113581730769417,-6.091684194711167,2661.940354567259,0.025060058593750004,-0.05922100360576937,-8.154109074519342,986.9854266826961,0.24088709435096153,0.16637056790865232,7.606858473557786,1922.1191406250623,0.01107581505408653,0.032240647536058126,-2.112755408653768,-351.1775090144489,0.2254093487079327,0.22055288461538516,-6.878380408653894,144.41856971150725,0.01287789212740384,0.06333946814903868,20.913461538461622,880.9157151442294,0.22254112830528847,0.12357647235576852,22.442157451922867,2283.503605769254,0.004346632737379799,0.02737473707932617,14.346642127403943,2307.5702373798267,0.22482947716346155,0.12008713942307503,13.731219951922922,464.86253004815353,0.001590501051682694,0.01154597355769309,13.017672025240323,2447.537935697082,0.30727783203125,0.21534705528846157,-11.98336087740335,179.16165865383658,0.003692495492788453,-0.006380521334134464,0.24921123798093922,-233.50172776441462,0.29067067307692307,0.13218900240384845,9.302509014423293,2516.0193810095307,0.024535484900841342,0.024597167968749813,-1.835280198317354,-452.6273287259451,0.2744597919170673,0.18569148137019248,-9.068697415865449,2313.2512019230435,0.028877957857572106,-0.008461350661057014,1.2542255108173561,-651.2357271634804,0.25480543870192307,0.1702261117788427,11.444373497596617,2550.8563701924154,0.034071786733774034,-0.10871582031250067,-1.2916917067307108,1616.0137469952108,0.2374521296574519,0.3373948317307693,-9.291053185095919,-2238.2624699519242,0.03179702524038461,0.0249652569110567,-2.496525691105668,-742.0466496393922,0.2202138671875,0.18046687199519112,-4.144568810096055,568.2279146634871,0.02229395470252403,-0.0011174128605767597,-1.461745042067306,-69.38288762019228,0.2202138671875,0.18046687199519112,-4.144568810096055,568.2279146634871,0.02229395470252403,-0.0011174128605767597,-1.461745042067306,-69.38288762019228,0.2858363600510817,0.0073863196739783615,0.23185667818509614,0.010990179912860573,0.26414662209535256,0.024211450821314096,0.2202138671875,0.02229395470252403,68.49298418402668,98.56995125633523,169.58176990179177,160.34126302589968,71.31528345002086,102.04365828322737,101.94165266923079,121.7152678541705,129.70202120984692,51.453062607515534,143.54291564846446,179.80654163890765,157.72943403712725,158.60107563010865,28.866970437876468,2.0066217304772302,179.58110429360292,168.40211388148663,179.84066122205547,9.331707459583598,-4.411188077103808,5.582445802270025,-4.033455695057816,-5.9601781843160175,-1.1728682143505187,-3.1888612656833155,-0.7013525904036026,9.097652465450459,-12.758029355080758,-1.2139084806649592,0.28466280797516647,1.464162406657897,8.159973155567972,-3.0747433915085916,-1.5640821665049196,2.377623150902698,4.87960428030378,3.492977433312291,1.1609767758930178,0.5230123849629421,-74.41536735609316,254.81458585332194,-126.76574120325384,-202.4642120061589,89.33239081730699,-760.1861145247999,-2951.801555364048,4086.194559280611,-1805.2467276240518,292.3255523812002,-274.75097444024277,-52.0695466027953,171.1375617793195,-284.1423368123092,186.20221013957183,93.19894968412184,-398.5747747781458,44.39847716901193,-169.64179417914917,-292.42021909309585
93,stance,swing,0.465,0.2841728515625,0.18245380108172765,-8.5892427884615,817.9086538462542,0.019139019305889418,0.001748422475961185,0.3870567908653694,249.19245793270198,0.2796065016526442,0.15378417968749933,-11.776216947115259,-534.0857872595992,0.008560058593750003,0.11142108623798098,2.5205641526440625,-1300.6685697115342,0.28973165189302885,0.011542217548077261,-2.6654522235575135,177.3024338942437,0.001647385817307695,0.006261268028846795,0.6830303485574882,-42.931189903865445,0.2921697716346154,0.0196589543269232,2.933067908653659,70.10591947115704,0.000583871694711538,-0.009186260516827463,2.2533240685096394,183.72521033654894,0.2459425518329327,0.1874230018028859,16.188589242788183,1648.3435997596,0.02446784855769231,-0.08154109074519349,0.6539212740384869,1266.2916917067566,0.24212980769230769,0.24934457632211615,10.314941406250316,-183.48106971152103,0.011133760892427888,0.013339468149038679,-1.4992112379809381,174.9173677884498,0.2266287372295673,0.12947904146634592,4.24391526442302,3588.529146634665,0.013453218900240385,0.22651742788461612,10.564528245192284,-4356.520432692318,0.22357562725360577,0.2659949669471138,31.27234825721159,770.1322115385761,0.004553776667668263,0.18333364633413546,19.8630934495193,-2058.7815504807763,0.22576752178485576,0.16610576923076756,15.09371243990418,1829.3832632212334,0.0016140512319711559,0.15439265324519155,24.127478966346022,-1038.4051983172765,0.3083305100661058,0.18143967848557857,-7.613055889423277,905.0480769230574,0.003652700570913464,-0.003979492187498875,0.6380521334134458,483.9524489182357,0.29185586313100964,0.24407113882211595,9.969576322114687,-881.1410757211511,0.02455883789062499,0.0039090670072114385,-2.0665564903844764,368.2579627403996,0.27515425931490384,0.20269681490384645,7.317270132211605,1287.7291165865563,0.02885680213341346,-0.00981914813701911,-1.0036996694712232,-230.53448016827232,0.25615839092548076,0.29373497596154013,13.739107572116023,-1437.6878004808354,0.03359313964843749,-0.07376802884615362,5.2885554387020655,544.6871243990297,0.23869981971153847,0.23473557692307834,-13.196927584134801,341.28981370189746,0.03179702524038461,0.0,-4.92394080528826,-146.11816406250432,0.22069330303485576,0.18445199819711583,4.271709735577105,434.889573317324,0.022282780573918262,-0.014617450420673072,-4.7930438701922125,-315.8052884615407,0.22069330303485576,0.18445199819711583,4.271709735577105,434.889573317324,0.022282780573918262,-0.014617450420673072,-4.7930438701922125,-315.8052884615407,0.28642019418569714,0.0074825838529146635,0.23280884915865388,0.01104453125,0.26514869103064903,0.024123547676282043,0.22069330303485576,0.022282780573918262,66.6528243119201,100.9750759310585,169.24470234031313,156.43304604054848,74.04266778158842,97.44718197355279,100.42528161450146,124.35591495194292,126.70865318869684,51.760857489215816,142.67042481839977,179.5691027181006,160.12576677366508,158.0228671268646,27.850981073754145,2.434303088099755,179.91375766933925,168.8604007208389,179.77703623669433,9.014502285027763,-5.253162372974014,5.915961776266249,-7.535507506231813,-3.6336166430084273,-0.6201752797885257,-7.1421296030523544,-15.771970971717995,33.622750839273564,-25.613084750396432,1.0490810973287403,-2.1592057277397974,0.5265480506595916,7.047481465172905,-3.660123835116688,-0.5822365523197476,2.591674753817391,1.366046135041853,2.6597161765630406,0.027385623068010265,-1.026724838446185,-447.82668632748295,-414.1310637722665,-666.4695111718577,632.7738886166389,60.079901858276386,-354.2786281961956,-2308.615805631549,3876.371540284167,-1861.9544609905258,366.7848240549081,-434.48601670322086,-191.18036798633185,-470.81176135143653,12.544970772805353,226.084551265839,-82.6629575812334,-589.1978613655747,-269.83449430634414,-164.4843639242574,-198.9966936345538
94,stance,swing,0.47,0.2847861328125,0.15446026141827093,2.708646334135484,1727.8771033653654,0.01915650353064903,0.017017540564903663,1.352069561298145,-207.5946514422957,0.28012548828125,0.10021784855769314,-8.42379056490363,1223.7267127403443,0.009153301532451918,0.07821420522836485,-2.923114483172938,-186.1666165865182,0.2897787334735577,0.004708158052885154,-1.1542217548077252,219.46364182689913,0.0016873121995192308,0.009098933293268099,0.19681490384602407,-159.2923677884306,0.2923294771634615,0.033019080528845474,1.9758488581734082,-290.11418269225743,0.0006506065955528828,0.006673490084134475,0.9186260516827455,-341.5902944711589,0.2474905724158654,0.30302170973557613,10.391751802884848,-2213.9986478365304,0.024244647686298068,-0.0526817908653845,4.5088078425482365,392.07106370191656,0.2433805401141827,0.26951998197115556,5.772047776442574,75.81505408647627,0.011209209735576917,0.01724853515624873,-0.3635817307692687,-4.760742187472418,0.22670413912259615,0.2629920372596154,29.006911057692786,623.2722355769369,0.015143066406250003,0.1689847506009616,-22.651742788461593,-2826.1155348557872,0.2252010779747596,0.4362999549278847,30.143479567308635,-2093.919020432693,0.006179969200721155,0.22600567157451937,-6.24117337740384,-3671.011117788484,0.22649053485576923,0.271024263822117,32.025052584135274,1631.7044771634337,0.003134427584134611,0.25282076322115354,2.6336200420675504,-4141.498272235583,0.30909222881610576,0.13921649639422873,-2.932880108172767,1220.778245192346,0.003652700570913464,0.0,5.0887357271633,579.4114332932699,0.29311138446514423,0.2318847656249954,0.4910982572117746,-799.4103064902738,0.024574575570913457,0.003931603064905028,1.8472994290866456,504.60111177881765,0.2764867600661058,0.2588641826923086,3.808593750000127,-1015.7752403846537,0.028779766376201915,-0.018498347355769256,-1.0511192908653695,80.89505709135645,0.2577427884615385,0.30761718750000305,-2.93250450721175,-2245.7932692309146,0.0333341064453125,-0.05583026592547997,4.155179537259591,-132.0049579327195,0.2397994854266827,0.20542555588942116,-5.878155048076941,238.84465144234832,0.03179702524038461,-0.02427415114182594,-3.9577073317307123,-312.63146033657614,0.22205838716947116,0.2231839693509622,0.2043269230771886,-1003.417968750035,0.0221477801983173,-0.049047851562498926,-4.619797926682716,484.2623197115053,0.22205838716947116,0.2231839693509622,0.2043269230771886,-1003.417968750035,0.0221477801983173,-0.049047851562498926,-4.619797926682716,484.2623197115053,0.2867549579326923,0.0076619309645432655,0.23385337289663463,0.011982264122596151,0.26638183906750806,0.024047659067007204,0.22205838716947116,0.0221477801983173,65.01846963747448,102.73746565987558,164.39943601389126,157.8815679637076,72.50010193421951,94.22683522650446,86.24654273042918,147.53300102795205,112.94739340234274,52.62617012499952,141.5690169303483,179.461676560149,161.44694817018873,156.35476353993283,28.54142467438157,2.867848675389249,179.62166974428467,169.57765250723133,179.47244641849448,8.460382654600231,-8.889454940378641,1.4411351645473567,-10.698150806776399,0.3675607018503776,-0.5720691957677543,-6.731647547645275,-23.787510646719113,47.86136786829216,-31.377573964986034,2.453939759884125,-4.060197359057046,-0.4476412732054232,3.4518555420536026,-2.949293683780538,0.6967633461534721,1.5509935750903634,-1.0123743333519721,0.7946324902488471,-0.48386686334955753,-1.4669545513825974,-640.3454178557973,-792.0711166692071,-471.0205960418617,622.7462948552649,266.3400404072576,191.11781171552266,-559.6251562961355,-3.549835153735611,1020.6328435726432,118.27200258181183,-234.31594204125008,-116.94113381967738,-710.9918710893559,361.9934145399155,118.4824707019443,-241.86213388766862,-340.8662483843433,-360.15917289830713,-20.228622218479032,-87.82915951590809
95,stance,swing,0.475,0.2857174541766827,0.20954026442308252,8.689528245192172,-329.15790264442194,0.019309194711538455,0.015269118088942647,-1.6888897235575897,-286.6117037259644,0.28060868013822116,0.06954627403846296,0.461050180288195,1514.4230769230635,0.009342200646033652,0.08218994140625158,0.6588979867788792,-81.31760817311145,0.2897787334735577,0.0,-0.47081580528852024,115.42217548077369,0.001738375150240376,0.008229417067307038,-0.9098933293268192,-133.20688100959836,0.29249996243990384,0.0394174429086573,0.03192608173108213,-240.1029146635422,0.0006506065955528828,0.0,-1.1625788762019527,-141.38559194712525,0.24897276893028847,0.2913405198317345,-5.951397235577138,-1890.6625600962323,0.023941030649038464,-0.036453012319711084,4.574631911057656,-130.66218449522125,0.24482500751201924,0.30706505408654194,11.07309194711508,852.2385817307194,0.011306246243990375,0.009703650841345989,-1.5468186598556624,-42.87484975961072,0.22925865760216346,0.41954815204327406,10.476637620192394,-2143.7049278847376,0.015143066406250003,0.0,-17.696627103365614,1573.1576772836647,0.22793862680288463,0.5674297626202004,10.33315805288464,-2980.618990384832,0.006813833383413459,0.120921912560097,-16.847017728365575,-585.101787860591,0.22847776442307693,0.4863562950721206,31.41075721153853,-200.5709134616761,0.0041422588641826935,0.18072885366586708,-17.28750375600984,-2070.6505408654457,0.3097226750300481,0.15211087740385087,4.594726562500193,775.0150240383452,0.003652700570913464,0.04690786508413417,6.43216646634615,-425.8282001201736,0.2941747107872596,0.2489821213942337,1.9754732572119411,-397.1604567308308,0.02459815392127404,0.02238206129807791,2.979454627403705,-266.7893629807949,0.2777429011418269,0.24078275240384775,-2.8404822716349405,-101.18689903848438,0.02867181865985577,-0.020330341045672815,-0.1947490985576581,-140.55926983173538,0.2592345628004808,0.2644099308894226,-8.718825120193143,-301.19441105764344,0.03303483698918269,-0.03221623347355767,3.9685058593748694,-463.73572716347184,0.2407540752704327,0.17595402644230887,-10.808481069711316,244.2720853365235,0.03155428372896635,-0.03957707331730716,-8.050255408654024,-213.24744591347948,0.2229251427283654,0.18649526742788772,-5.7624699519232525,-153.32031250008126,0.021792302058293272,-0.06081542968750027,0.049579326922844454,667.43351862982,0.2229251427283654,0.18649526742788772,-5.7624699519232525,-153.32031250008126,0.021792302058293272,-0.06081542968750027,0.049579326922844454,667.43351862982,0.28715120755709134,0.0077600942758413415,0.23589456505408654,0.012269287109374999,0.2674256779597356,0.02388401598808093,0.2229251427283654,0.021792302058293272,62.861720984877984,102.52730747725103,162.12269807074705,158.21171543687993,71.8259672959325,94.32767239212076,85.15907439645687,159.58521538504678,101.40934990654958,53.41322910033353,140.51043494138148,179.34065765314196,162.15524387285683,155.87814437396023,28.70229005832592,3.89717107044913,178.70437641733392,169.8759189906449,179.60890196983235,7.913631551739724,-11.656616551531993,-2.004749390425829,-12.245713466650434,2.5938463055442273,2.0432251242840525,-5.230951485897126,-21.368222534679354,33.58725248773621,-15.406756314669991,2.2318011231468597,-4.5023651481523,-0.642863287537183,-0.062437245720659645,-0.04018968971752953,0.6025881546996964,0.17305341494070242,-2.0426163488015834,-0.9418755524200336,-0.17490059911678024,-1.9050164336052666,-297.07873545264437,-305.93201860181836,-213.36375810792262,222.2170412570955,1004.2063081228109,-156.57551589770486,901.2736763573986,-5220.392364712332,5166.749480580032,-135.4065951627982,6.257245653604812,-86.24357377721907,-555.6364617462347,577.0754197746851,-121.95881225278484,-357.84968900340033,-313.38885775678295,-272.5179659348357,41.215220517614554,-86.28450226795367
96,stance,swing,0.48,0.2868815354567308,0.24135554387019176,-0.5829326923087014,-1680.9645432692191,0.019309194711538455,0.00012864332932793754,-1.5140474759614695,234.9947415865179,0.2808209510216346,0.10482835036057504,6.7204402043268505,68.0776742789097,0.009975200946514426,0.08480318509615357,-3.7362905649040443,-593.9471905048032,0.2897787334735577,0.0,0.0,31.099759615405446,0.0017696063701923004,0.0,-1.1352539062499458,2.751277043259623,0.2927236515925481,0.03333834134615629,-0.42518028846198935,10.911207932617849,0.0006506065955528828,-0.004952298677884932,-0.49522986778849276,163.94981971154607,0.2504039776141827,0.24350773737980536,-8.514873798077284,375.73242187503035,0.02388011756310096,-0.006935471754808403,3.2021859975960374,-924.0534855769087,0.24645119065504809,0.3802509014423052,14.294433593749682,1119.9669471154261,0.011306246243990375,0.0017803485576922669,-0.7923302283653715,136.87838040864347,0.23089962064302885,0.36775841346153826,7.569861778845631,-9.014423076947855,0.015143066406250003,-0.007981520432692728,-6.920166015625106,-1281.86974158651,0.23087537560096155,0.53963153545673,0.3372896634606157,3052.8846153845893,0.007389188326322113,0.05753549429086536,-12.09219125600969,599.5999849759855,0.23135409780649038,0.5851318359374991,30.019343449518534,3223.801832932679,0.004941716120793263,0.07994572566105689,-18.072885366586693,611.7412860577216,0.31061333759014426,0.18516376201923018,4.817270132210606,-94.9519230769627,0.004121779221754801,0.06432166466346084,0.8304537259616072,-887.1506911057639,0.29560120567908654,0.2516394981971146,-3.4805063100964926,-548.8281250000122,0.024798396183894234,0.033726149338941774,-0.8205942007212764,-438.13852163458955,0.27889458759014424,0.23045935997595948,2.7967247596152935,467.1724759616209,0.02857646296574519,-0.020445838341345817,-2.456711989182709,-395.51720252404976,0.2603868877704327,0.2204289362980725,-5.9444486177881535,299.76712740399137,0.033011944110576924,-0.01614520733173168,-0.48217773437508005,-675.208458533627,0.24155902569110577,0.09734074519230909,-3.435434194711731,2180.626502403782,0.03140125450721154,-0.10477670522836537,-6.090181790865485,1395.5359825721293,0.22392333984375,0.16555926983173028,-1.3288762019236082,785.5694110577058,0.021539625901442302,-0.048552058293270486,2.054537259615416,80.35043569715157,0.22392333984375,0.16555926983173028,-1.3288762019236082,785.5694110577058,0.021539625901442302,-0.048552058293270486,2.054537259615416,80.35043569715157,0.2875512178861178,0.007926152155949516,0.23799685246394228,0.012532066932091343,0.26849639736077724,0.023908243815104164,0.22392333984375,0.021539625901442302,57.00424000340631,99.49484858923635,158.31500747667494,159.194383937495,72.54866942046871,93.59231805516947,76.32014093188981,168.75359883835236,101.06724770539597,54.018702739019034,138.72394034555884,179.26554803315022,161.63325955939086,155.6763359642566,29.213309424924898,3.2097153252654005,179.05034224795517,168.75246825033753,179.17708961543252,7.911069056919735,-11.860242294905055,-1.6181850214707958,-12.831788387855603,2.5897311144213098,9.469993885460251,-8.297402706622307,-14.774773883145219,-4.342555778830622,20.28992084081376,1.0998738082561568,-3.9976249025209984,-1.310077010977605,-2.1045090754086875,2.8214605139662536,-0.5228247763743639,-2.0275033149436035,-4.14626291091977,-1.9305471690994818,-0.0717146581734162,-2.3297995740621253,296.34973535302447,413.7135577461441,-234.38302088611474,117.01919849299934,1752.8924430904071,-622.0900634167047,-584.154731826216,-4682.160498589833,6397.117610089775,-215.23459491272862,89.54756250210623,-199.06572982039245,-223.32665279161066,362.9082327386162,-176.9042912060973,-340.51595100618346,-336.9517709085617,12.187858315871802,-44.958268397490016,-33.80577690751109
97,stance,swing,0.485,0.2881310096153846,0.2037109374999955,-8.120117187500037,-154.86027644215747,0.019310481144831734,0.00012864332932793754,0.6610576923075916,217.51051682690593,0.2816569636418269,0.13675067608173153,1.1418269230772926,-604.0978064903911,0.010190232496995189,0.0448270357572111,-5.280573918269157,71.61771334136316,0.2897787334735577,0.0,-0.15981820913446546,-63.6643629807752,0.001738375150240376,-0.0031231219951924323,-0.882380558894223,-119.07489483173207,0.2928333458533654,0.0351656400240374,0.14103816105726072,-150.61598557685812,0.0006010836087740334,-0.004952298677884932,0.47691932091350947,-15.991210937496511,0.2514078463040865,0.20619178185096157,-2.1940730168268314,953.0874399038572,0.02387167593149038,-0.004431152343750684,-4.665902944711439,-948.411207932669,0.2486275165264423,0.4500093900240389,22.27276141826935,-1631.460336538427,0.011324049729567298,0.0017803485576922669,-0.17803485576922654,-2.939077524035136,0.23293624173677885,0.49524676983173044,10.386493389422915,-3270.075871394191,0.015063251201923075,-0.06920166015625112,-30.515324519230724,-1239.1075721153547,0.23333494215745193,0.5708026592548066,40.86200420673056,817.9274338943117,0.007389188326322113,0.0,-10.851017878605715,487.9807692307736,0.23432908278245193,0.7865497295673062,63.64877554086535,-3020.845853365284,0.004941716120793263,0.0,-11.170090895432619,1160.9356219952106,0.3115743126502404,0.20028357872595698,3.645207331730565,190.35456730783187,0.004295917217548073,0.05521240234375025,-2.4393404447114975,-210.8623798076995,0.29669110576923075,0.21417705829326875,-3.512807992788186,563.345102163519,0.02493541541466346,0.01417611929086514,-1.401930588942194,210.06422776443014,0.2800474947415865,0.2687500000000007,1.8312424879812728,-1040.132962740385,0.02846736027644231,-0.044897460937499925,-4.149921123798159,229.67059795673805,0.2614388521634615,0.20496544471154102,-5.721153846153227,120.62424879802529,0.032873384915865375,-0.037038010817308474,-2.7835787259614055,61.22295673078776,0.24172748272235578,0.14159968449519153,10.997783954326525,587.3084435096449,0.030506516676682693,-0.10047889122596207,5.905104417067281,1005.2114633413642,0.2245807354266827,0.17320650540865162,2.0932241586538125,-54.87530048068447,0.021306781475360567,-0.04027005709134609,0.8530836838943608,-246.45057091345674,0.2245807354266827,0.17320650540865162,2.0932241586538125,-54.87530048068447,0.021306781475360567,-0.04027005709134609,0.8530836838943608,-246.45057091345674,0.2881000131460337,0.007960043100210333,0.2401271259014423,0.012517976262019226,0.2693433305789263,0.023730895996093748,0.2245807354266827,0.021306781475360567,54.63080599183477,100.77178263011301,154.28029991456208,159.57872344715966,77.50614558183625,89.09035585550008,73.62241440503725,160.86755153116886,112.10653550113022,54.20450842726241,137.77650577871177,178.66023064970574,159.83213366453649,158.63221371451823,28.214869064676876,2.389893347416454,176.97408628714632,168.0666201583261,179.77176105484517,6.289333836248916,-8.693119198001746,2.1323861870356158,-14.589543675511583,3.764038290474222,19.57214955518814,-11.451852120064178,-27.20976985294152,-13.23435249816217,48.56441978622781,0.0794551740195714,-3.6068895231312372,-2.6335205857411093,-2.295703773636768,3.588892637668636,-1.1664547573612782,-3.232106095121135,-5.4121340578872035,-0.8199969692613155,-0.6244832830916808,-2.243074202680378,690.3782016135959,799.0756256199013,-341.07522030837714,232.37779630207856,1254.7644014809723,-16.709500880178737,-2174.6721240155694,526.3816651049771,2886.3453595113947,-194.06056071040587,84.23939312950584,-256.6449841406499,67.79829398350746,-5.383114143593377,-69.88425428926013,-72.30091179633165,-70.59360050723814,165.1599902557607,-159.38577809924107,-40.12432253926913
98,stance,swing,0.49,0.28891864483173074,0.1601543719951913,-2.1315354567302776,354.3043870192208,0.019310481144831734,0.00673922025240386,0.6610576923075916,478.7785456730741,0.28218845778245194,0.11624661959134798,0.6794621394229339,-220.85336538468744,0.010423471304086537,0.03199744591346196,-3.020113431490412,442.03538161055485,0.2897787334735577,-0.001598182091344656,-0.6366436298077526,-83.40219350966272,0.001738375150240376,-0.008823805588942238,-2.3260028545672675,0.8826622596158288,0.29307530799278847,0.0347487229567289,-1.9313401442305718,-308.59374999991843,0.0006010836087740334,-0.0001831054687498333,-0.655141977163458,-159.06700721154922,0.2524658954326923,0.22156700721153702,1.0160006009612967,-436.0727163461021,0.023835806039663454,-0.053594501201922835,-6.28192608173066,786.2267127403655,0.2509512845552885,0.6029785156249989,-2.020169771634604,-6570.875901442295,0.011324049729567298,0.0,-0.8217210036057229,17.803485576922636,0.23585208834134616,0.4716233473557675,-25.130896935096303,-3948.505108173034,0.01445104980468749,-0.31313476562500026,-19.311241736778666,5702.185997596155,0.23658340219350962,0.948251577524036,8.51656400240374,-12094.651442307613,0.007389188326322113,-0.05097468449519189,-7.212383563701949,734.1590294471076,0.23921959510216345,1.2216195913461532,-0.18911508413432793,-17625.788762019212,0.004941716120793263,-0.0317551832932694,-6.463529146634578,817.3358623798066,0.3126161733774038,0.22161583533653587,6.720815805288926,181.20868389431797,0.004673903245192304,0.039928260216345844,-1.2781700721153897,606.4640925480796,0.29774297626201923,0.21651141826923273,2.152944711538702,190.11042668265443,0.024940157376802885,0.019706843449519822,1.280048076923027,125.22536057689406,0.28158208759014425,0.24877178485577223,-7.604604867788566,-950.9840745193208,0.02812748835637019,-0.06194504957932745,-0.1600060096153265,849.0459735577109,0.2624365422175481,0.16321739783654018,-4.7382061298078995,593.8814603364524,0.03264156400240384,-0.04398099459134576,0.1300518329327981,551.8517127403712,0.24297502253605768,0.20731858473557443,2.4376502403847233,-1570.3124999999163,0.03039646559495192,-0.045725661057692504,3.961932842548165,-800.6685697115302,0.22565540489783653,0.18649151141826842,-1.8776292067304534,-387.3197115384351,0.02113692533052884,-0.04002122145432687,-0.4099684495191536,-50.32113882212625,0.22565540489783653,0.18649151141826842,-1.8776292067304534,-387.3197115384351,0.02113692533052884,-0.04002122145432687,-0.4099684495191536,-50.32113882212625,0.28849028602013227,0.00801835280198317,0.24301445312499997,0.012388362004206723,0.2705013678135016,0.023652750651041665,0.22565540489783653,0.02113692533052884,52.86312980549929,101.71153534096673,150.18561462320312,160.96597984132944,83.09764409786283,85.20196708282862,72.38723711891875,138.78636132901582,137.1260127327569,53.72543461437243,137.43153504329248,177.89024705660123,160.15267373947216,158.4504275847672,28.130176074696944,0.8901049115703548,174.22505890805238,168.0685851913403,179.1863189162048,6.080049888936936,-4.956460278769089,6.372571234728225,-16.242540590939377,4.9135090774420975,22.017637900269985,-8.464497715424095,-36.52149512330093,0.9212608722191532,49.15337443592773,-0.8407317988479038,-3.155230971225939,-3.8765268523841065,-1.4265261355736123,2.76762937253032,-1.2216673192669658,-2.7505124329069206,-4.852198915992152,-0.2789472665418733,-1.6655724391658284,-2.731042799454817,661.485196020467,701.1534232210403,-149.32621106227236,109.6579838617016,-328.6437018212891,840.343662883701,-377.11463977154125,2980.739054070426,-2091.9244532364914,-200.63112766516474,164.69877508753032,-126.19322149017596,88.69299196626807,-120.54195549673777,18.306060287920328,158.4155071449027,364.2116070524265,-17.72263505213087,-232.66855402396436,-77.96991961206857
99,stance,swing,0.495,0.28973255333533654,0.1823955829326927,-4.577073317307826,-834.0031550481109,0.019377873347355773,0.00673922025240386,5.448843149038336,739.5489032451915,0.2828194298377404,0.14354529747596087,-1.0667067307695834,-1073.7492487980473,0.010510206956129808,0.014625901442306953,-0.8602201021636043,836.7826021634778,0.28976275165264426,-0.006366436298077532,-0.9938401442310933,14.516977163481169,0.0016501370943509536,-0.026383150540865128,-0.8735539362980647,496.4317908653773,0.2931808330829327,0.015852238581731667,-2.944899338941926,34.61162860574062,0.0005992525540865351,-0.011503718449519518,-1.1137507512019842,162.00608473558543,0.2536235163762019,0.21635178786057455,-6.554800180287856,-1521.972656249922,0.02333573091947115,-0.06725041316105734,3.196364182692224,1103.5250150240288,0.2546573016826923,0.42980769230769283,-43.43599759615366,-2312.800480769283,0.011324049729567298,-0.006436861478364969,0.0,241.8776292067292,0.23765247521033653,0.2439378004807672,-29.09855769230746,4226.4310396634855,0.01193190354567307,-0.26231407752403796,26.506535456730884,3446.721003605745,0.2428174579326923,0.655968299278844,-80.08451021634568,-3448.486328124964,0.006879441481370194,-0.07212383563701956,-3.5094275841346323,149.76149338943804,0.24654527869591347,0.7846585787259629,-112.60911207932692,-3115.6663161058173,0.004624164287860569,-0.06463529146634583,-2.996732271634545,1004.2818509615305,0.31379047100360574,0.2674917367788463,5.457294170673746,-948.3736478365623,0.004695199819711532,0.042430701622596344,3.6253004807693046,65.49541766825959,0.2988562199519231,0.2357065054086558,-1.6117037259616398,-1670.8608774039187,0.025132483849158657,0.02697660006009542,-0.14967698317325237,90.95177283655032,0.28253521259014425,0.19270395132211499,-7.6785982572119424,16.695462740357033,0.027847909780649036,-0.04649752103365319,4.340538611778958,480.9758112980637,0.2630710261418269,0.15758338341346198,0.21766075721130188,159.81820913463176,0.03243357496995192,-0.03573749248798049,2.734938401442311,274.6675931490214,0.24380066856971153,0.16597618689903879,-4.705341045672652,-479.52974759615716,0.030049260066105768,-0.06085956280048038,-2.1015812800480282,-238.22490985578258,0.22644565054086538,0.15443021334134707,-1.7799729567305422,426.2883112980384,0.020906569260817298,-0.04436974158653763,0.34987229567309786,94.0129206730558,0.22644565054086538,0.15443021334134707,-1.7799729567305422,426.2883112980384,0.020906569260817298,-0.04436974158653763,0.34987229567309786,94.0129206730558,0.28887389197716346,0.008034367487980767,0.24705920597956732,0.011619057992788456,0.27141654146634614,0.023510832957732365,0.22644565054086538,0.020906569260817298,52.060459957295464,103.9759225897947,145.1745125953609,162.91002477213982,94.9190395838724,83.03373954183297,42.321828986552326,166.80427661238997,148.8266735267631,53.8430706089341,135.60305383828657,176.18927018497735,159.68980557552626,159.27290479136923,27.78043537086114,0.661200338475669,174.2268865669582,169.15033108307634,178.52626497413138,5.889090171274783,-2.0782672377970695,9.143920419246024,-16.08280578613431,4.860618129091239,16.285712536975247,-3.0484154912271606,-30.980916250656936,16.573038042542116,27.645175253862874,-1.9268561026320778,-1.9599017722559324,-3.89545280064287,-1.4087738539740866,2.3834730827012574,-0.9833941544820748,-1.6479510236721064,-1.7700179873629358,-0.9972233197826244,-2.9511688233313267,-3.022773398801064,394.7964508756545,294.4158562397708,288.2826350537777,-187.90204041789735,-1286.314135865423,850.6218878120804,2756.2799112829043,231.6959231229317,-3423.6680824591863,-229.72808097976045,298.3684340007459,60.414863912359074,-50.01263265516966,-26.77828757008165,68.56543111661938,234.50647472519975,626.7898865263477,-143.00771195493198,-249.67326435432605,-56.261976068963676
100,stance,swing,0.5,0.29074260066105767,0.11438363882211301,-10.471567007211394,850.1915564904626,0.019377873347355773,0.06122765174278727,8.056546724759512,-620.727539062475,0.28362391075721155,0.10557955228365214,-10.058030348557548,-370.47400841338947,0.010569730318509607,0.023395244891825907,5.347712590144373,966.8719951923366,0.28971506911057693,-0.011536583533655598,-0.49147385817294076,169.4711538461897,0.0014745436448317245,-0.017559344951922892,2.6383150540865103,349.6938852163419,0.2932338303786058,0.005299729567309615,-1.5852238581731652,201.45357572109947,0.00048604642427883815,-0.011320612980769685,0.9649188701923976,224.58120492789496,0.25462941331129807,0.1560190054086584,-14.203725961537938,89.91887019216254,0.02316330190805288,-0.021630859375000568,4.753324068509637,-256.61996694709075,0.2552493614783654,0.16861853966346194,-25.148174579327453,5173.922025240377,0.011259681114783648,0.0,1.5970552884615712,346.5106670673115,0.23829146634615384,0.18063777043269263,17.133413461538595,6047.626201923045,0.011827909029447109,-0.048069411057691205,15.155968299278818,-3268.160306490414,0.24314308518629807,0.14740647536057847,-25.96829927884593,12050.93149038452,0.006667949969951917,-0.08606896033653824,-5.714768629807567,430.3166316105682,0.2470661808894231,0.09552847055288297,-31.34577824519253,16904.3719951923,0.004295363206129804,-0.061722506009614875,3.5792893629807363,722.3275991586461,0.3152910907451923,0.2761887770432734,-2.762920673076705,-901.6301081731773,0.005098210261418268,0.07618126502403892,-0.6232158954327932,-1093.7593900240515,0.3001000413161058,0.20039438100961632,-14.555664062500501,-1038.4803185096134,0.02520992337740384,0.018210073617787297,2.189565805288531,299.56993689907097,0.2835091271033654,0.17198580228365273,-7.437650240384995,-351.3934795672513,0.027662513146033657,-0.01853966346153783,4.649752103365315,689.5564152643983,0.2640123760516827,0.1653940054086532,-3.1400240384615805,-1099.308894230708,0.032284189077524034,-0.016631610576922626,2.876727764423015,-393.6204176682712,0.24463478440504807,0.16026517427884787,-2.357647235576852,134.27734374993287,0.029787869966947114,-0.0667414738581728,1.579683743990337,578.5381610576832,0.22719970703125,0.16869178185096298,2.385253906249935,3.586989182652031,0.020693227914663465,-0.03652249849759589,0.5301607572114053,-40.0578425480829,0.22719970703125,0.16869178185096298,2.385253906249935,3.586989182652031,0.020693227914663465,-0.03652249849759589,0.5301607572114053,-40.0578425480829,0.289328852726863,0.007977048433743986,0.2476759014423077,0.011442841045673072,0.27245785444210735,0.02345598895733173,0.22719970703125,0.020693227914663465,51.05505837901447,107.24435172144666,139.5019240629534,164.30878259461437,92.98130721441521,85.09953452507871,44.84490038819183,164.40040455139214,148.83553679990996,52.935029044054524,135.47394974477774,175.07324966355642,159.32356984039686,159.79284935647843,27.54785167784889,0.21062571709138533,173.45722639081407,167.18928229320048,177.55967755902105,3.6169959395432363,-1.0084957700125399,9.316729797125936,-13.359714240401598,3.034488673263122,9.154496541615744,0.041721162696717294,-8.95869601047186,3.238220103448472,14.91669361133584,-3.1380126086455102,-0.17154663121847755,-3.2723782132605153,-1.9266524621253094,2.499846496829503,-0.5360130081007715,-0.40544768565492084,1.4156999492713305,-1.7090243860911942,-4.162305082709091,-3.2936625601444542,-103.4794186734565,-309.11503206108415,655.8441697585047,-450.2085563708738,-837.8539472578192,192.74984833774732,3846.379117368843,-3335.2361460250477,-1156.247070263874,-198.4614612441101,501.7933359484985,513.2104680262408,177.50605221467953,-76.70052038491788,109.07306149209909,156.18480693341013,465.98904771928767,-62.61032906647913,-191.72926997409655,103.88453634527683
101,stance,swing,0.505,0.29087638972355767,0.07767991286057867,3.9248422475968083,2394.794170673058,0.019990149864783646,0.08730468749999906,-0.7584322415864195,-1403.0386117788273,0.2838752253605769,0.0429649939903853,-4.771446814903482,1801.2507512019054,0.010744159405048068,0.06810302734375073,8.808499849759771,-473.848783052912,0.2896473858173077,-0.011281174879806944,0.7008713942308052,161.8088942307301,0.0014745436448317245,0.0,2.623384915865358,-146.76607572114378,0.2932338303786058,0.0,-0.9303635817309293,118.48332331731959,0.00048604642427883815,-0.001854529747595533,1.1320612980769675,-6.450946514441297,0.2551837064302885,0.07431452824519506,-5.65561147836623,2652.0620492787516,0.023119422325721145,-0.019717172475960925,0.630164513221314,-278.1606820913544,0.2563434870793269,0.17832594651441808,8.30322265625015,3415.6212439905207,0.011324049729567298,0.009533691406250757,3.465106670673118,511.3431490384443,0.23945885291466346,0.4152719350961533,31.377704326923052,-2393.5171274038426,0.011451209435096157,-0.11075439453124965,-6.1750676081732845,-1040.8841646634667,0.24429152268629808,0.3962853064903845,40.42480468749964,2532.602163461538,0.0060187518780048105,-0.12927152193509528,0.7937387319710533,1414.04371995189,0.2475005634014423,0.4712007962740373,56.43460787259626,3116.0043569712007,0.0040069392277644195,-0.028842397836538445,4.2265437199519225,-373.11260516827053,0.3165523587740385,0.23986253004807923,-3.559006911058035,-326.1343149039131,0.005457012469951922,0.036198542668268406,-7.31229341947122,-74.33143028844042,0.30086016376201924,0.09014986478365064,-11.996506911057782,2083.8716947116304,0.02531458458533653,0.04887225811298075,2.84602238581746,-613.0840594951987,0.2842550706129808,0.11832744891826497,-11.192533052884459,515.7564603366349,0.027662513146033657,0.0,11.236102764422947,517.7471454326912,0.26472496619591346,0.12618314302884615,-10.775428185095786,-93.29927884615921,0.03226725886418269,-0.006970214843750316,-1.2012657752404046,-498.4882061297976,0.2454033203125,0.14239971454327024,-3.3625676081733222,602.5202824518891,0.02938184532752404,-0.045062725360577,3.6838003305288076,15.324519230780428,0.228132568359375,0.17828275240384645,-1.744103064904022,153.75225360575425,0.02054134427584134,-0.03906813401442357,-0.05070612980773155,125.5540114182826,0.228132568359375,0.17828275240384645,-1.744103064904022,153.75225360575425,0.02054134427584134,-0.03906813401442357,-0.05070612980773155,125.5540114182826,0.289408207820012,0.008173724834735569,0.24855562650240381,0.011184074519230766,0.2733214080028045,0.0234374264448117,0.228132568359375,0.02054134427584134,52.86659917553708,110.9562076964218,137.31968364658945,164.59070783252577,95.6155603072431,83.95294815776148,47.91247873743684,163.74046231521515,147.91556741235263,51.682892325284996,136.3652680829123,174.78143789967297,158.239733679979,161.3866803894615,27.10686342203516,0.2367533868751612,174.69948199424056,167.23182243279888,176.32571686580465,3.5566230403711248,-3.1130614245316353,6.05277009863518,-9.524364088549255,0.35853256538249634,7.907173064397048,-1.1209170078496857,7.482874923031528,-16.779323417708387,16.082704551224122,-3.9114707150731807,3.058031587229057,1.2366518796195425,0.3662866681727103,1.6164678788520779,0.107336460438917,-0.08610295433800383,2.889872489829945,-1.6233266104474162,-4.868461523072294,-1.9839280353482949,-533.7920268554855,-601.2958424159754,481.48145723018746,-413.97764166969534,78.36177019273418,-70.51560003615609,1458.7282392053155,-1837.2443300327889,386.3622609840425,11.738441235581421,473.5450632570384,899.4850999988186,500.376181075878,-208.38167718103725,124.99945461485062,34.41731623929905,244.7988521940876,169.77708155228447,246.0190912211631,552.7764954689477
102,stance,swing,0.51,0.29151939978966346,0.15363206129808113,13.47637469951921,421.7247596152706,0.020250920222355764,0.05364332932692307,-5.973839393028774,-460.5900691105879,0.2840535606971154,0.05786508413461728,7.954477163461522,1299.8422475961024,0.011250760591947115,0.11148024338942371,0.6092247596152492,-1445.7632211538717,0.28960225736177886,-0.00452786959134754,1.1266150841343616,-28.226412259579828,0.0014745436448317245,0.008674504206730708,1.1706542968750713,-318.50022536057594,0.2932338303786058,-0.004003906249999686,-0.4003906249999682,48.82812500001098,0.0004675011268028828,0.0,0.9004094050479846,-8.159930889428649,0.25537255859375,0.09946289062499605,12.316894531249602,2126.802884615525,0.02296613018329327,-0.015329214242787423,1.9717172475960907,139.19771634612852,0.2570326209435096,0.2516507662259635,9.008037860577787,-1028.639573317333,0.011355018028846156,0.03465106670673121,6.710486778846019,-212.63709435097257,0.24244418569711537,0.4944148137019234,-6.801757812499853,-6398.681640624997,0.010720365084134612,-0.10982008713942411,4.747126652644143,859.9102313702315,0.24710593825120192,0.5516545222355752,-0.6422776442305261,-6737.11688701915,0.005375234750600963,-0.0781315730168277,8.425668569711345,359.03695913463895,0.25177818885216346,0.659874549278846,-0.18573467548049766,-9844.632662259603,0.0040069392277644195,-0.019457068810095606,-0.1518366887019724,-337.1206430288616,0.3176897160456731,0.240598707932693,-6.024263822115839,-231.91481370193793,0.005460195688100952,0.0030583308293266583,-1.366530198317198,1544.2457932692375,0.3010015399639423,0.08042931189903839,6.283052884615825,2268.7237079326787,0.025698645958533647,0.04667029747596192,-3.9412747896634612,-671.2552584134788,0.28469240159254805,0.060060471754808054,-2.2800856370186424,2388.108473557631,0.027662513146033657,0.09382136418269174,9.827223557692232,-1924.5793269230626,0.26527420748197117,0.05763972355769526,-4.0730168269231735,2676.870492788357,0.03221448692908653,-0.02864426832932668,-2.1081542968749662,312.75353064903675,0.24605878155048078,0.12663949819711462,3.6675555889420446,1515.0991586538835,0.029337242713341344,-0.029903470552884698,1.7329289362981415,-92.24759615383805,0.22898253455528847,0.15125075120192275,3.922776442307479,1522.4609375000211,0.02030254657451923,-0.037029559795673204,1.7857008713942324,103.95695612981619,0.22898253455528847,0.15125075120192275,3.922776442307479,1522.4609375000211,0.02030254657451923,-0.037029559795673204,1.7857008713942324,103.95695612981619,0.28960226205679085,0.008360931396484372,0.25074669846754805,0.010884737454927884,0.2739498635316507,0.02344593850160256,0.22898253455528847,0.02030254657451923,50.323514048902254,110.74552912151242,135.07678632769952,164.50119859969033,98.13654383654287,84.3544718630671,51.397723227812435,147.41626597805114,163.67702649374638,50.491766541994785,136.3744538599116,173.67327552419385,158.29107399497136,160.63357159764175,27.88240952967434,0.6176386271296461,176.18587244527407,167.04949730937886,174.23239159597912,2.751128104744662,-6.346416038567399,3.303771372966177,-8.544899668099719,-1.105287743433835,9.938114243543087,-0.6634348376648441,5.628586381581308,-15.134223196879434,18.780316221176268,-3.020628196289696,4.5639040013519105,5.722472786727678,3.077109348633475,0.41602972501912877,0.7139815380477359,-0.06127452326193005,3.8636884712122086,-0.011253570568348071,-1.702114170497458,2.2341023945450282,-577.4024075165875,-340.45512256745064,-123.33950297161766,-113.60778197753145,-136.21648605843785,405.730269797379,-772.4219998179069,1562.9394495750819,-521.0036660182284,173.2285932025076,167.0938421643472,522.3088274711465,366.2878606686164,-246.64077481624648,113.74636765121716,-21.676047890060136,83.97794690200288,369.6464860701403,882.8121037685473,814.506673409481
103,stance,swing,0.515,0.2924127103365385,0.21244365985577088,8.142089843749519,-1461.5009014423101,0.020526583158052877,0.027566293569711273,-5.364332932692302,-25.484525240385093,0.2844538762019231,0.1225097656250006,8.226975661057555,-710.5243389423623,0.011858961838942306,0.07419527493990323,-5.6491323617789595,-51.67330228363054,0.2896021071213942,-1.5024038463318221e-05,0.4186072716350067,-115.92923677877756,0.0015612886868990317,0.011706542968750722,-0.5616173377404046,-5.568284254825468,0.2931937913161058,-0.004003906249999686,-0.44208233173081907,-4.169170673085084,0.00048604642427883815,0.00714956430288432,1.050461989182681,39.03432992789768,0.25617833533653844,0.1974834735576912,15.612417367789039,-156.41902043267424,0.02296613018329327,0.0,2.0221416766826006,-25.531475360579446,0.25885999474158655,0.268406325120196,-1.9831730769231903,-31.437800480927407,0.01167056039663461,0.076638559194711,1.33873572716339,-1268.883338341322,0.2444030010516827,0.3472543569711547,-32.60911207932698,-900.5596454327276,0.010353008563701915,-0.06328312800480818,2.4240347055290385,-927.9409555288224,0.24980806790865384,0.38986253004807925,-26.946364182691934,-490.3470552885522,0.005237436147836533,-0.04501483623798176,4.384108323317446,-422.97363281246123,0.25409930889423077,0.46934344951923235,-42.01171874999986,-2590.6325120193187,0.0038123685396634632,-0.03036076472355817,0.8553372896633035,318.7913161057784,0.3189583458533654,0.17961989182692079,-5.878155048077416,822.1905048077496,0.005487595778245188,0.022533240685096413,8.13016451322117,556.988055889411,0.3016644568810096,0.15298039362980895,10.690730168269027,547.682542067217,0.02578128756009615,0.009459510216346103,-3.8665301983173346,517.3245943509694,0.28485567533052886,0.09552659254807852,12.688551682691873,1629.4696514422235,0.028600726787860575,0.09827223557692241,-8.009690504807695,-1662.916917067293,0.2653013634314904,0.08545297475961437,15.993276742787804,2361.196664663494,0.031980816180889424,-0.028051757812499998,1.9262695312499658,444.3641075721194,0.24666971529447115,0.17907527043269073,11.788423978365525,369.3472055288906,0.029082810621995192,-0.027733435997595566,2.7613243689904263,45.297475961519766,0.22964507587139424,0.21751051682692127,13.480506310096203,9.221003605813785,0.020171048677884607,-0.02121112530048123,0.9888634314904313,-299.4103064903739,0.22964507587139424,0.21751051682692127,13.480506310096203,9.221003605813785,0.020171048677884607,-0.02121112530048123,0.9888634314904313,-299.4103064903739,0.2899156212439904,0.008608220027043263,0.25266974158653843,0.010807900766225958,0.27451577211037664,0.02351738093449519,0.22964507587139424,0.020171048677884607,47.44104585768828,110.8786906201723,133.22847438601966,163.33388085149636,103.35523229582904,81.85208779181798,48.63112069835137,154.94688273813938,161.6293166511562,49.56301020111247,139.95891883013022,179.7148923272135,161.35190182629788,161.21068616550656,27.630375304166385,0.10618735182215007,176.4655654224447,166.49982316040044,173.4852819973571,3.3448369075792,-8.887085499697514,2.6482188729606704,-10.757759118265433,-0.777545254392819,6.545008203812668,2.9363856901241077,-0.24134507514754744,-1.1499289219575537,10.872667891041834,-2.179184783048103,4.728970008872531,6.459740154331012,4.029165274858878,-0.8499398693103891,1.2448001369510897,-0.3028634332386054,3.7296519588499746,2.07313825025399,3.959659514613186,6.161138698746521,-299.9523297677358,-5.682547268948074,-355.1587032572583,60.88892075846165,-643.6721054119621,547.0762500477589,-1191.177055367564,2870.0018780153373,-1775.4206780119575,240.31815060729224,-220.56209699603494,-264.7166503364535,-33.575100474409965,-168.47319762472748,69.04357835630913,48.62339113705992,-220.26945725324117,280.6487225105542,815.9874118748952,448.4731198384372
104,stance,swing,0.52,0.29364383638822117,0.23505295973557638,-1.1386343149039042,-1384.6153846153693,0.020526583158052877,0.0,-6.228684645432625,117.72273137020085,0.2852786583533654,0.1401348407451929,0.8492337740378934,-1164.0437199519322,0.011992713341346148,0.054988919771634066,0.09249173677894343,693.8476562500222,0.2896021071213942,-0.00034179687499746837,-0.03267728365341498,-38.44275841352596,0.0015916090745192318,0.0030583308293266583,1.1149714543268165,428.30716646635625,0.2931937913161058,-0.00842472956730788,-0.44208233173081907,-87.57136418269224,0.0005389967698317261,0.010504619891826819,1.2907527043269618,-39.63529146633328,0.25734739332932693,0.2555870643028866,10.752704326922858,-1506.3664362981415,0.02296613018329327,0.004892202524038598,1.716402493990296,-51.63574218750011,0.25971668419471156,0.23181903545673158,8.693659855768512,2245.6430288461056,0.012121403620793267,0.04803842397836512,-5.978346604567214,-251.36155348556775,0.24591672926682692,0.16832369290865332,-15.807354266827137,5634.465144230783,0.01008753380408653,-0.0855797400841337,-4.532282902644089,-775.9728064904139,0.2510045635516827,0.28219088040865564,-5.545748197116052,4508.094200721086,0.004925086388221145,-0.034290489783653205,4.195932241586728,-95.50593449521277,0.2564716233473558,0.2397573617788471,-26.092059795673705,7343.149038461515,0.0037033315805288375,-0.010903695913462564,3.0360764723558145,132.54018930292062,0.3194859149639423,0.1818171574519188,2.1976412259616644,789.2127403847352,0.005685528094951917,0.08435997596153842,4.203350360576917,-1606.1730018028893,0.3025313439002404,0.18733661358172876,11.759878305288,-71.6834435095515,0.02579324106069711,0.00800499549278854,1.2319711538462375,480.47814002403913,0.28564766751802884,0.1869459885817269,14.014610877403607,-1108.8679387017933,0.028645235501802882,0.013724459134614718,-6.801945612980714,873.5163762019332,0.2661287372295673,0.21757249098557344,19.538949819711792,-1718.374399038376,0.03193396935096153,-0.009381573016827007,2.335486778846231,-98.8112229567265,0.24784953425480769,0.24452373798076998,7.361027644230954,-1755.1269531250418,0.029059908353365388,-0.0022902268629804135,2.1859036959133396,-337.6277043269362,0.23115763972355768,0.2860558143028849,4.014986478365617,-1910.475510817322,0.020090435321514416,-0.027140925480768883,-1.208402193509509,23.324819711539824,0.23115763972355768,0.2860558143028849,4.014986478365617,-1910.475510817322,0.020090435321514416,-0.027140925480768883,-1.208402193509509,23.324819711539824,0.29042959829477166,0.008662475585937496,0.2540913987379808,0.01076069711538461,0.275466806265024,0.023534719613882205,0.23115763972355768,0.020090435321514416,45.57192607554183,113.00063348210924,128.90553270317767,163.66575989025492,102.32399530004528,86.06003440561794,53.80108575595994,147.18017066676245,167.40277328294084,49.86283375445862,139.72507211896985,179.97600140775478,161.50056305738642,160.68394600230087,28.251583659129498,0.235868604906853,178.33233424522422,167.9019381026583,177.47439368090113,7.668921218560201,-9.34593933624476,3.246945900276696,-12.096486700672305,-0.496398535849218,3.50139318942346,4.80732766281275,-6.283184172094342,13.565795583273964,1.0261094410566765,-0.6174466902167713,2.3582830313915593,3.0753062833631413,2.741358343889375,-1.2687022512281476,1.4044173216108278,0.42495938810866957,1.6609938986797952,2.7952336545371965,6.457759948251502,6.718833592929404,-132.78976690598057,-115.24008799504307,173.78071464606555,-191.33039355699623,-39.160637221442464,-72.31599377374593,-1025.9265020417988,1863.2521940817448,-948.8023230351257,286.54339285257686,-545.617000150237,-720.0233812029953,-290.4983108017895,-82.32113553522586,41.73512665765425,166.48046688362624,-416.0356708050676,-23.439910328661952,35.64669973111553,-235.451466932721
105,stance,swing,0.525,0.29476323993389425,0.20105731670673183,-5.704064002404186,-254.1879507211848,0.020526583158052877,-0.034720552884615036,-4.187105618990293,898.5689603365325,0.285855224609375,0.13100210336537954,-3.4134615384617772,-507.02373798061524,0.012408851036658647,0.07512019230769267,1.289344200721269,-185.96942608174686,0.28959868915264425,-0.00034179687499746837,0.03417968749974681,-99.94741586549758,0.0015918719951922983,0.022856257512018897,3.7214543269231615,-138.01457331728793,0.2931095440204327,-0.00842472956730788,-1.3177959735577423,-109.14963942310034,0.0005910926231971064,0.02005709134615395,0.6541090745193479,-307.6641376201914,0.2587342059795673,0.3050105168269199,0.5487530048076112,-2050.2741887018447,0.023015052208533657,0.017164024939902975,1.505784254807599,-264.48880709133084,0.26117818509615387,0.35534292367788123,20.473257211537884,-1322.8853665864197,0.012150944636418262,0.01685509314903881,-1.17487980769229,1180.8236929086413,0.24608623798076923,0.1891808143028832,23.73553936298091,5083.852914663498,0.009497211162860578,-0.1086059570312491,-5.335693359375107,451.54747596151554,0.2526299767127404,0.3344050480769187,18.134577824518967,3569.9556790866795,0.0048945312500000004,-0.003055513822114439,3.4290489783653175,-389.03808593752814,0.25649688251201924,0.2084228515624951,31.41977163461535,7770.977313702057,0.0037033315805288375,0.0,2.180739182692511,98.69854266826543,0.3207765174278846,0.20159630408653745,2.0139723557699423,107.38431490386841,0.006331195537860573,0.06456674429086562,-7.931565504807739,-965.0127704326886,0.3035378230168269,0.27057917668268905,9.973895733173512,-1322.0966045672212,0.025861337515024035,0.021779221754808488,0.9382512019230611,-88.66060697117179,0.2867251352163461,0.2356727013221147,1.5998722956739306,-1886.3431490384,0.028737971379206723,0.030252779447115213,0.725473257211644,381.5542367788379,0.26747708834134615,0.2808424729567325,-1.190467247595971,-3159.0106670673554,0.031887000450721154,-0.0046968900240376655,0.9381573016827,-111.3375150240539,0.24911495267427886,0.25268554687500033,-5.76284555288491,-1782.8650841346337,0.029059908353365388,-0.005874399038462147,-0.6149526742789391,-293.7481219951735,0.2325056340144231,0.25766038161057747,-5.624248798077034,-729.6987680288617,0.019899639423076917,-0.03329514723557633,1.2221116286058298,236.30934495190377,0.2325056340144231,0.25766038161057747,-5.624248798077034,-729.6987680288617,0.019899639423076917,-0.03329514723557633,1.2221116286058298,236.30934495190377,0.2908316744290866,0.008779599703275232,0.25502509765625003,0.010652214167668267,0.2766895251151843,0.023629508776542463,0.2325056340144231,0.019899639423076917,42.34241240976008,113.25305627525118,124.99971143626169,164.08964469824718,102.67814925244969,87.29466082721231,45.09427458292267,161.99997540745798,162.87856008928134,48.566082387387524,141.1431505124243,179.58218744394276,161.95586957386644,159.8753669642608,28.87734311811813,0.09793951429552612,178.96381968313455,169.9428438021202,179.88986813576727,9.229047259542583,-10.214983168757321,1.4958179930102387,-9.019951971804776,-2.690849189962783,6.153401831598243,2.2132257523866476,-10.500610095565545,17.482593018859912,1.3846446606905691,0.6862491454776681,-0.7271999926298449,-0.7404936576989478,1.1241821668409804,-1.6731512246626485,1.6621514035276326,1.3619412355976586,-0.43070474920070506,1.8387391469673704,4.316126511924342,3.8066240294193094,-63.64702556233771,-278.90446491832097,673.4072822623093,-458.1498429063161,661.0225473728236,-393.0871016903585,-270.6839677701762,167.91925085801708,370.700162594612,222.7786905237435,-478.1650032020304,-339.568330705941,-234.94133905691288,-10.495604454110454,34.00674669189691,55.5841626745134,-224.5128985554108,-195.8085878226564,-546.9757473906069,-557.3366339503542
106,stance,swing,0.53,0.2956544095552885,0.17801231971153447,-3.6805138221157545,984.6191406250844,0.020179377629206727,-0.041871056189902965,2.757004957932708,908.9261568509371,0.2865886793870192,0.10600022536057509,-4.221003605768264,653.6583533654481,0.012743915264423075,0.06788236177884677,-1.7672025240385267,-346.9989483173278,0.28959868915264425,0.0,-1.0321514423083915,-110.05108173078843,0.001820171649639421,0.04027287409855831,-0.2651742788460637,-725.5671574519349,0.2931095440204327,-0.021602689302885315,-1.5335787259618234,276.17938701923674,0.0007395676832932657,0.017045710637020303,-1.785888671874955,-235.86801382213747,0.26039749849759614,0.2610745943509627,-9.750037560095608,-172.53230168273706,0.0231377704326923,0.019950045072114602,-0.9284855769230145,-348.0694110576795,0.26327011343149037,0.4365516075721106,-4.535193810095696,-3999.3990384614044,0.012289954552283655,0.03628962590144221,5.82989032451921,598.3229417067372,0.24780853740985576,0.40567908653846263,35.031174879807885,-1334.5289963942707,0.009001474233774037,-0.13893667367788481,-0.016808143028929065,1609.0651292067453,0.2543486140324519,0.46353665865384547,30.153808593750774,-1332.9890324519338,0.0048945312500000004,0.0,0.3055513822114436,-940.8146784855691,0.25855585186298075,0.5539550781250009,51.61771334134693,-4547.607421875033,0.0037033315805288375,0.010903695913462564,4.02306189903847,-11.0614483173482,0.3215018780048077,0.20195688100961823,3.2714843750003495,491.8494591344954,0.006331195537860573,0.00504432091346096,-5.446777343749977,793.2598407452119,0.3052371356670673,0.287075570913464,-1.4610877403842246,-925.9127103366487,0.026011033278245194,0.01738750751201916,0.3453650841345187,15.709510216343977,0.28800439453125,0.20294471153846622,-4.84882061298041,623.1971153844418,0.028947763296274034,0.020979191706731164,-2.986403245192332,-278.4517728365569,0.26893716195913464,0.20566781850961371,-12.051156850961789,198.52388822116893,0.031887000450721154,0.0,1.222111628605691,204.8527644230713,0.2503763897235577,0.18689528245192083,-10.4676231971154,775.9352463942693,0.029001164362980766,-0.00843975360576981,-0.751577524038398,-451.0122445913327,0.23373424353966346,0.22981332632211451,-3.282001201923007,101.8442007211788,0.019757483849158652,-0.014919809194710573,1.1546912560095306,-411.0483022836803,0.23373424353966346,0.22981332632211451,-3.282001201923007,101.8442007211788,0.019757483849158652,-0.014919809194710573,1.1546912560095306,-411.0483022836803,0.29123783052884616,0.008870758056640622,0.25687612304687496,0.010605412409855765,0.2779652005709134,0.02365594012920673,0.23373424353966346,0.019757483849158652,39.35766111026676,113.95225235822838,122.51322023091787,162.8921885211205,104.8320784450167,87.17508640214265,44.13457129430893,163.68105828849693,164.1915352643535,50.42738167300745,139.2438121154991,179.09204252986783,162.3991541445379,159.78815226526402,29.049457271823627,1.356337846748932,176.54265639032425,168.4111294023965,178.92787716187183,8.415741996548507,-9.982409591868137,0.45790125109348395,-5.362413878049206,-5.077896964912383,10.111618663151702,0.876456645909162,-8.990023849796106,15.244988091854136,4.7331110670028,1.6103402150206656,-2.423367000628749,-0.3203770236962719,0.39194495332024426,-1.3736582957692522,1.7444847885297972,0.980801014853804,-0.584135086874315,0.8371477763106309,0.9880024743454277,1.145467253425857,169.49209337485755,68.96768756200478,325.9024826746686,-225.37807686181256,322.6985232461559,174.39076222855977,1264.251243250608,-1884.4358047190792,1117.2738469431813,101.88799965560418,-238.99223362614703,85.53096043537141,-310.1899057200836,280.3617475424231,-83.06951025007766,-162.65411401577268,172.04226640831845,-120.29474070146298,-399.24613869940663,-249.34913165689684
107,stance,swing,0.535,0.2965433631310096,0.16425217848557425,4.1421274038466676,1117.4504206731242,0.020107872596153847,-0.00715050330528793,4.902155949519085,-64.8287259615436,0.28691522686298077,0.08879206730769687,3.1231219951927085,924.0910456729234,0.013087674654447115,0.05744816706730738,-2.1806452824520117,73.72107872596874,0.28959868915264425,-0.010663311298081393,-1.0663311298081384,209.8482572116528,0.0019946007361778817,0.020204514723558258,-3.5342172475961937,-13.728215144254124,0.29289351712740386,-0.023760516826926127,1.4439978966346274,318.39693509622043,0.0007615497295673096,0.0021982046274043854,-1.7045710637020288,113.84465144229056,0.26134495192307694,0.2075101412259637,-1.1765700120197609,1639.6672175479866,0.023214552659254803,0.007879169170672821,-1.9749098557691989,14.056865985573296,0.265543701171875,0.3099909855769242,-19.5207331730762,573.5426682691431,0.012513840895432685,0.07515399639423097,4.808349609375088,-847.027118389435,0.25014302884615386,0.5394925631009624,10.39024939903819,-5387.357271634654,0.008107844426081728,-0.1087740384615384,10.75495793269236,815.7771183894248,0.25726534329927886,0.6359431340144267,4.804687499999617,-5748.4788161058905,0.0048945312500000004,0.0,-5.979097806490381,-343.8908503605722,0.26203643329326926,0.7245999849759648,-14.05630258413502,-9685.56565504822,0.0038123685396634632,0.040230618990384735,2.0701246995190288,-477.5108924278807,0.3227960862379808,0.23431114783654097,6.932466947114901,202.33623798071494,0.006381638746995183,0.010098970853365799,0.0010329026443878222,443.68802584133937,0.30640857872596156,0.2559682992788468,0.7147686298070159,195.72566105768817,0.026035212590144227,0.02523287259615368,1.095346304086501,-200.36433293268936,0.2887545823317308,0.18718449519231056,7.831843449518354,1311.5609975960474,0.028947763296274034,0.0003887469951918684,-2.0590444711539275,294.7528545673142,0.2695337665264423,0.16033090444711448,0.7947716346157201,1915.358323317346,0.031887000450721154,0.007524226262019255,2.986684945913415,277.7005709134604,0.25098390549879807,0.14800931490384625,1.9965069110577893,2153.8085937499955,0.02897551081730769,-0.013390174278846133,-5.12507512019227,-279.5973557692392,0.23480376727764424,0.22484036959134737,-4.605806790865246,943.5096153845828,0.01975044133112981,-0.021748234675481017,-2.8883713942309766,-125.58218149037708,0.23480376727764424,0.22484036959134737,-4.605806790865246,943.5096153845828,0.01975044133112981,-0.021748234675481017,-2.8883713942309766,-125.58218149037708,0.29148769906850963,0.008987924429086538,0.2592666917067308,0.010508627554086537,0.27888011443309296,0.02366292787209535,0.23480376727764424,0.01975044133112981,36.09704812195435,112.49819348162961,124.11663147642592,159.4822231638988,111.42406778881711,84.54129063693593,40.24841593635126,168.4963589641714,167.22058352523032,50.17803767447352,139.19021412041187,179.3260363648298,162.38563754606218,159.23054479273398,29.689529501488646,1.3267226523174236,177.51491634698138,169.1511916430636,179.45067350572003,9.141120861955196,-8.520062235008744,2.185494868630287,-5.760927145058087,-4.944629958580911,9.380387064059805,3.957133374672247,2.141902336940547,-1.3617650283308957,12.55738313012239,1.7051291420337107,-3.117122328891317,0.11481594665476703,-1.9777168903598579,1.1304662507615848,0.8314563010268553,-0.26459990456006977,1.289717914882481,0.6357917399527396,0.32366512493027216,1.313132712850339,286.431686967506,402.58008828196677,-197.4203727300635,81.27197141559945,-386.5525273967833,464.79101221925583,1584.4653941233294,-2430.1566399524963,923.9297306516497,-103.75621616374713,50.32177430010156,-23.246625149715392,-506.3707811500242,479.7347567102319,-154.25320589193743,-204.77821207894172,288.3568684309607,35.05192519064775,-312.72688185155,292.5226521012542
108,stance,swing,0.54,0.29729693134014423,0.21943359375000118,7.493990384615497,-1062.46243990393,0.020107872596153847,0.00715050330528793,2.1087176983172715,-493.8589242788186,0.2874766000600962,0.1372314453125022,5.01990685096098,-229.7363281250628,0.01331839693509615,0.04607590895432663,-1.0299917367788387,51.64513221155011,0.28949205603966344,-0.010663311298081393,1.0663311298081384,678.3541165866751,0.0020222167968750038,0.004930701622596341,-0.40245643028860506,470.1209435096209,0.29287193885216345,-0.007162710336539029,1.6503906250003835,-95.289963942313,0.0007615497295673096,0.0,-0.6474421574520484,127.69493689904176,0.2624725999098558,0.24930889423076508,6.646634615384275,-393.7988281249015,0.02321656212439903,0.00020094651442259507,-0.7879169170672814,195.48152043269377,0.2663700232872596,0.24134427584134843,1.20023287259574,3655.367337740291,0.013041494516225965,0.08437312199519313,-2.640380859375147,-1080.8105468750164,0.2532034630408654,0.5095815805288446,-18.84239783653871,-2122.915414663412,0.007913733849158652,-0.031387094350961126,8.140963040865326,-1155.0574669471318,0.2607080453725962,0.5115835336538417,-27.330979567308187,-256.2161959133714,0.0048945312500000004,-0.059790978064903855,-3.133357121394281,1639.7705078124945,0.2658018517127404,0.41339205228365056,-45.23794320913535,3539.9263822116136,0.004105637770432685,0.03160494290865287,-0.752047025240342,-523.0618990384309,0.3238449894831731,0.2712815504807673,5.294846754807501,-1320.1246995191398,0.006432185246394231,0.0050546499399048385,-1.009897085336579,30.83683894228298,0.30779681865985575,0.29422325721153414,0.49616887019265876,-1910.5130709133282,0.02626336200420673,0.02834097055288418,-1.6582782451923765,-105.78801081730064,0.2898762394831731,0.2812631460336498,8.266789362980074,-1463.8296274037075,0.028951650766225953,0.0003887469951918684,-0.0388746995191868,202.01697716347388,0.2705404710036058,0.21361553485577092,7.10242638221169,23.982121394205926,0.031962242713341346,0.029866849459134176,3.9991173377402975,-298.30228365383607,0.25185648287259615,0.20686035156249874,11.070462740384572,60.73467548078931,0.028867262620192305,-0.05969050480769256,-3.5475510817307927,1109.412560096151,0.23598264723557694,0.18375525841346202,6.15309495192283,2149.41406249996,0.019540001502403842,-0.043803523137020364,-0.10113055889424119,647.8083683894558,0.23598264723557694,0.18375525841346202,6.15309495192283,2149.41406249996,0.019540001502403842,-0.043803523137020364,-0.10113055889424119,647.8083683894558,0.29178438157301684,0.009052509014423078,0.2617111966646635,0.010634391902043266,0.2799829414563302,0.023669450808794068,0.23598264723557694,0.019540001502403842,34.658792193798895,114.5425705493733,120.5713021665754,159.54491947785021,110.95866896700709,90.31992259799789,43.194231673073254,166.8879914017622,171.1963684901695,51.018849404398836,137.51254747056313,179.68146494754487,161.7444988339917,158.9676234886063,30.437945749984877,0.6929582276830851,178.77718332707525,170.1325412940557,179.61183946880274,9.725760791899907,-7.118092722193075,4.483702133913155,-7.336617605349843,-4.265177250756388,6.246093389183866,5.524366768101724,6.854630091437202,-9.05657830767085,13.972408373519306,0.5727780533831933,-1.9201492576277328,-0.552843275193426,-4.671762858180002,3.4236892713330715,0.2019527296104216,-1.0669811059356151,2.299433597435294,1.1876670282171087,-2.1392663441700748,4.070693774438402,348.678443822688,416.80256379509046,54.370961412337635,-122.49508138474566,-66.75337236337928,-502.5257072872726,149.23029033076713,-170.2028537313002,-548.3065162501113,-227.54833446082824,274.04155940400307,-179.14457450730805,-337.7328879070912,209.91404993754034,-21.977844088749656,48.41211397721859,-123.64644590056683,25.202210257679834,-569.6654926873758,408.3988337227368
109,stance,swing,0.545,0.2987376990685096,0.23919208233172928,-6.482496995192643,-1445.312499999958,0.020179377629206727,0.013936673677884802,-0.03643329326910579,-350.23850661057475,0.2882875413161058,0.1389911358173067,0.8257587139420783,126.57752403849531,0.013548433743990382,0.04714824969951899,-1.6641939603365101,-156.92608173076226,0.28949205603966344,0.0,5.717210036058619,867.3753004807526,0.002043907752403845,0.016179950420672204,1.166992187500019,19.65332031252093,0.29282189002403847,-0.007256610576922278,0.4910982572114967,-228.309044471186,0.0007615497295673096,-0.004276216947116104,-0.42762169471161,107.50638521636574,0.2638380408653846,0.2739764873798065,-5.11455829326878,-1065.5987079326555,0.02321656212439903,0.0,-0.020094651442259488,223.1633112980824,0.26795714393028847,0.32199331430288164,17.032940204326742,1632.9627403847087,0.013357572115384617,0.048750187800479475,-5.999755859375084,141.09450120196274,0.2552388446514423,0.3510685847355751,-10.838904747595947,3668.9265324519793,0.007793973482572117,-0.027364408052885068,-0.7956167367789687,-1465.707632211526,0.2623811786358173,0.3626333383413446,2.242525540865901,5363.713191105831,0.004296621469350961,-0.03133357121394284,10.418607271634581,626.6714242788556,0.26617035381610576,0.2722205528846109,21.342961237981147,9505.859375000122,0.004128417968749992,0.03271014873798131,-3.160494290865284,-174.3351862980853,0.32550890174278846,0.28725961538461603,-6.268780048076509,-1592.6607572115345,0.006432185246394231,0.0,0.3094012920672179,288.3112980769229,0.3093508112980769,0.2609299879807734,-18.390362079326284,-1720.571664663546,0.02631862229567307,0.008650090144229898,0.037466195913493615,335.2426382211689,0.2915672137920673,0.2698523888221114,-6.806452824518735,-1962.646484374881,0.028951650766225953,0.0,-0.0388746995191868,3.887469951918677,0.271669921875,0.23135516826923144,1.0345928485577796,-741.9433593750506,0.032185668945312496,0.047515399639422265,0.003662109375052177,-643.4420072115154,0.25305250901442305,0.25871394230769207,2.603853665865683,-1248.1219951923053,0.028378605769230764,-0.04886568509615409,5.96905048076925,1310.8004056490397,0.23664131986177886,0.28637131911057573,16.888333834134375,-665.1893028845869,0.019312406099759608,-0.02275954026442343,3.589712289663587,95.3463040865435,0.23664131986177886,0.28637131911057573,16.888333834134375,-665.1893028845869,0.019312406099759608,-0.02275954026442343,3.589712289663587,95.3463040865435,0.29233479661207934,0.009133317213792066,0.26311711237980767,0.010558629432091344,0.28129844626402245,0.023596523187099355,0.23664131986177886,0.019312406099759608,32.39637310858391,116.41932704770669,117.03932515577873,158.93772090509847,112.6752563995515,90.95163587152946,49.71627312523539,156.45234062983647,177.4582785160091,50.905515756894985,137.51647654721643,179.19011910118917,159.21107995773195,162.63902409243696,28.918022746908814,0.3065053996356812,178.94615454493905,169.31427741091818,179.76224519785873,10.176137335797844,-5.033277796781861,6.353520506581195,-5.21721753093471,-6.169580772428368,8.712853340426012,-1.068123698200484,3.6342052402482197,-3.0637935656438993,7.0743179676212735,-0.5703542025745739,-0.3767067348512839,-1.676629798418315,-5.355045769430773,3.2296067501369903,0.6116778601393585,0.21952123521211656,0.05325345587681158,0.8878138425295382,-5.372989801943491,5.397121050077711,419.29160791087037,253.406973516705,1038.6972694889732,-872.8126350948114,884.0629188232502,-1440.667727667075,-1031.3121870865077,1683.9780740021097,-1209.2706957594346,-236.37752478462738,300.15162089894466,-196.6051250713937,90.38059349518495,-384.1178673501215,217.42293129799876,328.2839313881522,-475.4667408788285,-33.336169645559124,-275.16113577918895,-27.349700764503446
110,stance,swing,0.55,0.2996888521634615,0.1546086237980747,-6.959134615384096,1013.258713942364,0.020247239332932696,0.006786170372596872,-1.393667367788479,-101.10238882214655,0.28886651141826925,0.145489032451923,6.285682091345934,414.77614182694396,0.01378987943209134,0.029433969350961514,-2.599252554086463,45.043945312503354,0.28949205603966344,0.04650878906250484,9.740084134615673,-527.8883713943902,0.002184016301081726,0.016600623497596542,-0.2059232271633956,-49.213115985588416,0.2927993727463942,-0.0022517277644240586,-0.6326998197114785,-190.74894831727593,0.0007187875600961485,-0.004276216947116104,0.42762169471161,163.91225961540036,0.26521236478365384,0.19816331129807724,-4.009352463942289,1615.6099759614917,0.02321656212439903,0.0,1.4437161959135445,161.5835336538497,0.26958995643028844,0.411673677884616,17.529860276442843,-1170.522836538453,0.01352899639423076,0.024375563401442236,-1.2294358473555183,976.17750901442,0.25671414888822114,0.40119253305288505,17.846867487981118,2162.67277644227,0.007640089768629801,-0.03934326171875082,-6.516113281249947,-328.0217097355451,0.2643343787560096,0.5340087890625007,26.306152343750178,-452.8996394231313,0.004581195537860572,0.04439509465144205,3.133357121394281,-1678.5325270432622,0.2685240572415865,0.6268216646634622,49.820650540865955,-4427.415114182752,0.0044327392578124986,0.0,-2.4953988882211964,761.6248497596102,0.32671758563701925,0.20859375000000216,-10.631760817307857,17.80348557683967,0.006432185246394231,0.00814866286057702,1.8732158954326528,24.88356370192173,0.3104061185396635,0.11031963641827115,-16.709547776442818,2303.1850961537866,0.02634986290564903,0.028715632512019116,1.6941481370193157,-290.90294471154004,0.2925747633713942,0.2131986177884624,-11.359675480768754,-201.47235576928279,0.028951650766225953,0.0,0.0,637.3948317307653,0.2728540226862981,0.22396146334134873,-0.317007211538822,-202.95597956737598,0.03243739670973557,0.029903470552884698,-2.4353027343748623,149.15114182691107,0.2544436222956731,0.2328988882211556,-1.4107572115384923,-13.277493990438126,0.028378605769230764,0.0,9.560452974759615,-98.58586237980438,0.2388463604266827,0.3526385967548059,-0.49879807692304556,-2296.180138221104,0.019312406099759608,-0.007906400240384463,0.8523324819711947,-363.4033203125099,0.2388463604266827,0.3526385967548059,-0.49879807692304556,-2296.180138221104,0.019312406099759608,-0.007906400240384463,0.8523324819711947,-363.4033203125099,0.2927116980919471,0.009234980656550477,0.2648749812199519,0.010679916616586533,0.2826404121594551,0.023643684582832527,0.2388463604266827,0.019312406099759608,30.823235988703676,117.73803505816201,116.97980981092739,156.10539111961424,114.31713352362635,90.2604281763858,46.44895533630656,160.15796520705365,177.97064115665194,50.68443654228326,137.6170562337772,178.27769220148528,157.54354289307744,162.2645613339092,30.16809519843817,0.5425496737213208,179.0638534044753,170.2894928800525,174.93917748647326,14.37773271167085,-2.925176643084368,7.017771869080208,3.0503550895398996,-12.99330360170451,15.086722577416376,-8.88231050856904,-3.4584917794278827,7.78320243235026,1.8797014159249485,-1.7909971944630827,1.0813669513617166,-2.5188945259073647,-3.7679569232281516,-0.41748940216814706,2.376182042590411,2.21585820794591,-2.455233811352995,0.8543053317615171,-4.8908777019619665,3.797196766793367,390.75838579883435,251.41497185054723,1175.051085259773,-1035.7076713114811,875.6724499222809,-873.7396447478402,-784.721463609079,1245.7377494777222,-507.75079671371424,-105.18463721539732,254.52965790959192,114.1167083374215,399.3353057900599,-675.0092777887085,318.86488945808196,271.3530225866477,-274.4283818658428,-0.7462973296057378,513.9605001309446,-580.2066020380154
111,stance,swing,0.555,0.30028378530649036,0.16960073617788826,3.6500901442310045,668.1941105767788,0.020247239332932696,0.0,-1.0474571814905722,-15.596829927882991,0.289742431640625,0.2018479567307661,4.9735201322115214,-1151.7803485576155,0.013842773437499997,0.021155724158654337,-1.2137545072114762,48.36801382210307,0.2899571439302885,0.09740084134615681,0.43832632211471156,-1826.847956730821,0.0022099139873798107,0.014120718149038246,0.6748610276441345,362.6990685096078,0.2927993727463942,-0.01358360877403707,-1.416391225961264,170.78575721152188,0.0007187875600961485,0.0,1.211500901442395,475.29484675480495,0.26581967397836537,0.2338829627403836,11.041541466346152,452.31745793272574,0.02321656212439903,0.014437161959135457,1.595740685096239,39.823091947097,0.27207388070913463,0.49729191706731024,5.327711838942202,-4202.092097355825,0.01360132774939904,0.03645582932692428,3.7620192307691247,234.281099759564,0.25925076998197116,0.5295372596153864,10.78782301682677,-2920.4664963943183,0.007400540865384608,-0.09252554086538459,-4.075833834134422,1444.1387469951956,0.2677212665264423,0.6256948617788466,-2.2864708533654166,-3838.397686298113,0.004740572415865382,0.0,-6.3667179987980544,-346.67968750000296,0.2724385704627404,0.7704270582932708,-22.93118990384642,-9865.966796875045,0.004128417968749992,0.007756159855769322,4.455754206730825,235.67082331730987,0.3275948392427885,0.18094200721153736,-6.090745192308112,675.3680889423053,0.006513671875000002,0.018732158954326544,0.5582369290864354,-343.1678185096117,0.3104540076622596,0.09383451021634506,4.6414888822116005,2266.958383413503,0.02660577862079326,0.02559157151442307,-2.871563251201909,-655.414287860574,0.2936991999699519,0.15625563401442374,-8.821176382211565,1926.4573317307413,0.028951650766225953,0.0,6.335073617788472,803.6264272836526,0.2739095365084135,0.22818509615384322,-0.9949669471159819,-533.7477463941404,0.03248470365084134,0.023162372295673618,1.4951735276441642,683.2087590143958,0.2553814978966346,0.24460637019230713,2.4710787259613016,-235.67082331732365,0.028378605769230764,0.04673884465144214,4.983191856971206,-1256.7420372596139,0.24016770582932692,0.28138333834134527,-6.0734675480766835,-243.1828425480666,0.019233342097355763,-0.014236215444711474,-0.04432091346151519,-213.65121694712158,0.24016770582932692,0.28138333834134527,-6.0734675480766835,-243.1828425480666,0.019233342097355763,-0.014236215444711474,-0.04432091346151519,-213.65121694712158,0.2931956834059495,0.009254678579477163,0.2674608323317308,0.01061748422475961,0.28353446451822917,0.023694625463241182,0.24016770582932692,0.019233342097355763,31.281037080874373,120.2236262751486,118.74038747234725,152.31702333337847,123.04189494988404,82.7648156614042,43.24043093763447,169.96011194055797,172.60616773309582,49.532083877536905,138.4381941765638,177.84789477323227,157.3819478363433,161.48489203552552,31.010776847262715,1.8544604150137756,177.31978221756808,170.5202796421739,174.88784631750363,13.7661166729043,-1.1256939387935139,8.86767022508667,6.53329332166303,-16.52665748554319,17.469577839648828,-9.805520145678894,-4.213009395842578,9.393583929133333,1.9968100004841265,-1.6222005747285482,2.1685898442446376,-0.5354627150440989,-1.3616927115301702,-3.5204860277500996,3.800326754720181,2.933051461078596,-2.691030362781619,0.8803508692334808,-0.2333848006340398,-0.4049449703024479,184.71273649892282,313.47578320632454,-82.89924127033538,-45.86380543705615,-309.45694117990365,662.3309006687051,527.964633090481,-585.2402806801027,310.34818252700217,85.91736807908796,292.19968839938775,392.76674104463825,286.5885430188836,-254.4271895136103,134.4833526480891,-63.447946956996525,174.5735933887979,-45.82526676651258,892.4837836734041,-735.532870475092
112,stance,swing,0.56,0.3013848595252404,0.19110952524038477,-0.2771935096163023,-512.0755709134827,0.020247239332932696,-0.0036884014423088606,-1.549635667067309,-80.14385516823243,0.2908849909855769,0.19522423377403825,-5.232121394230231,-738.807091346159,0.014001436673677883,0.017296424278846742,-2.1155724158654317,-65.889798677901,0.290466064453125,0.05089205228365196,-8.528395432692555,-378.6808894229987,0.0023252234825721085,0.023349233774037893,3.421067457932686,89.57143930289601,0.29266353665865386,-0.016415640024036712,1.0751577524037417,305.7955228364931,0.0007187875600961485,0.007838792067307858,5.180570162259664,240.13108473556963,0.2675511944110577,0.30857872596153885,0.5138221153849732,-1514.1601562499952,0.023360933743990384,0.015957406850962405,1.8419471153845148,368.877704326905,0.27456287560096154,0.46495079627403807,-24.49106069711544,-2953.59450120191,0.013893554687500004,0.061995755709133515,1.113375150240124,-637.0943509615129,0.262009521484375,0.5090707632211529,-11.35779747596209,-2234.957181490354,0.006714834359975955,-0.08010160006009508,7.925274188702022,1059.6172626201576,0.2705913273737981,0.5111440805288465,-12.077824519230985,-348.27599158654294,0.004581195537860572,-0.019272085336538552,-0.33343975360575145,818.7537560096192,0.2762283278245192,0.39750976562499785,-48.83901742788458,3760.6107271634837,0.004510300856370192,0.04455754206730829,-0.13869065504809575,-1458.4867037259714,0.3285270057091346,0.147686298076921,-3.878079927884797,946.4393028846804,0.006619506835937497,0.01373103215144138,-1.5584622896634677,-193.13401442305704,0.31134446364182694,0.1567345252403872,5.960036057692231,-123.47881610580392,0.02660577862079326,0.0,-4.859994741586429,57.06317608172848,0.29413731971153845,0.12498685396634668,7.904897836538678,1561.1853966346303,0.028951650766225953,0.06335073617788478,8.036264272836533,-1096.8956580528877,0.27513587364783654,0.2140117938701889,-5.654484675480232,-105.29972956718713,0.032669020432692306,0.04485520582932635,4.396784855769102,113.47844050482688,0.25688968599759615,0.25760967548076863,-3.767465444711731,-612.961989182646,0.028845994215745185,0.0498319185697121,-3.006967397836535,-615.581805889441,0.24166019381009615,0.291903921274039,-2.9306265024037135,163.74323918266742,0.019170043945312493,-0.008349609374999616,-1.284179687500023,-164.3348106971222,0.24166019381009615,0.291903921274039,-2.9306265024037135,163.74323918266742,0.019170043945312493,-0.008349609374999616,-1.284179687500023,-164.3348106971222,0.293849862905649,0.009323171762319709,0.2701886493389423,0.010612163837139421,0.2846157570863382,0.023810332469451117,0.24166019381009615,0.019170043945312493,30.746119942139014,122.80093261244936,124.11341402941352,143.83177330027615,126.52419632779524,83.23917567415201,43.725364387416946,166.7585596051295,179.27944800940077,49.31378387288174,138.44956271375437,176.69402851430888,157.0969900827381,159.40414412344748,32.42954772148716,2.9537829117466723,176.18331960119582,170.39498176056372,176.07943883604588,12.66268191633291,-1.078049278095138,10.152529701143456,2.221362676836545,-13.451941656075071,11.992153165617337,-2.259001501881983,1.8211545514769318,1.930799625549227,4.983183241194973,-0.9318235136722023,4.0033638353555965,1.408772884539021,-0.9020714930393129,-2.9617612973042524,3.7210155690713034,1.5813787383759443,-0.7094978774650145,0.39605266409639095,4.033960134772082,-3.558131937957559,-47.2749127835969,233.9745851561842,-1216.5367635187852,935.2872655790039,-1411.6135718146315,1646.9594234993472,993.1808743714723,-614.9846768235966,-145.31713837557334,138.76196967779507,221.35869558794727,270.52190708311616,-89.9054203588177,166.08797542465996,-13.786291661277371,-409.1372975017671,462.218498956121,48.831534192341685,359.869944135917,-222.92421851322507
113,stance,swing,0.565,0.3021948805588942,0.16682880108172524,-1.4706655649038267,953.3128004809984,0.020210355318509607,-0.015496356670673103,-1.8488957331728972,-56.8190354567424,0.2916946739783654,0.14952674278846376,-2.414550781250075,1796.3303786057163,0.014015737680288465,0.0,-1.8726524939904867,101.85359074519901,0.290466064453125,0.012116887019231182,-3.348482572115279,1272.592397836567,0.00244340632512019,0.04833139272836513,1.5705754206730953,-611.4689753605677,0.29263521634615386,-0.002832031249999642,1.6415640024036697,-79.19546274037769,0.0007971754807692272,0.051805701622596685,3.6128117487980935,-954.8809344952043,0.26890546123798076,0.23902118389423332,-4.100060096153815,238.3751502403368,0.023376136192908653,0.03285663311298062,5.284517728365293,-138.09908353363232,0.276723388671875,0.2523813100961556,-24.208233173076923,4492.5067608173385,0.014221285306490375,0.04758958082932553,-2.60892427884601,-376.33338341341295,0.2643414776141827,0.41595928485576544,-11.561748798076788,2036.7149939906035,0.006599524864783657,-0.013272798978364296,6.5203387920671645,-1367.8729717548476,0.27283270733173076,0.5049166165865366,-5.769230769230849,495.5115685097275,0.0045478515624999966,-0.0033343975360575176,1.8208195612981448,-869.4598858173298,0.2764136681189904,0.28203688401442467,14.674917367788451,8316.875751201998,0.0045739933894230755,0.006369253305288363,-10.129112830528902,-706.5617487980863,0.3290717022235577,0.14216120793268935,3.373647836538701,738.7695312501095,0.006650982196514416,0.003147536057691855,-1.3731032151441367,-247.56798377403226,0.3120213529146635,0.15343487079326742,3.4067007211535603,359.7506009616045,0.02660577862079326,-0.02300837590144126,-2.300931490384624,593.5621995192082,0.2949490685096154,0.2353046123798106,6.790677584134752,-1248.028094951957,0.0295851581280048,0.0803626427283654,-4.633882962740413,-1618.539663461534,0.2760496544471154,0.17164024939904085,-2.047964242787854,1388.9723557691773,0.03293325570913461,0.06713022085336467,2.629957932692434,-551.3446514422704,0.2579575946514423,0.2069317157451898,-3.658541165865164,1045.3538161058786,0.028876924954927885,0.016669170673076758,-1.1726262019232085,775.5314753605925,0.24308674504206731,0.2520770733173081,-4.436035156250008,800.8939302884911,0.019149846003605767,-0.027078012319711717,-1.6876690204327387,397.5172776442398,0.24308674504206731,0.2520770733173081,-4.436035156250008,800.8939302884911,0.019149846003605767,-0.027078012319711717,-1.6876690204327387,397.5172776442398,0.2942477088341346,0.009366668701171872,0.27184334059495197,0.010663758263221152,0.2855226862980769,0.023966990935496788,0.24308674504206731,0.019149846003605767,30.538563803658793,126.59883183375808,121.13562494686155,142.80410702303917,130.49618599799706,81.11844076542609,45.19823435120281,165.9981276409983,179.58173522877794,49.48781103262725,140.41150143434373,179.8533901786063,157.31705540713912,159.44817156615292,33.188850738343284,2.9368162560448305,177.2011478783501,170.7220002093395,178.22082492592108,11.195138999134361,-1.5984430666294833,11.207416076648514,-5.632074313524832,-7.173784829753143,3.3534421215025003,6.6640740893145916,5.718799347872156,3.2437371608973615,0.543638616728392,-0.23458087795059623,4.382176800124112,2.169756355787065,-2.260746915118348,-1.8596062735034986,3.6624638381074073,-1.1583215139390781,1.9311546267795947,1.3686662111568981,3.3653146407251335,-2.6341871554347005,-46.799207969194704,348.1218691248904,-935.4876394201901,540.5665623260959,-941.0307280697943,885.7458567380211,668.3954456962636,57.92642616154966,-1015.2809470410577,163.44835539103792,-170.2125458160039,-6.877267835632111,-242.1908672876856,94.23715416252404,-4.154385872715546,-429.82858240740336,355.4415764914014,126.63427858064378,-477.85589594049685,409.5306698045296
114,stance,swing,0.57,0.30305314753605767,0.1764028695913465,9.25593449519369,1382.0425180288937,0.020092275766225964,-0.02217735877403785,-2.1178260216347335,140.6813401442067,0.29238025841346155,0.17107872596153748,12.731182391826948,1524.395282451931,0.014001436673677883,-0.001430100661058141,-1.0970365084134406,91.86260516828625,0.2905872333233173,0.017407226562499142,4.1975285456731255,1620.3801081730826,0.0028085374098557603,0.03905498798076886,-2.6936222956729963,-31.193659855763183,0.29263521634615386,0.0,0.283203124999964,77.12965745194049,0.0012368445763221159,0.04396690955528883,-4.3682391826923865,-641.0851111779042,0.26994140625,0.26757812500000067,2.8975736177883435,679.8001802884627,0.02368950007512019,0.06880258413461537,0.46095628004819034,-1137.1882512019283,0.2770866887019231,0.2228684645432686,20.43400691105799,5865.403395432738,0.01436945049579326,0.03590651292067339,-2.649958683894009,-98.17270132214051,0.26616911433293267,0.39345327524038487,9.009352463943962,2397.855318509633,0.006582106370192312,-0.01489821213942337,-5.753455528846466,-1167.2269381009598,0.27564049353966347,0.453451772836538,-7.1227088341337055,1041.6917067308036,0.0045478515624999966,-0.0010638897235570868,-9.028038611779058,-1121.563251201958,0.2790486966646635,0.5442589393028825,34.32974008413547,-2798.414963942309,0.0045739933894230755,-0.05673358623798081,-7.204308143028965,369.29086538460416,0.3299486177884615,0.18142277644230803,3.5096153846163043,2.1784855768833804,0.006650982196514416,0.0,-4.0341421274037925,-906.1467097356071,0.3128788123497596,0.19080153245192283,9.55754206730828,1201.8667367788867,0.026375694861778848,-0.023009314903846258,1.0756272536056584,4.554161658657514,0.29649036583533656,0.19289362980769426,-4.575383112980903,302.7155949518952,0.029755277193509608,0.017011906550480613,-8.149132361778822,281.9824218750024,0.27685227614182695,0.19353215144231034,8.235238882211554,1355.9945913460765,0.03334032264122595,0.07115478515625072,-1.1166616586536078,-304.33067908655624,0.25895900315504805,0.22102426382211696,6.6860727163470655,1755.4086538461283,0.029012685922475953,0.038105656550480003,4.748347355769396,141.53583233175746,0.24418096454326924,0.2475435697115389,5.078312800481206,1671.9501201923008,0.018899263822115375,-0.025226299579327018,2.6909930889423785,421.029897836549,0.24418096454326924,0.2475435697115389,5.078312800481206,1671.9501201923008,0.018899263822115375,-0.025226299579327018,2.6909930889423785,421.029897836549,0.2946639639047476,0.009534773606520431,0.27357727989783653,0.010752580378605766,0.2865516733022837,0.02400570443960336,0.24418096454326924,0.018899263822115375,29.71267905365997,128.8137425972546,118.40281352093157,142.4961229354738,127.47583538544305,88.02386551321732,47.62148601195829,167.4387495954957,179.5605347087936,49.12702274965888,142.52502452463273,178.69369901340795,156.05788864117514,159.21038913546002,34.38597593566528,2.1783836583102003,177.9629507251262,170.768536696416,178.5400655914498,10.832732095570606,-1.5460413577870855,13.633748392392363,-7.133513717365363,-8.046276032814108,2.581845884919385,6.598457065498236,8.505109008439574,2.510063887164724,-5.169626229215614,0.7026600402381782,2.301238377195556,1.3400002061826999,-3.3239801659161707,-2.0193897556790112,3.679471710344148,-2.7169070856980926,2.844917887449003,1.66239544990283,-0.744598824632891,0.5371747600877409,27.07848266215653,336.29558574918303,1424.6788976389655,-1733.8960007259966,373.94038775636136,-738.1046014115847,220.08401475705318,101.10154819735797,-916.5571879487009,282.27740784646926,-561.6058167878242,-259.67557708774393,-238.19223047517923,-6.150328617406736,-39.99465222820398,-137.9014075378462,20.628449347857305,-135.2904934087104,-741.6080819874603,606.9032950912497
115,stance,swing,0.575,0.3039589092548077,0.2593881460336622,12.349759615385121,-1005.1645132213813,0.019988581730769228,-0.03667461688702046,-0.4420823317308289,575.5990835336897,0.2934054612379808,0.27683856670673335,12.82940204326925,-1111.4783653846441,0.014001436673677883,-0.010970365084134416,-0.9540264423076233,219.4073016826928,0.29064013671875,0.05409217247596247,12.855318509615563,2380.990835336572,0.002833956204927879,0.021395169771635147,1.2586388221154632,531.2875600961563,0.29263521634615386,0.0,2.4128605769230753,1465.7076322115722,0.0012368445763221159,0.00812330979567278,-2.7980393629809543,455.1532451923298,0.27158124248798077,0.2679969200721168,2.6979417067308185,-76.19065504805722,0.024064162034254807,0.03746619591346253,-6.087364783654,-341.4682241586847,0.2789520733173077,0.45672137920673567,34.44580078125051,-2672.0815805289835,0.01458035043569711,0.02108999399038542,-3.590651292067416,-353.9100060096525,0.26827601036658655,0.5060528094952051,12.416804387019562,-1785.475510817629,0.006450542743389423,-0.070807354266829,-5.151930588942444,1195.5848106971887,0.27736722506009615,0.4336895282451995,4.647686298077196,339.52448918254356,0.004537212665264426,-0.09361478365384818,-9.394812950721446,726.7503004808333,0.2818562575120192,0.6253342848557797,-13.309232271634665,-7324.669471154155,0.004006657527043267,-0.06567382812500135,-6.436204176682857,-620.2392578124852,0.3308859299879808,0.17725736177885243,3.395432692307535,755.0330528844819,0.006650982196514416,-0.037193885216346104,-10.434570312500215,-47.992412860587976,0.3139293682391827,0.24901029146635031,15.425368088942438,-215.53861177892395,0.026375685471754798,-0.012252103365384666,-2.2553898737980487,-397.817758413468,0.29687800480769233,0.18955078125000152,9.817833533653706,1312.5187800481187,0.029755277193509608,-0.0011286808894228858,-1.8140587439903861,787.0812049279052,0.2779849759615385,0.2539926382211565,11.511981670672922,-312.16195913464634,0.033644803560697115,0.05596360426682859,-0.41334885817313116,-32.912034254842695,0.2601678372896635,0.2737924429086605,13.895545372596134,-163.94981971169761,0.029257981520432685,0.06415264423077076,0.24273212139436745,-866.2578876202402,0.2455621807391827,0.3028602013221202,12.283466045673014,-139.4794170673764,0.018897583007812496,-0.0001680814302879066,2.5226299579327556,-203.53816105770196,0.2455621807391827,0.3028602013221202,12.283466045673014,-139.4794170673764,0.018897583007812496,-0.0001680814302879066,2.5226299579327556,-203.53816105770196,0.29515993088942305,0.009515204796424277,0.27560656174879805,0.010727785081129806,0.2875680495042068,0.024097052158453522,0.2455621807391827,0.018897583007812496,29.566956724058862,133.47494550351422,114.7701653387588,141.3218458817859,127.85439830434093,89.43482541274537,49.17420130855039,174.85549542526687,173.2595269832691,49.3156301729285,141.8951394375032,179.5777607268817,154.53511157440127,158.482219292679,35.349660249369784,0.6388516464128517,178.8595613846867,172.49928863016515,178.2117693315138,11.068232300047198,-1.3276582400079178,14.570371934140347,8.614714662864836,-24.512744837013123,7.0928459990661175,-0.7169719248012616,7.91963949544269,4.254752642870942,-8.621933262758624,2.588193200514099,-1.2338813677541345,-0.42699941509037687,-4.642669219870142,-1.921109559677566,3.262517315825367,-2.5373355893175416,2.137439120258168,0.015761277069792693,-4.050766179149476,3.4348457954778016,135.42290607566454,-316.27090578035336,4966.3277263895225,-4514.633914533496,703.710694841485,-1337.9146749286915,68.09149476622189,-16.369407690200248,-301.3163302284089,267.0386871736118,-458.08475454125517,-198.41228848994825,-95.84228313655996,59.23722638936046,-122.75618596231972,158.74710794079493,-172.7641286393879,-409.99748400880117,-305.8040626625021,334.47939803709124
116,stance,swing,0.58,0.30564702899639423,0.2999004657451951,-0.7957106370199079,-1866.0043569712295,0.019725529597355768,-0.026598182091346043,3.6381648137020415,310.19005408654283,0.2951486440805288,0.29937274639422723,1.616398737980744,-995.1923076922642,0.013891733022836542,-0.010970365084134171,1.0970365084134406,321.24211237978665,0.29112815504807693,0.145960411658652,28.00743689903834,695.1059194711643,0.003022489107572107,0.051641376201923224,2.619253305288453,48.28350360576157,0.29263521634615386,0.02412860576923024,14.940279447115374,2475.923978365367,0.001318077674278842,0.01598651592547988,0.18329326923081474,491.08886718753564,0.2726213754507211,0.2945575420673083,2.1356670673077875,-543.8138521634589,0.024064162034254807,0.007928936298076665,-2.953725961538584,980.7035006009738,0.28165390249399036,0.5673264723557664,-6.286808894231277,-7575.307992788437,0.01458035043569711,0.0,-6.189058743990458,-258.94869290863346,0.2712296424278846,0.5176213191105778,-8.845402644231946,-4343.881460336613,0.005874032827524037,-0.06641751802884671,6.202392578125168,839.5808293269423,0.27997738882211537,0.49992863581730895,-3.727463942308342,-3515.230618990451,0.0036117037259615348,-0.09501201923076955,-1.7605356069708809,-321.24211237977755,0.28530203951322114,0.4111666165865387,-38.91695462740451,-1084.979717548029,0.003917255108173076,-0.121095628004808,-13.406700721153685,291.99218750001995,0.33172119140625,0.21537710336538265,11.059945913460963,462.7028245192587,0.0062790433443509625,-0.10434570312499993,-4.514066256009662,1867.2907902644488,0.31536891526442307,0.3450552133413439,7.402155949519086,-2661.0952524038485,0.026253173828125004,-0.045563213641826264,-2.902550330528937,601.5155498797948,0.29838587364783653,0.2910719651442292,8.549804687500005,-899.9399038461444,0.02974399038461538,-0.0011286808894228606,-0.27832031249993816,153.5738431490444,0.27939220252403846,0.3086519681490371,5.113619290865158,-1360.0323016826562,0.03389995868389423,0.0670212965745195,-1.4457820012020277,-628.8780799278808,0.2616969275841346,0.35997971754807534,5.046574519230124,-2484.9008413461397,0.029654212364783647,0.040532977764423626,-3.914231520432823,178.26960637017004,0.24720956655649037,0.37037823016826643,3.683518629807472,-1855.4499699519001,0.018897583007812496,0.0,0.6556114783654023,-117.18750000000975,0.24720956655649037,0.37037823016826643,3.683518629807472,-1855.4499699519001,0.018897583007812496,0.0,0.6556114783654023,-117.18750000000975,0.29613976111778845,0.009489457350510815,0.2781568697415865,0.010409500826322114,0.2889624461638622,0.024121326935596956,0.24720956655649037,0.018897583007812496,29.06027767912267,139.3595061975139,118.21726676440484,131.48350471720394,133.60385019822436,86.26470326137253,54.3686029445379,162.21567383214312,176.71572331708413,50.6937483747247,140.9214621106001,179.2729486568613,154.16543287471023,156.89902109115056,36.59328420567573,0.5817282411879781,179.41495973522234,171.47514063457365,174.8086233279972,13.71292401383948,-0.19181229703046904,10.471039334588896,42.529763546528805,-53.1926151781481,9.618952833334085,-6.780689683788393,9.186023956101778,2.346369810262725,-8.182789531499639,3.3730469119742392,-2.2796091682168984,-0.6441226787167403,-4.28240299728175,-1.4270174917854193,2.451909850720977,-1.1294360062901772,1.1172766010551607,-2.437579390185094,-3.8026394512578463,3.881968740458582,252.62720843568758,-900.7761347975404,4211.914884419877,-3058.5115411866414,-476.7512267421974,-104.25826232272328,400.4299393387951,-1104.9928470712787,788.037882960948,-64.78170761789922,75.37429393462507,-22.722674790215514,270.02604922407784,-76.13289045499634,-75.21339828882414,252.09120319641994,-257.4803358433762,-409.6552104773458,226.48101074601328,-73.62093486643435
117,stance,swing,0.585,0.30695791391225963,0.25143103966346314,-6.310283954327189,-622.6337139422739,0.019722599909855767,-0.00029296875000001083,2.659818209134602,-170.3725961538582,0.29639918870192306,0.2930025540865408,2.8774789663466,-720.1585036057866,0.013891733022836542,0.0,2.258394681490246,414.4005408653859,0.2920997408353365,0.3341665414663461,19.80637770432721,-1911.9027944711597,0.0033503699669471115,0.0475877028245197,1.7414738581730793,-178.1005859375021,0.29287650240384616,0.14940279447115387,27.17210036057677,-701.8479567307813,0.0013967097355769148,0.009956242487980929,2.1128493088944063,308.0021784855762,0.27452681790865385,0.2893535907451947,-2.7401968149037756,-415.3395432692717,0.024143451397235574,0.007928936298076665,3.7196702223557465,801.391601562513,0.28462533804086537,0.39385329026442284,-41.30727914663393,-2349.646935096099,0.01458035043569711,-0.04080059344951922,-6.1801382211537526,641.6860727163522,0.27345222355769233,0.4175987830528856,-31.0220102163466,-3015.6813401441177,0.005786367563100955,-0.008783428485577276,3.243877704326986,-872.0233623798197,0.28236651141826924,0.39641488882211606,-30.504619891827346,-3058.2744891826173,0.0035870924729567294,-0.111220139723557,-12.607234074519225,-215.4541015625324,0.2859679236778846,0.23616473858173426,-24.159029447114964,1603.4592848558032,0.002795701246995186,-0.1997408353365383,-3.5162823016826548,2607.4406550480526,0.3330397010216346,0.28785682091346215,8.022460937500126,-1345.2148437499543,0.005607525165264415,-0.08233454777644277,8.23833759014429,1274.752103365392,0.31737992037259616,0.32303185096154124,-11.185584435096073,-1300.8000300481183,0.025920053335336535,-0.04127760667067406,3.7597656249999045,568.7913161057892,0.2997887244591346,0.27504882812500164,0.8184344951922543,-536.1891526442632,0.02974399038461538,-0.00391188401442227,-0.27832031249994066,66.9508713942164,0.28107149564302886,0.3051288311298081,-2.088341346153653,-842.1912560095908,0.03431501652644231,0.041505784254808296,-6.702129657451944,-298.809344951926,0.26376763446514423,0.3242581881009618,-10.953463040865287,-657.0951021633784,0.029663311298076922,0.025010329026442492,2.0254281850960694,599.0084134615536,0.24926596304086537,0.33969538762019497,-6.271033653846003,-1078.3128004808043,0.018897583007812496,0.006388033353366123,1.350754957932657,47.84217247594243,0.24926596304086537,0.33969538762019497,-6.271033653846003,-1078.3128004808043,0.018897583007812496,0.006388033353366123,1.350754957932657,47.84217247594243,0.29708333646334134,0.009590353158804084,0.28018776292067304,0.01017859262319711,0.29071890650040066,0.024024579952924677,0.24926596304086537,0.018897583007812496,28.908888764549534,141.09769276636152,136.12877546013664,111.6824205380514,136.55987539969772,81.64521905765639,52.063974969242395,178.53458448360985,167.6065350045019,52.36986181617876,139.89417800461214,178.54018260497597,151.22935061438855,158.45739551790956,36.589396651887014,0.17211305888010606,179.42312608496238,170.04248791085698,174.9895130135859,14.219012101639375,1.1986138443489602,5.562610586164935,50.73386350706364,-55.09786024887956,2.325333731644139,-1.7595545480284953,11.923938888830644,-6.795175827841853,-0.7415544331491379,1.9403761243351063,-0.4801384284078831,-0.6542261629925322,-1.9424087276293616,-2.68243846422753,2.510383332937125,-0.016423557353339988,-0.4373642381755967,-4.0807908277036695,-1.7859560716893415,2.6986364468134574,174.68098176573767,-1493.0996795110227,-1961.2195906356976,-595.4643056579856,-1699.431090542244,1304.4858266484491,327.9755565299962,-2177.2695881894197,1390.581430845825,-328.5785133223756,345.3314812017176,119.6004724251896,517.4645381756528,-192.4267317842828,-70.19528025830932,141.46663130722672,-219.59354525009152,-62.22307521785088,381.64496742614614,-287.67295233640914
118,stance,-,0.59,0.30816133939302887,0.23679762620192313,-7.022047776442652,433.25570913460456,0.019722599909855767,0.0,1.934438852163458,-75.46762319711443,0.29807866962139423,0.32814753605769326,-5.585186298077128,-875.3380408654233,0.013891733022836542,0.011613581730768308,5.241041917067303,65.99308894233975,0.2944698204627404,0.3440241887019243,8.888408954326724,771.2777944711132,0.0034983661358173046,0.06905611478365403,0.83824744591343,25.79439603364573,0.2941292442908654,0.2958496093749982,7.921799879807555,-2198.4487680288207,0.0014176400991586513,0.03711500901442396,3.2633150540865796,-46.79987980772669,0.2755149113581731,0.2671555739182705,-2.0177283653849334,-51.64513221156452,0.024143451397235574,0.04512563852163416,5.0601900540865525,-689.1714242788347,0.2855924353966346,0.15425368088942668,-29.783278245192285,3499.8873197113935,0.014172344501201917,-0.06180138221153758,0.22780198317307024,927.6968149038281,0.27540563025841347,0.20740121694711158,-39.00221604567315,1249.6807391827986,0.005786198542668264,-0.03397874098557682,-2.517841045673037,15.399639423069308,0.28394153771033653,0.19488243689903523,-34.31020883413454,1260.9675480770268,0.002499502328725964,-0.2210843599759619,-3.9150766225962066,2907.9308143028843,0.2876636868990385,0.16957632211538884,-22.882361778846462,793.550931490303,0.0019198467548076914,-0.15625845102163458,12.667705829326865,1846.6233473557697,0.33459975961538463,0.295601712740384,-2.3922025240385927,-1230.3936298076987,0.005455697866586534,-0.021962327223556934,8.233454777644269,-384.58721454329043,0.3185992337740385,0.2331993689903831,-5.6058443509621085,350.45447716347405,0.025840397761418263,-0.007965557391827187,2.78536283052896,-477.67052283652225,0.30113636192908655,0.2992563100961518,3.187913161057368,-952.6742788460971,0.029704871544471156,-0.00391188401442227,0.3911884014422266,-106.06971153848095,0.28244349083533654,0.28776855468750057,-3.308293269230758,-98.72671274041491,0.03431501652644231,0.0,-4.43387545072129,541.954627403847,0.2649395094651442,0.2504450871394224,-1.5243765024036668,1789.0249399038444,0.029904315655048072,0.06078725961538434,2.075852614182718,-719.5951021634457,0.2506065204326923,0.30766789362980634,-7.099609375000581,-402.49399038461047,0.018961463341346158,0.013507549579326582,1.134033203124827,-164.06249999999187,0.2506065204326923,0.30766789362980634,-7.099609375000581,-402.49399038461047,0.018961463341346158,0.013507549579326582,1.134033203124827,-164.06249999999187,0.29870976844200725,0.009632584791917066,0.28162364032451925,0.009704268704927882,0.29205414600861385,0.024030293782552083,0.2506065204326923,0.018961463341346158,30.041045960812642,139.18938616402983,170.14748204671696,80.7041777500659,135.30412031064972,84.15832483623718,60.521324446987286,167.79277315630168,171.14834754359794,51.8706316710814,140.60762642917905,178.62411180593978,152.00274106363534,156.78235052311,37.36076211893397,0.703764754126797,179.31984303852593,169.0354470771537,175.2260661623672,14.35456504487822,1.5549975206269093,-4.459957460521343,22.91756764017181,-59.147258234727964,-7.375358072088372,6.2641685826961115,12.465779521401743,-19.42632607163149,5.723024776958624,0.08726177875048027,1.1737056438002813,0.5518820455351565,0.8922423844747832,-3.351284809628249,1.749957048137883,0.2852303067820913,-1.0786588514457565,-3.0598101423636033,0.013810223003618548,1.0052392170944882,3.574755458330966,-2054.4210268325546,-6315.347439457136,-361.62024241347166,-1413.3727140037531,1109.1520991081152,-282.4766872193082,-2270.608914941313,753.5705071776797,-380.33034304981993,336.39661526962453,158.17864826206812,396.9270170129972,56.17972997984379,-250.99437095058084,54.14898421923396,-49.69318888426324,207.9384306151951,245.98751926442077,-283.05114580737956
119,swing,stance,0.595,0.30932589017427886,0.18121056189903656,-1.9777268629811395,1793.7762920673345,0.019722599909855767,0.019051419771634586,1.905141977163457,-345.7219050480705,0.2996806640625,0.23715069110576947,-5.875901442307641,1516.6766826923379,0.014007868840144225,0.05241041917067308,2.918325570913644,-1048.2083834134596,0.29553998272235577,0.42305063100961343,27.51915564903835,1023.3435997596382,0.004040931114783652,0.055970177283654006,1.9994178185095368,461.2004206730735,0.29583499849759615,0.2286207932692295,5.187612680288546,3576.209435096169,0.0017678598257211547,0.042589393028846755,1.644850510817139,252.57286658651665,0.27719837364783656,0.2691763070913453,-3.2566481370194214,149.71454326928506,0.024594707782451916,0.05853083683894223,-3.1720440204326072,-1225.3793569711565,0.28616787484975964,0.09602050781249974,-6.308405949519968,3756.2913161057654,0.013962336613581733,-0.03852257361778851,3.096829927884537,-17.718975360569956,0.27552623572716345,0.027576622596153764,-18.525202824518605,3738.86343149037,0.005446580153245187,-0.03396183894230767,3.397874098557679,602.3700420673113,0.2843153357872596,0.05331280048077031,-17.894944411057068,2897.892878605749,0.0013762488731971084,-0.1503709059495191,16.472074068509645,1712.0361328124927,0.2876636868990385,0.007341120793269422,-16.223520132211927,2214.82496995195,0.0012331167367788387,-0.07306377704326954,14.949951171875059,-634.6905048076874,0.33599571814903845,0.2639347956730762,-4.281475360576871,96.30408653848939,0.005387901893028846,0.0,4.392465444711383,-679.4151893028936,0.3197119140625,0.2669734074519201,-7.68103966346133,-1067.1574519229819,0.025840397761418263,-0.013423978365384436,-1.0169396033653224,-269.0617487980933,0.30278128756009615,0.30692795973557535,-8.708308293268724,-1571.0824819711268,0.029704871544471156,0.0,-1.339017427884751,-341.11140324519135,0.28394918118990387,0.2720458984375005,-3.075608473557803,60.73467548073296,0.03431501652644231,-0.0028329702524046404,-1.282583383413469,113.70380108174908,0.26627208533653846,0.3090144230769251,6.936786358173174,-185.41541466349145,0.030271183894230766,0.04576885516826969,-5.170522836538395,-563.4296123798163,0.25234264197716344,0.2686992938701891,-10.295973557692111,194.22325721166135,0.019032658503605762,0.017728365384614402,-0.28987004206726336,-139.67660757208083,0.25234264197716344,0.2686992938701891,-10.295973557692111,194.22325721166135,0.019032658503605762,0.017728365384614402,-0.28987004206726336,-139.67660757208083,0.30009538386418266,0.0098848149226262,0.28217430138221156,0.009322598031850957,0.2935088047125401,0.024092005020532853,0.25234264197716344,0.019032658503605762,30.646453878783262,143.20648882685958,150.04503777687265,97.39492727505102,130.15108245539412,88.51675235512825,63.51722101115827,157.59834922156867,177.5522645777954,51.4740077543424,141.38367795302975,179.1020656382079,153.35904872000006,153.98811777660578,38.897213434230004,0.4885851178459099,178.20290433266052,167.92461944249152,174.72449413803687,15.065205634286215,1.23436139893227,-14.981599682160628,-12.41961088750777,-58.71406267301428,-11.808393408393403,9.331966443052666,9.09917201663756,-29.501264977255,6.7941506386276656,-1.8629273061630964,2.8838277242883654,0.9275603196281504,2.026861442500614,-2.1206411644290917,0.0004396234313142063,0.5250662848390001,-0.9342961270182296,-2.0014065215517167,0.6739191209548684,-0.1318750112603405,-56.116943168229476,-2037.0116070522843,-4791.386348284177,1365.6757611997814,-285.4326391810908,-170.70536946582868,-1219.5164304318307,48.35840584662701,-557.5147201070719,-307.4734601248103,249.78133014709374,-10.747429791897453,46.95833832712096,377.9764860045269,-377.99012414583547,5.618978255125623,27.332346972057618,203.4687598514969,193.14928309320987,-307.21751982401014
120,swing,stance,0.6,0.30997344501201923,0.21702035757211172,10.91571514423071,1063.2699819712568,0.019913114107572114,0.019051419771634586,-1.5227801983172502,-381.02839543269107,0.30045017653245193,0.2693885216346168,9.581580528846265,855.074368990347,0.014415837214543273,0.040796837439904775,-5.241041917067303,-1658.3721454327222,0.29870032677283653,0.619215745192308,19.121844951923116,-1159.9496694711356,0.004058067908653845,0.08905029296874942,5.450251652644169,-454.61801382209876,0.2964154522235577,0.3477257361778837,43.683894230769276,6683.74399038461,0.0018435340294471192,0.053563514122595364,5.789043719951748,457.24722055291596,0.27820667442908653,0.23458909254807625,-0.5205829326920814,-30.59269831728823,0.024728759765624997,0.013405198317308064,-7.193603515625024,-431.8941556490501,0.2865526404747596,0.09116962139422694,7.779634915865404,2053.46679687512,0.013787118765024031,-0.030833082932692185,0.050612229567370506,-402.4188701923077,0.275681396484375,0.022149188701925372,-1.6135817307694171,1724.9286358171864,0.005446580153245187,0.0,3.505859375000081,238.89160156249855,0.28447466571514424,0.01593299278846437,-5.331280048077026,1527.4000901441223,0.0009957932692307714,-0.056363619290865315,13.205284705528735,-1083.571213942311,0.2877370981069712,0.007341120793269422,-0.7341120793269416,1548.9408052884974,0.0011892089843749953,-0.006758939302883842,6.320800781249986,-1502.2817758413673,0.3372391075721154,0.25278695913461524,-1.429161658653698,644.3810096153895,0.005455697866586534,0.021962327223556934,1.4393028846153264,-666.7668269230552,0.3212689678485577,0.15638897235576973,-16.277418870191937,2524.301382211485,0.02570615797776442,-0.01813495342548042,0.09474534254802465,78.74474158653364,0.3042056415264423,0.21217322716346446,-12.522911658653912,1432.3542668268037,0.029704871544471156,-0.017302058293269792,-3.01992563100969,177.95034555290147,0.28516394981971155,0.2570124699519225,-2.700946514423428,264.8362379807912,0.034286686823918264,-0.012825833834134702,-3.2968374399037983,-216.49639423076906,0.2680296536959135,0.3198129507211542,-3.378530649038583,-2269.418569711573,0.03036200420673077,0.009082031250000335,-3.558443509615449,528.0761718749874,0.2532935133713942,0.20470815805288514,-5.157376802883966,861.8164062499635,0.0191387469951923,0.010608849158653946,-0.26273287259598266,518.9302884615317,0.2532935133713942,0.20470815805288514,-5.157376802883966,861.8164062499635,0.0191387469951923,0.010608849158653946,-0.26273287259598266,518.9302884615317,0.3013848501352163,0.010057638315054088,0.2825304950420673,0.009229492187499997,0.29486680563902246,0.024109027569110573,0.2532935133713942,0.0191387469951923,29.99555641744582,129.58460795814307,143.69340152229196,44.10434998159477,127.33533644467576,90.16048262230869,64.34245355012996,149.76051423370106,176.60714871684655,51.73959438561725,141.44941355559578,179.65968098357567,153.56938645709153,155.60786456631425,37.29342201895691,0.7555309652572407,178.78110349585614,168.33358288487636,175.09738022831343,14.594609417409115,0.993828088944614,-24.830073531044206,-24.99629584267,-45.49050062273014,-10.229684463899282,4.557114888037823,0.27061521708342506,-18.94274201316522,0.14787757588790015,-2.987472822497625,3.6715189452712207,0.4444077476161819,1.3618257677459933,0.4284800504170235,-2.0299441933204747,0.3414200893333476,-0.80533538172518,-1.0251225438486324,1.945303053935719,-2.066935981145616,210.96618039414946,-2043.2047213110036,1652.9849074627748,6672.778975133919,722.1872970626717,-1385.7276400826165,-1362.2055352582825,1988.0382286278627,-897.8016780998149,-65.1551056763887,-23.8699632651062,-57.44184057710368,46.16820062005358,228.8133260441901,-243.39829829985126,-54.66005725533121,-69.42962005729733,303.61156677583824,190.33917696811696,-456.2716612334126
121,swing,stance,0.605,0.31149609375,0.29036771334134376,8.654972956731438,-800.5183293268689,0.019913114107572114,0.0038236177884620713,-1.905141977163457,64.77238581728533,0.30237454927884616,0.3329664963942322,2.6748422475958353,-140.3620793269948,0.014415837214543273,0.0,-13.665395883413593,-1145.7519531250068,0.30173214017427885,0.6142690805288448,15.919658954326984,2216.5151742788385,0.004931434044471147,0.11047269381009574,-2.546762319711455,-1245.2862079326799,0.299312255859375,0.6654597355769226,72.02505258413471,189.07752403846115,0.002303494966947109,0.10047983022836429,6.2173227163463025,-813.4296123797743,0.2795442645733173,0.2639704777644245,-3.562575120192304,-517.2776442308168,0.024728759765624997,-0.013405198317308064,-7.490985576923112,341.9001652644325,0.2870795710637019,0.17381685697115384,14.22626201923125,-716.6278545672734,0.01365400578425481,-0.03801645132211481,-0.9273587740385432,-33.541165865402725,0.2757477276141827,0.011440805288459577,-1.2759164663467246,127.81700721159439,0.005446580153245187,0.0010967548076931668,5.786790114182667,346.0693359374756,0.28447466571514424,0.0,-2.620943509615832,342.1161358173043,0.0008126126802884548,-0.018318058894231642,5.636361929086527,-1111.0370342547858,0.2877370981069712,0.0,-0.7341120793269416,262.3384915865217,0.0011655273437500002,-0.009855769230769631,-0.07286658653862783,-552.2742638221071,0.3385235877403846,0.2496431790865392,2.16233473557703,711.237980769162,0.005607525165264415,0.014393028846153276,-2.275202824519175,-287.860576923065,0.3212758037860577,0.10419921875000061,17.56197415865354,4850.6986177884055,0.02565904822716346,-0.012476524939904188,-0.22949218749998537,-680.8612530047868,0.3049030198317308,0.18169884314903612,5.615234374999326,2822.490985576957,0.02953185096153846,-0.030199256310096928,0.44048602764426514,210.70274939906318,0.2865193058894231,0.2450364332932662,-0.4272460937498886,900.5408653847113,0.03418675818810096,-0.035801344651442656,-3.4475473257211617,438.2136418269304,0.26947021484375,0.27522911658653926,-15.757399338942573,-674.9549278846067,0.03036200420673077,0.010184420072115166,0.11023888221148294,244.35659555288524,0.2543897235576923,0.2171255258413494,-1.6778094951924685,212.853064903706,0.0191387469951923,0.015101036658654574,4.899432842548059,455.6696965143924,0.2543897235576923,0.2171255258413494,-1.6778094951924685,212.853064903706,0.0191387469951923,0.015101036658654574,4.899432842548059,455.6696965143924,0.30372875976562497,0.01039097008338341,0.2829166654146634,0.00916149714543269,0.29584694260817307,0.02408098895733173,0.2543897235576923,0.0191387469951923,31.07608926449687,124.95099800797811,141.235117373094,47.36020862961275,124.23152611174032,91.68353002392374,63.88317047460597,145.85790420139577,173.82601854033766,49.29876293615828,144.0093256015316,179.09897217409502,153.14662341032485,155.98676781720047,36.65749240887976,1.0228693103263218,178.35592888082536,167.30418769988816,176.2765805885561,13.752291282054754,3.344023202873766,-35.41364689527068,4.110238187119993,8.013727078324965,-4.586520437766679,-4.525309957773511,-4.522883335945278,-9.620882690976353,-2.1838661423704924,-2.514478362926984,2.6451280916373032,0.35314191385711313,2.4885434487011504,0.1674920960128111,-2.4335433595672007,-0.02153428771431256,-1.6285923275912035,1.0347091462066684,2.57731089063604,-4.69459162359447,790.8726919261152,-1654.0588049094076,2018.012353735635,9094.754490576046,866.1576678900825,-1444.9074230418987,-651.2336221481385,1441.3145621583487,54.08721555121499,224.43883545242363,-269.82976304308744,15.714315377057778,204.81312783648917,-161.48922362509725,17.781338756334105,-62.27158629426012,-188.96312938076554,366.0643575188243,98.41572976980721,-440.5045169149412
122,swing,stance,0.61,0.3128771221454327,0.3035700871394262,2.9105318509620144,205.60396634605684,0.019951350285456734,0.0,-0.8750563401443964,179.48091947114727,0.30377984149639425,0.2961369441105752,8.177959735576316,2105.2246093750623,0.014415837214543273,-0.09585712139423128,-16.69856144831738,1122.9999248798222,0.304843017578125,0.778412334735578,41.28699669471152,-572.1529447115781,0.0051627948467548035,0.06358266977163485,-7.002610426682642,-128.0423677884748,0.30307004957932693,1.0679762620192315,45.57466947115389,-10066.331129807733,0.002848332331730763,0.11573674128605844,-2.345252403846001,-1393.9490685096443,0.2808463792067308,0.19896334134615318,-5.693359375000254,1238.487830528819,0.024594707782451916,-0.06150465745192313,-3.7746018629806963,1270.0852614182766,0.28829080904447113,0.23343224158653955,0.6133563701926631,-2391.0381610577288,0.013406954251802883,-0.040106670673077625,-0.28479942908665706,-28.301532451910248,0.2757958045372596,0.009390024038458114,-0.3354116586534721,94.29462139431939,0.0054575477013221185,0.05786790114182672,6.96655273437484,-527.0714393028744,0.28447466571514424,-0.01027644230769397,-1.9101186899039801,258.37590144239743,0.0008126126802884548,0.0,2.094914362980867,-150.45635516826272,0.2877370981069712,0.0,1.8892728365382772,451.8855168268986,0.001090651292067299,-0.007487605168270121,0.798058143028911,-29.09029447112347,0.3397355393629808,0.27441030649038556,5.683218149037928,-614.4831730769396,0.005599628155048067,-0.0007897010216348359,-1.4393028846153264,-23.878831129808756,0.3223109600360577,0.3320087139423053,32.229567307692164,-1321.5144230768717,0.025581392728365376,-0.020429875300480276,-6.71386718749985,-508.98625300481297,0.30602262995793267,0.26832557091345777,15.701998197115682,797.5135216347052,0.029402878981370187,-0.012897198016827137,-0.9128981370190565,-828.8480318509572,0.2876143141526442,0.2527400090144236,6.304462139423694,874.0046574518524,0.03392867337740384,-0.04730130709134635,1.0852989783655096,565.7113882211586,0.27078194486177887,0.1622389573317283,-10.128079927884656,2792.386568509656,0.03046384840745192,0.010184420072115166,-1.1148775540865943,-258.789062499986,0.2554647686298077,0.18793006310096044,-3.028846153846904,201.17187500007176,0.019289757361778848,0.05960317758413458,4.293964092547945,-754.7419621394109,0.2554647686298077,0.18793006310096044,-3.028846153846904,201.17187500007176,0.019289757361778848,0.05960317758413458,4.293964092547945,-754.7419621394109,0.30614250769981965,0.010594578669621393,0.28342895132211543,0.009072494741586534,0.2969883595002003,0.02404436316856971,0.2554647686298077,0.019289757361778848,31.319675226841383,114.76512443306135,135.99193479313365,52.54648558691367,123.6401442883442,88.82465066266569,60.62052827786651,146.97304308368913,175.1287764105457,48.91078896509102,144.2928549796681,179.3910859196924,154.55597244103078,155.52020343734878,36.11126609655366,0.756338466439796,177.7825489363988,167.89382296236985,177.01770935778072,12.114678149808409,8.902555008205773,-41.3706615801383,-4.816172305313633,45.457044283030406,-1.5681077849984502,-9.891959342381176,-6.241721004397966,-4.529596391581721,0.6887497314000506,-0.7430844679733866,0.9732213148403437,0.6015509013867598,3.4099570461108866,-1.1864121858339505,-1.8521308057571335,-0.2812957736092542,-2.694966675532837,2.635521031339614,2.929460351633792,-6.471981150295031,987.8505994703096,-505.3485151196003,-3312.0504884700963,1666.5667468137574,137.95966784379192,-418.9179889917864,-203.11208631111873,1068.0416936733984,435.02237252011,446.0918085412327,-457.9823599492575,-62.73721919460839,-12.430426531828676,-0.36554667916188743,-38.05069457558644,30.598699389594533,-99.67677666194315,173.94053467302462,44.976370542992775,-137.73026013269322
123,swing,stance,0.615,0.31453179462139425,0.31947303185096393,10.711012620192008,536.8276742787599,0.019913114107572114,-0.004926945612981899,-0.11033278245198265,250.52584134618795,0.3053359187199519,0.41474609374999544,23.727088341346477,-853.2714843748596,0.01345726600060096,-0.16698561448317398,-2.4353966346153615,2839.224008413472,0.30951626352163464,1.0271390474759603,10.198129507211197,-9547.175480769196,0.0055672607421874964,0.04044658954326926,-3.827185997596204,548.903245192299,0.3099920184795673,1.121206430288462,-28.63825871394272,-10005.746694711579,0.0034608623798076943,0.07702730618990426,-7.722167968750153,-308.3402193509851,0.28153389798677886,0.2070368840144219,8.822303185095896,806.0772235577423,0.024113713191105765,-0.05115121694711506,5.209867037259665,356.3795823317274,0.2894138934795673,0.17995042067308048,-9.684119591346057,-727.895883413541,0.013252939077524034,-0.04086444561298138,-1.2103740985576459,-342.5856370192067,0.2758416278545673,0.008086688701924853,-0.33297025240352984,57.166466346070095,0.006025259164663455,0.07076228215144163,0.516075721153918,-560.828575721135,0.2843719012920673,-0.019101186899039817,-0.03718449519185537,363.788311298129,0.0008126126802884548,0.0026310847355770473,4.131798377403898,208.68389423075948,0.2877370981069712,0.018892728365382788,3.7847430889420486,-188.30754206727812,0.001090651292067299,-0.0018751878004805139,-0.3637695312498628,-153.55506310096817,0.34126769080528846,0.30647536057691854,-3.9824969951923714,-1332.8200120191166,0.005599628155048067,0.0,-2.5139911358172626,-159.69613882210697,0.32459589092548075,0.4264948918269225,4.346829927884811,-4181.189903846128,0.025454749474158656,-0.07961519681490274,-5.31935471754812,1400.8131760817016,0.3075862755408654,0.3387188251201931,13.590369591346384,-1389.873798076976,0.029402878981370187,-0.0393282376802875,-7.847994290865315,-168.76690204330149,0.28904670597956733,0.3080810546875032,8.312800480768644,-567.0072115385711,0.0337137451171875,-0.02494835486778755,2.209566556490429,-176.72025240386637,0.2710926044170673,0.1739483173076926,12.166466346154012,1765.8128004807663,0.03046384840745192,-0.0009643554687507874,-2.4776517427883795,-15.1461087740112,0.2562690241887019,0.18683706430288033,0.3339092548082509,84.79191706745037,0.019734778771033648,0.058040677584134066,-2.647986778846057,-777.0808293268962,0.2562690241887019,0.18683706430288033,0.3339092548082509,84.79191706745037,0.019734778771033648,0.058040677584134066,-2.647986778846057,-777.0808293268962,0.309843998835637,0.010599625807542066,0.2837796837439904,0.0090590350811298,0.29830969864282847,0.024061604817708332,0.2562690241887019,0.019734778771033648,35.070287552942304,97.15439722397379,164.8114835334953,102.72737386246384,125.96262669968988,82.07414946770284,59.46488249203026,143.84874117007828,175.27684749471587,49.98074323868819,143.08687680662672,179.97766693908676,156.649953838426,154.36367661167128,35.89641644367461,0.4507629026378389,176.40211488456697,170.14291337803485,177.234236104366,9.475728304803953,13.22252919757687,-40.46713204646669,-29.010266697580995,24.679394546462554,-3.2069237593287587,-8.714489847691379,-6.554004199056467,1.059534245757642,2.166357582830612,1.9464397224853474,-1.9346955078552757,-0.2742302780889714,2.3642391833828635,0.16383662922119221,-2.8140503053230654,0.28445270618163304,-2.625360094210636,2.774114492936916,3.027074596065968,-6.071894224921404,354.6762298868938,1516.7270204713084,-2658.7273822872558,-3820.7781728716586,-556.1314756864533,572.4676734680723,-36.717020038381385,1018.0435748361896,13.616046889279842,353.7912367524403,-459.44397431354844,-274.11511566692815,-294.87358040913796,315.8922567916228,-189.4810544883071,164.2549271025929,86.8579205522034,-69.65285453109693,-47.44626144078437,249.28967210369595
124,swing,stance,0.62,0.3160718524639423,0.41068021334134636,8.278808593749618,-2752.7606670673035,0.019902080829326915,-0.0011033278245198275,1.6302020733174853,135.81730769232598,0.3079273024338942,0.5334078275240401,-0.3547551081722885,-3804.9879807692714,0.012745981069711532,-0.12021108774038491,11.693678635817363,770.0570913461551,0.3151144080528846,0.8803936298076901,-54.18475811298053,-3764.742337740313,0.0055672607421874964,0.025310809795672774,-1.5135779747596474,224.6563251201977,0.31428211388221156,0.781593674879804,-54.482797475961995,1630.3335336539342,0.0036186053936298063,0.03851506159855685,-5.428654597355854,529.2593149038697,0.282916748046875,0.2871863731971122,2.367412860577176,-1782.3955829326335,0.024083195612980765,-0.00940598707932643,-0.21080603966341907,-988.6944110576975,0.29009031325120194,0.1365910456730789,-6.665602463942753,653.9776141826196,0.012998309795673069,-0.052210411658654095,-3.710655799278727,-45.9547776442276,0.27587667142427885,0.006060321514422812,0.23625300480722938,456.54296874997215,0.0061651705228365355,0.06302865835336591,1.3582669771634848,-58.59375000001594,0.28428365384615384,-0.010648287259612524,1.7277644230773126,128.4367487979773,0.0008389235276442253,0.04131798377403902,4.1817533052884635,-486.07459435097286,0.287926025390625,0.03784743088942052,0.006197415865494266,-724.402794471111,0.0010718994140624938,-0.011125300480768752,-0.7374924879807718,240.1310847355558,0.34280029296875,0.2345853365384618,-7.644981971153249,278.8837139423015,0.005599628155048067,-0.025929612379807485,-3.0362642728363975,460.94689002404306,0.3265759089543269,0.37547701322115346,-9.582331730769146,-2074.03094951924,0.024785240760216348,-0.07362342247596153,7.2942645733171805,1334.8952073317341,0.3094098182091346,0.40422926682692173,1.8032602163459073,-3001.295823317311,0.02900959660456731,-0.09137714092548035,-2.600567157452073,1565.720778245179,0.29069512469951925,0.3358680138221101,0.634390024037978,-1862.7554086537111,0.03367918982872596,-0.025205641526442037,-0.6819035456731557,-503.483698918282,0.2725214280348558,0.28390362079326853,7.5300480769230225,-2084.9233774038407,0.030454204852764413,-0.01459209735576865,-1.2663386418267064,34.52711838940187,0.2573331392728365,0.19126915564904295,-2.1809269831723994,-694.5237379808993,0.01987016413762019,0.03312330979567399,-3.476844200721024,-2.704326923105913,0.2573331392728365,0.19126915564904295,-2.1809269831723994,-694.5237379808993,0.01987016413762019,0.03312330979567399,-3.476844200721024,-2.704326923105913,0.31334891920823316,0.010458482008713937,0.2842186823918269,0.009031499774639417,0.2998892853565705,0.023899670723157046,0.2573331392728365,0.01987016413762019,41.303722994597756,86.27027961596883,111.83864496682273,66.87208834545163,122.90885711966563,82.76683753552616,58.03201341920082,143.98387458095894,176.34019334496801,49.780345967989376,144.04470656667647,179.81497605293646,155.92734044088192,155.19166344150813,34.870919635880604,0.8441255542653909,176.1026109990215,170.02498416414142,179.17509614448943,7.7466562446560365,12.449317307074715,-26.2033913754252,-31.403446128186214,7.249262554313789,-7.129422541862989,-4.1672826077004474,-6.60889120478178,5.650839356780185,0.8249102002928491,2.7948278995510196,-3.6212184282951445,-2.1396002552825237,0.4612212420195046,1.9725103820822802,-3.7469413506402063,1.3612534974166761,-1.8263874700108025,1.9389924860286438,2.454997737225948,-3.9790844292580694,-157.79375942582914,2999.2440033788016,1446.1268462996575,-1710.9109165049722,-577.4927432814127,739.7224124899813,17.845905260278524,676.0055456577772,-415.5503159797773,32.21160512084091,-178.35191189944558,-168.92432090355373,-160.93876345253804,289.1035090112743,-150.94875968369644,198.21239707899286,138.40691545754046,-78.75068488146992,-200.68513570925947,409.0349079162129
125,swing,stance,0.625,0.3186385967548077,0.4022611177884602,-16.81659405048105,-2702.167217548006,0.019902080829326915,0.011375075120192969,1.2478402944712785,-176.1568509615614,0.3106699969951923,0.41119854266827255,-14.322791466346272,813.8897235575573,0.012255155123197109,-0.050048828125000236,5.265174278846197,-2238.0089393028793,0.31832019981971155,0.4852914663461545,-27.44929387019197,8802.94095552878,0.005820368840144224,0.025310809795672774,-1.580622746394225,272.03838641827383,0.31780795522836536,0.5763784555288415,-12.334923377403362,8542.856069711648,0.003846012995793263,0.02274076021634567,-2.429574819711451,1113.0183293269313,0.28440576171875,0.2307110126201937,-9.001652644230454,-558.9881310096843,0.0240196533203125,-0.05325927734374925,-4.677077073317318,387.99579326921526,0.2907798039362981,0.11329439603365289,-3.1443434495198557,327.73061899043955,0.012730834960937493,-0.07797100360576868,-1.6699218749999223,669.6401742788248,0.2759022310697115,0.01044921874999715,4.232459435096196,339.130108173157,0.006655545748197114,0.08434495192307649,-0.06986177884624184,-709.050105168264,0.28426541841947117,-0.001823542668266674,1.2471829927879186,-136.3055889423977,0.0012257925180288454,0.04444861778846172,-0.7289475661058351,-421.5557391826901,0.2881155724158654,0.01895470252403773,-3.459284855769067,-157.62094350962832,0.0009793982872596113,-0.009250112680288239,2.037541316105697,131.1129056490442,0.3436135441706731,0.23002554086538599,-1.193659855769354,48.94080528838845,0.005340332031249992,-0.030362642728364003,2.095477764423172,200.46762319708643,0.3283506610576923,0.33067157451923096,-16.393479567307605,-1184.3825120192414,0.02471851524939904,-0.006672551081730865,8.029597355769234,-496.4317908653773,0.3116285682091346,0.35675142728365217,-16.42258864182675,-2326.6225961537866,0.028489107572115382,-0.06533390925480825,7.8092134915864895,913.3958082932884,0.29240538611778844,0.31442495492788297,-10.314753605768484,-1390.7564603364806,0.03346168870192308,-0.03176739032451911,-2.8252704326923954,-252.41323617787518,0.273931640625,0.2492487980769229,-8.68276742788441,-1140.155498798087,0.030317927433894235,-0.013627741887017862,-2.1323805588943605,-113.41271033657422,0.25818171574519233,0.1650277944711563,-6.611328125000748,160.53185096143116,0.020066011868990388,0.023272235576923796,-2.675030048077116,141.81753305285395,0.25818171574519233,0.1650277944711563,-6.611328125000748,160.53185096143116,0.020066011868990388,0.023272235576923796,-2.675030048077116,141.81753305285395,0.3163591871995193,0.010455904447115378,0.2846937575120192,0.009122244966947112,0.3013519193209135,0.023732263809595353,0.25818171574519233,0.020066011868990388,43.81989502203024,83.88796656723625,115.52343186979535,75.45536032458936,119.45051738152598,82.76223848459367,55.20618194776299,150.66827792007064,176.338295998286,51.7748893685107,140.93197739723246,178.20371491437507,155.83908321949252,156.59692223456184,33.060842694577445,1.4240204085592005,175.5232052251925,169.94137806805736,179.3223517606229,7.683495805071475,11.644591603318577,-10.474692012678645,-14.548998234584408,7.570285381412815,-8.98185119214289,-1.3172657227915596,-6.375545146453682,7.819589702335421,-1.9891455769671644,2.2685557736937567,-3.718214626849733,-1.96347348712451,0.7548515488574818,3.0548717193339376,-4.323537902160031,2.2665766769715634,-1.24129093963523,1.9866076441222162,1.0202232389733714,-1.9815451457592708,379.69448513946384,2304.911817270934,4824.069297734606,2898.8519656031212,-124.2903978372787,394.70717263727346,142.736968096315,181.75029876434465,-744.5890014680798,-154.07072698684325,91.47287823441525,189.18563157610058,203.96613767033463,47.19557560329149,0.6217670549024662,119.2903784066851,133.20912164370012,116.12814804694318,-257.4370471616967,221.87950222409506
126,swing,stance,0.63,0.3200944636418269,0.2425142728365357,-18.742863581730465,1638.8033353366093,0.020015831580528845,0.011375075120192969,-0.1313664362981301,-137.92067307694074,0.31203928786057694,0.3901799128605773,7.784142127403292,1329.6274038461197,0.012245492788461529,-0.0675593449519229,-10.686410757211448,-959.932767427893,0.31996732271634615,0.6059006911057702,33.84465144230735,2446.890024038411,0.005820368840144224,0.009504582331730507,1.2068058894230935,580.0875150240427,0.3200458984375,0.6582444411057703,30.94576322115456,1223.8018329326328,0.003846012995793263,0.014219313401442323,5.701528695913467,1205.8199368990242,0.28522385817307694,0.1971698467548076,-3.222468449519672,697.6412259614959,0.023550602839543272,-0.05617675781249965,3.669151893028737,956.5147986778769,0.29122325721153847,0.10514761117788031,-3.3882962740383546,239.1451322116818,0.012218599759615381,-0.06890963040865333,2.985745943509527,410.8323317307529,0.2759811636117788,0.048384915865384806,3.6275540865388023,-585.918719951893,0.007008620042067301,0.06233004056490349,-5.7322340745191624,-487.5863882211327,0.28426541841947117,0.001823542668266674,0.3647085336533345,-4.507211538384821,0.001283409705528843,0.034028508112980665,-0.03380408653844144,25.005634014432708,0.2881155724158654,0.003254582331729813,-1.5700120192307903,449.9887319711614,0.0009793982872596113,0.009250112680288239,0.5736365685096713,-423.89385516824905,0.34510054837740384,0.22264873798076826,-7.155573918269364,-608.9242788461221,0.005296001727764427,-0.004974834735575746,-1.0315880408655316,-561.1666165865599,0.32988262469951923,0.21154221754807725,-21.426156850961572,212.5525841346061,0.02471851524939904,0.006672551081730865,2.329946664663403,-770.1416015625081,0.3129773324819711,0.2400033804086541,-21.46296574519198,326.37845552885244,0.02835625751201923,-0.013285006009615396,6.53339092548082,-554.0114182692304,0.2938393742487981,0.2327204777644252,-13.27317457932684,423.9220252402741,0.03336151592548077,-0.053458345853366014,-3.2060359074519096,563.758263221177,0.275013916015625,0.19707594651442434,-3.8715069110578586,948.3173076922892,0.030317927433894235,-0.03591590294471227,-2.4004657451924496,555.232121394257,0.2589834172175481,0.12515587439903542,-0.5756084735580863,1706.9936899039528,0.020102886493389427,0.006373009314902805,-2.0586688701924833,209.73557692310854,0.2589834172175481,0.12515587439903542,-0.5756084735580863,1706.9936899039528,0.020102886493389427,0.006373009314902805,-2.0586688701924833,209.73557692310854,0.3180367431640625,0.010481926551231965,0.2849618539663461,0.009008126126802882,0.30263286884014423,0.023692184056991184,0.2589834172175481,0.020102886493389427,43.96886794319004,82.99124304755787,131.30143869748815,92.27906359312034,117.89767894608268,80.97353048198963,53.51938162327999,149.86658370919454,175.4852440955978,51.920598128559114,140.223338409973,177.48733601021996,156.15962397764923,156.6774534126298,32.50632208140887,2.122903368000378,175.52212978215744,171.428240851058,179.14942397324023,7.067368325859601,16.246262158469357,-3.1542732027158378,16.83724684915989,36.237782210345024,-8.372326520235777,-0.22021088132770908,-5.1815215238186285,7.468342344423633,-6.6209798143879555,1.2541206296825858,-2.7064896459509913,-0.2477439395215162,2.500882618722853,2.4444661381151955,-3.7407236800911816,2.554157281483528,-0.4942962535738,3.1002739664980767,-0.11937273439102103,-1.7602894070171167,876.9234919153997,850.5462608279187,3179.652825006153,3206.0300560936325,121.95429716542073,295.9487635062036,224.36365775050334,-17.691415427401033,-764.1707710363818,-268.1378128203288,381.6153823131956,356.3120029298877,226.86365763326017,-198.61022783047542,214.58100363425174,-12.724734644168734,287.500270331566,237.08993265438366,-93.22397006503708,46.98465281607047
127,swing,stance,0.635,0.32106373948317307,0.21483248197115537,-0.4285606971149432,2213.7545072114463,0.020015831580528845,0.010061410757211666,-0.1313664362981301,-188.09157151441997,0.3145717961237981,0.48903996394230553,-1.0265174278850644,-2960.2801983172253,0.01157956167367788,-0.1569129356971148,-4.334153395432741,1651.461087740373,0.32437920673076925,0.8237379807692283,-2.98039362980784,-8713.191105769156,0.0059154146634615296,0.03737886868990372,4.220252403846207,-156.12792968749906,0.32439039963942307,0.8858360877403874,-0.09690504807702274,-7368.164062500107,0.0039882061298076865,0.07975604717548039,9.628624549278802,-908.7946965144175,0.28637746018629806,0.19848632812499695,-2.025240384615488,79.00766225971091,0.023457885742187504,-0.01656775841346185,4.888070913461459,-201.2376051682552,0.2918312800480769,0.07941143329326932,-0.7528921274030355,362.32346754805263,0.012041738656850959,-0.048113544170673386,2.4384014423076104,-295.3162560096054,0.27638608022836536,0.046724759615385206,-1.626727764422739,-405.17953725965776,0.00727884615384615,0.027022611177884823,-4.9457256610575735,431.7251352163449,0.28428365384615384,0.001823542668266674,1.2021108774040703,229.24804687507395,0.0015660775991586523,0.04411057692307731,-0.4788912259615078,-301.785982572119,0.2881481182391827,0.003254582331729813,1.0406024639425508,308.0303485576966,0.0010718994140624938,-0.0035137469951915215,-2.2013972355767977,35.550631009600885,0.34584003155048076,0.15846980168269229,-7.282902644230581,877.5165264422989,0.005290583683894234,-0.04067852313701933,-3.5161884014424323,509.94403545674567,0.33046608323317306,0.11641000600961506,-14.267953725961542,2073.8431490384623,0.024785240760216348,0.016626915564903186,0.32818134014414524,-234.46890024036932,0.31402860201322114,0.14212176983173216,-13.158804086538222,2201.303335336518,0.02835625751201923,0.0,2.2690993088941807,-530.7053786057767,0.2947325908954327,0.18169320913461445,-6.075533353365739,1348.2196514423247,0.03292710524338942,-0.06382774939903824,2.812312199519379,909.395658052881,0.2759024000901442,0.21053372896634429,0.8004056490384902,49.01592548078862,0.02995876840444711,-0.03763239933894238,3.419940655048214,633.5355318509689,0.2594332744891827,0.15927170973557545,10.458608774038796,574.5380108173588,0.020129741962139416,0.002685546874998943,-0.5776742788460288,184.97408353368388,0.2594332744891827,0.15927170973557545,10.458608774038796,574.5380108173588,0.020129741962139416,0.002685546874998943,-0.5776742788460288,184.97408353368388,0.32110128549429084,0.010374753511868985,0.28540531850961537,0.009083289513221151,0.30340049704527244,0.023574616261017627,0.2594332744891827,0.020129741962139416,52.42072119505897,82.42876447160833,120.34080395328073,90.33276067673133,115.53513990754271,81.6032435288432,53.01875941834369,151.40691666587614,172.71270735216603,51.739851220799075,140.51710480006125,178.93034466186123,157.71516453891215,158.12882433470088,30.82939976738788,3.0679434149005806,174.8489741417632,172.15438369781725,179.0135428482454,6.748991010601137,20.413826522472583,-1.9692294043994512,17.24753001547715,39.63058594234917,-7.762308220488682,1.642221912270479,-4.1319085689486466,7.64267554806141,-9.63085328733099,-0.41282235450953403,0.09793919628222617,1.5996465421743697,3.0234881251900854,1.0687694410291817,-2.177727865817512,2.139329330529876,1.6337117636804328,4.357506970666055,0.0879835383229998,-1.5116986175985656,97.93667915616302,18.75518351692305,1411.6945342647311,1490.8760299039757,17.146459167438607,384.93472551905876,118.40314856924918,31.210721111793898,-173.37052577259345,-217.5828585449032,364.8203035965996,164.90896122181877,-28.21435931711129,-272.6686062261802,318.55448171340504,-130.9666943914187,382.500275724537,115.0742120956492,47.76558686541135,172.61870265403806
128,swing,stance,0.64,0.3222427884615385,0.23822866586538627,3.394681490384016,-440.16676682700904,0.020116445688100962,0.010061410757211666,-2.0122821514423315,-330.7072566105787,0.3169296875,0.37991473858172664,-21.81865985576899,-1577.2047776441102,0.01067636343149038,-0.11090087890625035,5.828200120192295,413.05776742790613,0.32820470252403844,0.5760967548076917,-53.28725961538429,-1846.7548076923024,0.006194157527043262,0.05170710637019261,-0.3544734074518986,-839.0831580528923,0.32890425931490386,0.6572753906250001,-42.73587740384658,-2715.0691105768883,0.004643573467548068,0.11050555889423043,-3.386418269230717,-1915.311373197096,0.2872087214543269,0.1769174429086527,-2.432391826922562,280.1983173077444,0.023384925255408653,-0.007296048677885019,1.6567758413461835,-415.8466045672954,0.29201737154447116,0.09761868990384995,0.23493840144217493,-410.94501201938033,0.011737464317908647,-0.04452561598557721,0.03258338341347031,-165.79965444710152,0.2764484112079327,0.0321176382211574,-0.4242412860577794,267.50300480760035,0.00727884615384615,0.012872783954327715,-1.4149827223557097,365.84472656248,0.28428365384615384,0.013844651442307386,2.6571890024040763,-9.74684495191888,0.0017245154747596164,0.029239595853365583,-3.0516639122596336,-219.89558293269928,0.2881481182391827,0.01366060697115533,1.5102914663461782,-95.19606370195197,0.0009442608173076961,-0.01276385967547976,0.9291428786056805,405.55513822112977,0.34668524639423076,0.14981971153846238,1.6195913461536329,939.9414062499756,0.004889216496394233,-0.0401367187500001,4.06785231370193,1046.095628004809,0.3310467247596154,0.06886268028846171,-0.6877253605769289,4047.889122596171,0.02488478440504807,0.00995436448317232,-0.014742337740292197,32.433143028864826,0.31439855018028845,0.10841533954327177,0.550067608173221,2220.2336237980235,0.02835625751201923,0.00940598707932643,1.2263371394230482,-230.55326021632843,0.2956563063401442,0.17196514423076775,0.20902193509642045,1101.2620192308284,0.03272323843149039,-0.025335223858172197,5.887920673076908,-27.87898137021616,0.27711925330528847,0.20508000300480925,-3.381347656249972,-12.826772836538025,0.02994160344050481,-0.0017164963942301033,3.934889573317245,-275.35306490386523,0.26057613431490384,0.22974196213942347,5.169771634615507,-1261.6436298077374,0.020129741962139416,0.0005962665264425121,-0.2089280348556429,51.804762620177726,0.26057613431490384,0.22974196213942347,5.169771634615507,-1261.6436298077374,0.020129741962139416,0.0005962665264425121,-0.2089280348556429,51.804762620177726,0.3240703594501202,0.010407635028545668,0.2856212552584135,0.009014002403846153,0.3042470358824118,0.023487473707932693,0.26057613431490384,0.020129741962139416,60.62816445787086,82.30768545319182,135.96236837564146,114.28284738032052,112.43326536420001,83.54731786818863,51.313056505490046,156.08237072398288,168.5851560029157,51.97105868813403,139.80746614358227,178.66250584141454,158.3499596947757,157.8614891276684,30.67253218725405,3.5904755211724337,175.92720940768356,173.14095694282028,179.27871844078064,5.655446426816354,17.225628950030988,-2.966721367546607,30.954192191807213,51.146542509384794,-8.200861928561391,3.6291363738628815,-3.9974900381261356,7.780449555541573,-8.354685072113892,-0.9217079557664479,0.9417133900150079,1.401345672696673,2.2187390255517396,-0.2822199241466092,-0.5551788629571281,1.2444903375693397,3.3307065036715735,4.25101608745457,0.3582831342630929,-0.034102380476734556,-1113.3772784451394,-291.60711833788383,1145.505334734407,323.73517462715466,-96.34973095891768,344.79790988256985,97.00096019961117,-384.8952300984447,536.3424488224878,103.51503144502709,-116.39006663347809,-149.01994458590613,-189.94605634587512,-219.2635901409897,273.0647370893986,-219.90968605304826,257.79101913327065,-240.19103761373688,-112.74563040087207,217.86541635048272
129,swing,stance,0.645,0.32344602614182694,0.24877929687499556,-4.830228365385038,-936.1478365383343,0.020116445688100962,-0.010061410757211666,-3.43843900240392,159.22663762019076,0.31837094350961537,0.27085336538461546,-16.79856520432618,1849.4591346153668,0.010470552884615375,-0.09863093449519181,-0.20357572115367575,-372.0421424278908,0.3301401742788462,0.29086538461538497,-21.44794170673088,6283.052884615376,0.006432485727163456,0.03383413461538473,-4.170579176682724,-402.90715144231007,0.33096315354567307,0.4584773137019212,-27.24759615384593,3542.292668269266,0.005093261718749992,0.045891864483173186,-9.524489182692175,23.099459134617796,0.2881466346153846,0.1741624098557713,0.7767427884619587,378.5494290864382,0.023384925255408653,0.0,0.7296048677885013,-147.0196063702019,0.2928074669471154,0.08176081730769107,-4.8623422475968425,409.4426081731039,0.011596482496995186,-0.04778771033653868,0.7804048978365938,329.5898437500047,0.27670725661057693,0.04248234675480741,1.048302283653267,107.96649639427359,0.007407573993389427,0.012872783954327715,-1.2872783954327702,516.7987530047811,0.2844221003605769,0.028395432692307463,1.1046424278848814,-254.65745192310084,0.0018584735576923084,0.013593937800480948,-2.6778470552885025,431.3495342548035,0.28828472430889424,0.018357496995191607,0.08864182692303038,-236.10276442304,0.0009442608173076961,0.0057776817908652914,1.8541541466345035,-150.69110576922077,0.3473382286658654,0.17466571514422863,2.116511418269183,-182.7674278845331,0.004889216496394233,0.0,6.944767878605667,539.2315204326827,0.3311547100360577,0.10953275240384576,26.210937500000206,1953.7259615384723,0.02488478440504807,0.016479492187500264,0.6525127704327938,25.456355168262867,0.31511275540865386,0.14762244591346438,9.043532151442031,317.9649939903375,0.028450317382812493,0.012263371394230494,-0.03643329326910579,-183.42472956729645,0.29645224233774037,0.18378342848557866,4.937086838942554,-248.96709735583374,0.032673753004807696,-0.004948542668269103,2.5335223858172173,-414.6259014423104,0.2779532001201923,0.17672025240384454,0.6721379206731098,621.2815504807995,0.02994160344050481,0.0017164963942301033,0.6664100060095589,-334.52899639421685,0.2617306941105769,0.21096942608173055,-2.1578275240385896,-814.3028846153676,0.02013570462740384,0.0005962665264425121,-0.05962665264425116,662.9920372595976,0.2617306941105769,0.21096942608173055,-2.1578275240385896,-814.3028846153676,0.02013570462740384,0.0005962665264425121,-0.05962665264425116,662.9920372595976,0.3257300743689904,0.010528186504657446,0.2860736365685096,0.009038343224158654,0.3049569717798477,0.02349589655949519,0.2617306941105769,0.02013570462740384,62.249381610846505,81.18666814864783,140.50882249900354,121.5715359612022,111.57250595399746,83.01122263630471,50.31027939551203,157.58928249803486,166.6841666967553,51.01483945087429,141.51619474149933,179.77813495055912,158.84574077180545,157.24996586682906,31.151394119550982,3.633684504224443,177.9262692696593,175.7186647348351,179.34428985545867,6.496999183589956,9.280053738021179,-4.885300587778292,28.70258336282123,42.86793768862072,-8.72580553007786,5.09020101109618,-3.161898966952534,3.7937232470769597,-4.267428799106106,0.6223279599407378,-1.0659614700525557,0.10944709631530704,1.1240275617313324,-1.1238664603807171,0.5529195050764764,-0.059767530000608776,4.2116219550131415,1.955596594528684,-1.0394727656857219,0.6669555459062637,-1165.7782575817591,-183.42142654055058,-1406.2293712907544,-2388.586202331959,8.47532056339481,75.26054604844556,191.89236215077142,-600.5647092875977,492.40821374865993,264.4587618385625,-394.0679590173028,-247.20677618211573,-196.89397506598783,95.46577441506426,-16.16937835242523,-118.42673153324296,-61.93245014136192,-513.9027235001982,-282.71798058160994,46.1868483567699
130,swing,stance,0.65,0.32473058143028843,0.18992638221153585,-5.9667968749993365,848.1445312500923,0.020015831580528845,-0.02432297926682756,-0.4200157752404225,536.3393930288687,0.31963822115384616,0.21192908653846468,-3.3240685096153046,2494.459885817195,0.00969005408653846,-0.1129366361177871,2.107778695913384,147.3106971153489,0.3311133563701923,0.36161733774038274,9.543269230769521,2024.789663461529,0.0065324988731971095,0.010001314603365332,-4.383544921875003,217.0316256009657,0.3334890324519231,0.3847994290865405,-7.312950721153887,3360.914963942243,0.0051024921123798,0.015260667067308595,-3.155423677884539,757.8970102163192,0.2889503455528846,0.18468487079327228,1.3531024639418232,-521.1087740385462,0.023384925255408653,0.0,0.18657977764416322,1.671424278842913,0.29283497971754807,0.048995267427881475,4.329364483173218,1284.5552884616604,0.01125958721454326,-0.03672156700721126,3.3284818209135203,162.41924579325726,0.27687323467548075,0.04260066105769008,0.6554236778849575,830.8105468751137,0.007407573993389427,0.0,3.753004807692106,728.4592848557628,0.2845676081730769,0.02489107572115621,0.11061448317306555,-167.1236478366085,0.001860454852764426,0.0024611253004805356,1.2618314302884046,788.5554387019301,0.2883316932091346,0.014547025240385635,-0.8507361778842243,-76.50991586538572,0.001002037635216349,0.0057776817908652914,-0.5777681790865287,-121.54447115383904,0.34843190354567305,0.17098482572115423,-0.20808293269169978,-198.35486778846382,0.004889216496394233,0.029310960036056627,9.460167518028761,1020.3951322115659,0.33214205228365384,0.330972055288464,18.84953425480781,-4859.863281250031,0.025049579326923074,0.016479492187500264,0.2398212139423367,116.67104867786574,0.3158747746394231,0.19885066105769217,3.729717548076599,-1789.1188401442057,0.028478891225961533,0.009041654146635372,-0.6079101562499178,-23.587740384633992,0.297494140625,0.22133601262019334,-2.280649038461919,-1406.8697415865436,0.032673753004807696,0.0,1.7416616586538007,32.282902644231655,0.2788864558293269,0.21180138221154035,2.8314678485580282,-433.25570913466004,0.02995876840444711,0.004947603665865492,0.5895996093750734,-21.08999399039185,0.26268582857572115,0.20816368689903755,-2.9732572115381775,-312.68780048071426,0.02013570462740384,0.0,6.420992337740339,1037.1469350961531,0.26268582857572115,0.20816368689903755,-2.9732572115381775,-312.68780048071426,0.02013570462740384,0.0,6.420992337740339,1037.1469350961531,0.32724279785156246,0.010335219163161054,0.286311572265625,0.008982915790264423,0.305919192583133,0.02353098551432291,0.26268582857572115,0.02013570462740384,63.7488826762568,79.13392096996739,164.33975727658623,148.95471898287565,107.76406959334535,85.80357729952077,49.35668241120511,157.0578255444448,167.1531389372162,51.061310624212446,140.84293455129944,179.0482815020552,158.84277920490842,157.07121156405861,31.230045557576315,3.6962835983025464,178.16989741797602,175.17091822764098,179.43452030994678,7.260742478690796,5.567846374213387,-4.800935632952115,16.891898478899655,27.26068048606518,-8.116108722927443,4.381741834347338,-2.0785664166184197,1.7748024626655907,-3.4306029346272884,1.7228796626191796,-2.9989662001580237,-1.0707220891244864,0.2497992748918596,0.6724378200040343,-0.7168726464813806,0.06022302223690901,2.711382002257954,-0.8880111475474176,-2.468896671553009,0.4277661030909648,-277.9963272101366,229.0317950972205,-1928.731307447743,-2435.7594297551022,289.7934152640453,-299.72099879965685,371.51076142148565,-169.9085442162126,-211.5298007408791,-49.009741854268896,-92.90097610445063,-238.03724437818596,-208.2622785344764,432.5202443523494,-320.3844922373328,93.89910771741938,-366.13835870244964,-503.6303575078529,-176.10670822710583,-37.82453918549735
131,swing,stance,0.655,0.3253452899639423,0.18911132812500214,3.651216947115892,717.0222355768457,0.019873215895432686,-0.014261568509615895,1.924954927884772,184.61726262020093,0.320490234375,0.23761268028846239,8.146033653845793,857.1589543268622,0.009341186523437503,-0.07755314753605795,1.2695312499998144,-78.73535156248379,0.33375634765625,0.38629807692308027,-1.200045072115573,-1420.8608774039474,0.0065324988731971095,-0.010001314603365332,-2.0002629206730647,851.2150691105786,0.3348111478365385,0.38534780649038225,6.361553485576532,-10.704627403823599,0.005245868389423078,0.01433762770432777,-1.9455190805289755,28.789813701898723,0.2899934833233173,0.18769343449518955,-4.434344951923509,-509.7468449518072,0.023384925255408653,0.0018657977764416338,0.7463191105769305,70.18103966348313,0.2932974196213942,0.12505446213942328,7.983210637019774,-745.0608473557587,0.011229266826923073,-0.014502892127403454,2.4045973557691678,-199.86666165866478,0.27713326322115384,0.04903658353365699,9.356407752404412,874.8309795672512,0.007407573993389427,0.050402832031248804,5.997314453124864,-238.83526141822654,0.2846710111177885,0.02950157752403812,-0.5665940504812053,-255.37109374995578,0.0018830848106971138,0.026212252103365006,5.207707331730806,139.7235576923169,0.2884301945612981,0.009850135216349356,-0.6764573317308276,129.69501201914832,0.001002037635216349,0.0,0.638709435096112,196.85246394229807,0.34904807692307693,0.17258488581731163,0.1329627403845428,-279.9353966347332,0.0051823260967548,0.0946016751802877,17.148719200721334,-531.7570612980562,0.3344644305889423,0.298028094951924,-22.387695312500142,-3595.552884615429,0.025049579326923074,0.018877704326923633,1.8192232572114522,-54.81896033655826,0.3171012620192308,0.1849196213942304,-8.847656250000043,-905.0105168268959,0.028540733924278847,0.00618426983173131,-0.2723106971154459,62.13378906248773,0.2986656024639423,0.16097693810095945,-9.131610576922894,409.818209134659,0.032673753004807696,0.012468073918268919,2.856351412259534,12.85494290866046,0.2800712139423077,0.20503493088942484,-3.660419170673495,-504.3194110577727,0.029991079477163465,0.007612492487980842,0.4555100661056402,7.34299879806553,0.2638123309795673,0.18123685396634875,-5.284705528845735,99.77839543262573,0.02013570462740384,0.06480618990384596,10.311842698317289,-896.5313251201844,0.2638123309795673,0.18123685396634875,-5.284705528845735,99.77839543262573,0.02013570462740384,0.06480618990384596,10.311842698317289,-896.5313251201844,0.32860075495793273,0.010248192420372594,0.2867050743689904,0.008981377704326924,0.3071938194861779,0.023595529409555286,0.2638123309795673,0.02013570462740384,65.25124036196952,77.20531579485845,141.29952168669814,129.3454462538092,105.20578078663608,88.09639514178212,49.54022953103397,156.9523917663595,166.80955463102472,53.71930225204838,137.64938359161698,178.73269470218537,159.15440608908702,156.98731775082706,31.22228501860596,2.8594025211417744,179.84553101927744,173.48584535189602,177.07101890730166,6.290107095824878,6.50009046591981,-2.5949826368060847,9.415270288343782,18.51034339106968,-5.827871377437405,2.092991023099609,0.5532086472623261,2.094637804914832,-6.382726806514899,0.13223054139804835,-1.9949712310970629,-2.2709253474665547,-0.9585952236134334,3.201335983142781,-2.6509254172968544,0.879223547173586,0.550238367988642,-3.0807069805498495,-2.800539847956782,0.28871015405128986,211.51911781995344,490.80237451894294,-1725.96832116709,-2005.2515778660816,447.9968625737509,-484.7537617881784,563.0183484141594,-7.788948333553584,-591.9862992950299,-437.2535769521061,430.29696473198356,-137.15972898474124,-232.24626339792349,356.63762232275013,-254.59447568945754,118.02457598131666,-442.3015013194435,-259.50099067447894,243.0496628392027,214.0488119182316
132,swing,stance,0.66,0.32662169471153846,0.2264385516826948,1.2034254807691258,-795.8233173077625,0.019873215895432686,-0.005073429987979823,1.4261568509615883,-29.024564302912356,0.3220143479567308,0.2933894230769227,5.247521033653325,-1037.9356971153522,0.00891452261117788,-0.10024132361778895,1.3204251802885454,807.7204777644489,0.3349763371394231,0.349616887019227,-4.665339543269965,-530.4987980768157,0.006432485727163456,-0.010001314603365332,4.1286057692307905,244.27208533653257,0.3373425105168269,0.4484149639423059,-7.419996995192123,-2230.0180288460865,0.005245868389423078,-0.004194523737981178,-2.8675255408655516,133.63882211540854,0.2908272798978365,0.14034142127403715,-3.7443659855762528,1079.8903245192691,0.02340358323317307,0.007463191105769311,0.8883901742789951,149.67698317307168,0.2940855243389423,0.1288273737980793,-3.121243990384376,-696.0449218750811,0.011114558293269225,-0.012675593449519563,1.3298152043268707,-113.70380108172117,0.2773636005108173,0.13616473858173428,9.403733473557478,-1191.2747896635735,0.007911602313701915,0.05997314453124869,1.3646521935098384,-90.66068209132007,0.2848626239483173,0.019225135216344152,-2.4430964543264944,101.7127403846738,0.0021225773737980763,0.05453819861778864,2.6590670072115747,-646.0618239182824,0.2884301945612981,0.007782451923077353,0.44621394230726014,195.3500600961328,0.001002037635216349,0.012164776141826417,1.390756460336454,123.92953725962019,0.35015775240384617,0.17231445312499966,-3.0074368990390346,94.68900240383616,0.005835233248197111,0.20079815204327012,4.142596905048195,-3694.6927584134887,0.3351223332331731,0.10709510216346242,-17.10599459134651,2689.6784855768783,0.02523835637019231,0.0346717247596148,-0.30836838942324635,-482.7129657451733,0.3177239708533654,0.11037409855769166,-5.320387620192369,2071.927584134598,0.028540733924278847,0.00631854717548091,0.01342773437496002,-35.954402043264416,0.2991039100060096,0.13001990685096432,1.8175330528846745,1823.8619290864517,0.032798433743990385,0.028563514122595366,1.8702110877404055,-322.54732572113613,0.28093680513822117,0.17519719050480537,-2.211726262019704,698.8243689904343,0.03003489332932692,0.009502704326921898,0.6630295973557288,-46.14257812497734,0.26449819711538464,0.15531663161058015,-1.9754732572119194,623.1783353364256,0.0207837665264423,0.10311842698317299,-2.544320913461513,-2021.2777944711518,0.26449819711538464,0.15531663161058015,-1.9754732572119194,623.1783353364256,0.0207837665264423,0.10311842698317299,-2.544320913461513,-2021.2777944711518,0.3302387225811298,0.010116523155799275,0.2871138446514423,0.009110871769831727,0.307923828125,0.023871902857071314,0.26449819711538464,0.0207837665264423,67.19672865333719,78.03683732251743,164.20670391207904,153.36659524289882,104.8494272547698,85.99380478343161,48.510313876672114,159.7699221730632,162.5629959884661,52.22800788527001,138.5194341083214,177.8675103876404,158.47066770279605,159.27997271580662,29.369427975446357,4.468273254366023,178.6684700193788,173.8473975983083,177.30826860892105,6.597614284357545,7.683037552412923,0.10708811223731897,-0.3677847327712588,7.208164707404346,-3.6361400971899296,-0.4657957835344502,3.5516170675231797,1.6969129793300548,-9.350465927577591,-2.6496561069018854,1.3040034471618156,-2.4423193789719,-2.072663359087377,4.238814043231539,-3.2628174033759585,1.2404687820500766,-1.7116330109364848,-3.4830210542922093,-0.038400043160979856,2.5682542222732825,161.41825408445752,570.574018002027,-1001.386038824224,-1410.541802741789,207.00414389020779,-316.28556764629445,555.1830690534289,-536.0355144401109,-128.42897836941228,-377.483616393201,515.2352719441202,30.884275465736728,-153.0508997822852,27.22698645129189,18.956533245803026,-73.87660443090304,-333.3014769269121,-73.93279404550574,517.3264815057878,505.62768447606567
133,swing,stance,0.665,0.32760967548076925,0.2011455829326934,-4.30701622596174,-337.1394230769481,0.019822481595552888,0.0,1.6347092848556481,-71.8806340144205,0.32342412860576925,0.2900878906249957,-2.2333233173077374,-754.1316105768001,0.008338773287259613,-0.06434889573317248,9.34673602764431,511.4464393028693,0.3372525165264423,0.3396446814903806,-6.505033052883735,364.708533654,0.006432485727163456,0.03128474308894261,0.44245793269226324,-1094.3227914663566,0.33929529747596154,0.31114783653846095,-15.938626802884356,1208.7214543269297,0.005203923152043266,-0.01433762770432777,-0.609130859374889,426.86110276444924,0.2913968975360577,0.150249774639427,6.364558293269193,1359.5815805287311,0.023459557166466347,0.010749699519231593,2.2430889423076485,51.081730769203425,0.294585693359375,0.0938420222355795,1.0227614182689573,871.7698317307043,0.011102510892427878,-0.0012047400841347356,1.267559344951955,-120.93411959133962,0.2784949106069712,0.14307391826923185,-2.556340144231336,-455.1532451923509,0.008007305438701914,0.0640493539663472,5.090707632211663,-74.0497295673434,0.2848632624699519,0.005070612980773155,0.4505333533655335,623.7792968749028,0.0024284667968750007,0.05280292217548078,-1.2529109074520237,-539.6728515625045,0.28850801908052887,0.014312274639421961,1.2770432692305023,163.79957932699492,0.0011236853966346133,0.013907564603364552,1.878004807692315,201.84795673078239,0.35077122145432693,0.14251051682692126,1.0798527644229052,946.3641826923915,0.0071903076171875024,0.13602764423076968,-19.798208383413584,-1433.978740985591,0.33553538161057694,0.12696814903845877,4.509089543268666,2441.256009615471,0.025396296574519223,0.015794020432691167,-3.007906400240285,-81.1767578124676,0.3182050030048077,0.13171574519230667,11.871619591345953,2122.52103365384,0.028603919396033656,0.00631854717548091,-0.6318547175480904,-194.46739783654468,0.29996580153245195,0.1791522686298062,9.107008713941639,685.7346754807743,0.03295938814603365,0.03117018479567299,-0.3691218449518301,-237.9619891827022,0.2818231858473558,0.18291766826922778,3.327824519230854,622.1829927885431,0.030086106520432684,0.014242788461538135,-0.005915715144133577,-171.2458683894159,0.2653654972956731,0.16148212139422954,0.9470778245185265,461.8952824519393,0.021166888897235572,0.0393629807692308,-9.900935246394248,-108.61440805288969,0.2653654972956731,0.16148212139422954,0.9470778245185265,461.8952824519393,0.021166888897235572,0.0393629807692308,-9.900935246394248,-108.61440805288969,0.33189540452223554,0.009949415940504806,0.28756975661057693,0.00922430513822115,0.30861101512419875,0.024233817858573713,0.2653654972956731,0.021166888897235572,69.974368138279,77.82330520613625,156.8255333784213,148.97659631056408,104.46977528840533,86.41858171786514,52.1075435503932,158.47760304432143,160.30321041155582,50.07542974816188,140.4105922307209,177.05547292500052,157.57014845668428,160.54389593420441,28.455406555228937,4.372968803208006,178.373486754614,171.74684012710782,176.65676814710034,7.6563835778145295,8.114273006764387,3.1107575432141905,-0.5985900998984656,4.404925363651776,-3.757829938535325,-1.0698646533633385,6.10503933779662,-3.2657173394862817,-7.667016590209023,-3.6426056225339645,3.157381488344144,-1.9620825928091872,-2.489104221436287,3.4736058476557,-2.461360084838824,0.14045750286455483,-2.782776401280482,-3.8200349210049076,2.372724967101101,5.344986998811951,6.218427758917228,571.7582171713266,-280.4610147594073,-846.0008041718166,-235.75742609035234,171.76386443807448,551.3286532528261,-1318.8212286916844,703.4990137865714,78.29248181119395,57.5070033374646,88.09570809086937,-32.28862311538176,-228.6721050897352,213.25695114731607,-313.1096910269382,-84.3531701941512,-224.53953883692935,185.0284599804205,392.44834122653145
134,swing,stance,0.67,0.3286331505408654,0.18336838942307737,-2.167968750000358,860.8022836538145,0.019873215895432686,0.011273662860576673,0.7073505108173826,-210.59006911056056,0.32491522686298074,0.2710561899038453,-2.293795072114683,334.773137019238,0.008271033653846155,-0.006773963341345773,6.434889573317243,-561.7863581730956,0.3383727839543269,0.2845665564903896,-1.0182542067299618,557.917668269069,0.0067453331580528825,-0.005576735276442696,-6.814622145432786,11.521559495200579,0.3404539888822115,0.2890286959134622,4.667217548077186,1688.0634014422817,0.0051024921123798,-0.010285832331730074,1.4010854867789444,157.70545372593938,0.2923297776442308,0.20398700420672913,9.851449819711071,-363.8258713942173,0.023511080228365386,0.029894080528845818,1.3992074819710298,-472.8346604567211,0.2950239445612981,0.13905498798076887,5.596454326922673,-838.6230468749847,0.011102510892427878,0.0,0.12047400841347344,-142.2964242788479,0.27879433969350964,0.1106013371394209,4.852201021633966,1147.4609375000637,0.008552095853365388,0.11088022085336537,0.6241548978364037,-1222.0365084134705,0.284913330078125,0.02373046874999949,3.7946965144225397,-39.419320913447365,0.0026506065955528846,0.042009089543268395,-2.7376615084134754,-55.05371093747482,0.2885733173076923,0.020552884615382388,2.0842097355772107,-121.92007211531097,0.0011411132812499947,0.030944824218749584,3.4092360276442797,-196.05431189903493,0.3515828575721154,0.18311298076922872,6.456204927884889,679.8377403846572,0.007195509690504809,0.0028160682091341012,-10.197190504807729,2716.317983774051,0.3363920147235577,0.15218599759614912,7.306565504808225,340.4071514424559,0.025396296574519223,0.004592660757211926,-1.120135967547923,340.74519230768624,0.31904112830528847,0.22909029447115128,15.904822716346048,-980.2433894230388,0.028603919396033656,0.0,-1.9312462439904885,89.81557992787636,0.3008954326923077,0.2210899939903808,8.674879807692424,-596.942608172944,0.033110135591947115,0.024872295673077062,-0.5094088040866188,77.85268930286783,0.28276598182091345,0.20847543569711394,4.010103665865732,-99.38401442305356,0.0301773212139423,0.009443547175480562,-1.049429086538432,475.20094651441616,0.26611301832932693,0.16478740985576543,2.6434795673074776,234.07451923090835,0.02117739633413461,0.004109074519230423,-3.630464993990411,918.4194711538531,0.26611301832932693,0.16478740985576543,2.6434795673074776,234.07451923090835,0.02117739633413461,0.004109074519230423,-3.630464993990411,918.4194711538531,0.33309378756009617,0.00999801870492788,0.28792694185697115,0.009391481370192306,0.30946507224058495,0.02427676313351362,0.26611301832932693,0.02117739633413461,72.23192366776084,78.70000246470624,148.18157019614878,141.71349139920338,102.25001065295795,86.68074674809235,52.89414844431711,158.44939282398036,157.58721613275287,50.15075976550268,140.32314273198193,176.52746550009704,156.86439095249764,160.80061802521973,28.38855402489504,4.314926091112407,176.69986125458152,170.9230512614446,179.7827662579608,10.308969826288529,7.745221830002095,5.8246702839505895,-3.172394880365334,-1.251843334313828,-5.993714358093455,1.2518428608462961,9.064903600051446,-11.4912993075868,-2.3154757897118716,-1.8667312887899452,1.8790734805364622,-1.5613622980632056,-2.395549590241195,1.952092992334185,-1.1302478919027958,-1.8906281282193083,-2.5551647128779975,-5.728416442661505,1.811884556643227,6.4927376345386,-196.01171511738755,440.48941533860216,894.123653764723,257.62252330872434,-501.9285061866321,567.3893489198923,628.0090266738947,-1426.9502322659844,864.4020483253483,203.52670921741498,-142.57081677365034,67.24204308556457,111.9434676224882,-358.29129349200286,252.63397651131845,-341.3411378550025,181.29331058134713,-171.73427852704893,-308.6557594193445,55.345306277995164
135,swing,stance,0.675,0.329443359375,0.17946589543268981,4.301006610576413,658.052884615455,0.019935218224158655,0.007073505108173833,-0.4711914062499592,-79.60862379809122,0.3261346905048077,0.26714993990384883,1.1144080528846458,471.67968749989103,0.008271033653846155,0.0,3.7288724459133493,-338.3413461538467,0.3400981820913462,0.32946213942308095,-0.9258563701930392,-260.3665865386069,0.006376718374399029,-0.0368614783653853,0.5576735276442691,635.3853665865672,0.34218558443509617,0.35782001201923286,0.942007211538475,-1393.892728365427,0.005101064828725965,-0.0003267728365383135,0.9679236778845062,-364.6803635817393,0.293436767578125,0.2487642728365378,2.726299579327016,-2296.086237980715,0.023758497971754805,0.024741774338941903,-2.4852576622595666,-218.16781850959808,0.2959762432391827,0.14980656550480628,-7.363469050480896,-1880.8405949518553,0.011102510892427878,0.0,-0.15540489783652495,262.18825120193014,0.2796009239783654,0.19159592848557155,8.918269230769312,-1100.492037259479,0.009116107647235569,0.07029090294471124,-7.1296574519230544,196.2890625000068,0.2851005671574519,0.04301757812499858,0.05634014423105955,-809.6454326922387,0.002848557692307685,0.025426307091346,-1.8034480168267724,384.7844050480765,0.2887135479266827,0.035154371995194084,0.05784254807739137,-559.9646935096611,0.0014331336388221094,0.04799992487980738,-0.08253831129803595,-587.3929537259638,0.3526023512620192,0.2070725661057702,7.878230168269483,-165.26442307696007,0.0072184682992788435,0.03405573918269231,7.364971454326949,1431.612454927882,0.33705724158653844,0.2000338040865411,7.9131610576932285,-970.7031250000807,0.025442223182091342,0.004592660757211926,0.3995455228365801,814.78177584132,0.3204959059495192,0.2907639723557673,2.0691856971155564,-2399.1887019230094,0.028603919396033656,-0.012993915264423993,0.2663010817306739,513.3995643029062,0.30217670147235576,0.2659010667067305,3.1375826322121934,-2200.420673076903,0.03320811110276442,0.026076096754806797,0.4094050480768489,56.49038461540122,0.2839079402043269,0.22301870492788514,2.3339843750003175,-299.44786658658774,0.03018054199218749,0.003748497596153807,4.746093750000033,731.4453124999933,0.26701337139423076,0.18791691706730435,3.287823016827612,42.705829326972164,0.021207979642427877,0.0030583308293266583,-0.7167405348557075,205.35043569712357,0.26701337139423076,0.18791691706730435,3.287823016827612,42.705829326972164,0.021207979642427877,0.0030583308293266583,-0.7167405348557075,205.35043569712357,0.3344654541015625,0.009921008770282451,0.2885656099759616,0.00965176156850961,0.31054225197816504,0.024310207269130607,0.26701337139423076,0.021207979642427877,74.16345326068176,81.88914900210933,156.2957548111535,148.57005906972594,101.34596352026851,85.570491298483,55.65018459790168,152.6595664963847,158.60670372446515,49.535372513761125,141.27281397580208,176.70016804100715,156.48222783969052,161.43736108429295,27.972392627460472,3.2541783478479607,177.0308994904154,169.84403533177453,178.6749350550683,11.766107451420535,6.15415585559051,7.515651696600216,8.342646437748773,6.981150596739021,-8.77711500040165,4.60402883583559,12.385129604535573,-17.535219662146137,0.9770038930444693,-1.607338530359813,1.7316733206076391,-1.2896621619535409,-1.3696695452114038,-0.10930708726433193,0.0649796802743629,-3.2729538756854732,-0.9698432954670091,-5.537377706275398,-0.7138326270923472,5.898440061591903,-230.48783568759788,270.2143760764315,1391.0983775850225,890.3961658209907,-355.89644061712875,518.8673889632391,611.0061885525375,-768.6094748512926,320.57423464486976,-26.422295335896084,-80.90891245433147,-30.836494651915686,228.91024030589915,-406.5434565027363,254.1279293351668,-184.22736383304698,353.6931035096285,151.65190037778024,-279.78825707472623,-409.8510976860322
136,swing,stance,0.68,0.3304278094951923,0.22637845552884153,4.412560096154198,-698.2797475960627,0.019943950946514424,0.006561748798077077,-0.08873572716353012,131.93922776441568,0.32758672626201923,0.28220027043269175,2.4230018028842317,155.79927884612516,0.008271033653846155,0.030514761117787753,3.0514761117787725,-678.0348557692116,0.3416674053485577,0.2753079927884592,-3.621920072116033,1161.3581730769947,0.006376718374399029,0.0,-0.46076847956710815,-670.7575871394126,0.34403218900240384,0.29844876802884696,-9.271709735577097,223.82061298070707,0.005099224384014417,-0.0006065955528850026,-2.245718149038452,-321.87124399037003,0.2948174203725962,0.23124999999999932,-13.1094125600961,-1226.524939903825,0.023758497971754805,0.005041503906250129,-0.782470703124953,418.4852013221068,0.29652201021634617,0.06542029747595984,-13.211951622595896,291.31610576926744,0.011102510892427878,-0.001554048978365251,2.742356520432777,411.10464242788305,0.28071029897836536,0.1997840294471141,-6.152719350960834,-2250.6760817307345,0.009255004882812501,0.03958364633413477,2.5870455228364735,1414.8794320913391,0.285343505859375,0.024293870192310087,-4.301757812499854,-250.78876201928213,0.002904869666466345,0.023974609375000656,1.110182542067293,177.56535456728238,0.28892486102764425,0.021131310096156302,-3.5154371995194054,-288.33007812512005,0.0016211125300480689,0.030119441105769224,-2.4646935096153633,-172.62620192308404,0.3536535832331731,0.2618952824519236,4.803560697115287,-1425.893930288465,0.007536067082331732,0.07646578275240366,4.1189340444711044,-626.6808143028918,0.3383923527644231,0.23131760817308147,-2.4004657451925904,-2141.6766826924895,0.025442223182091342,0.008588115985577731,7.027681790865285,682.9740084134377,0.32194876802884614,0.24978215144230687,-8.087064302884068,-499.5117187500106,0.028473980243389416,0.0026630108173067413,3.202749399038579,160.0811298077122,0.303554443359375,0.25246582031250275,-13.329326923076623,-1481.3889723558864,0.03337089655949518,0.028966346153845555,0.055495042067393814,119.60073617790744,0.2849961688701923,0.23181527944711713,1.0156249999998526,-348.7454927885152,0.03021480618990384,0.05690448467548093,6.265024038461508,-754.2161207932643,0.2679921875,0.19766564002404158,3.0705378605771996,311.65489783641004,0.021207979642427877,-0.0030583308293266583,-1.5769606370191729,-183.10546874999952,0.2679921875,0.19766564002404158,3.0705378605771996,311.65489783641004,0.021207979642427877,-0.0030583308293266583,-1.5769606370191729,-183.10546874999952,0.3359285325270433,0.009922731839693506,0.2892636192908654,0.009728399188701919,0.3117562506260016,0.02437432548327323,0.2679921875,0.021207979642427877,76.3206991984858,83.98286425631339,159.2835373515316,151.62137229370398,97.67080293313501,88.99365457901604,60.54909436844047,145.83587017761008,160.27949296610046,49.55939038969034,140.88710175813117,175.53903117253768,155.44094188573644,161.74190825605254,27.909688882927153,2.3373133384555134,175.61905266331743,165.9037798299061,178.4045018427708,13.64808432909601,5.440343473126115,8.526814044714907,10.738588895484904,7.652118323896088,-9.552678764264746,6.440516750478692,15.174965485576827,-19.177394056099732,0.8902665567368288,-2.1309542421489063,1.0699843559931468,-1.8697272445823627,-0.10644718718220138,-2.113341572693182,1.4110314014488743,-3.7329017665497797,0.9817663222182906,-4.211897438883701,-0.9859980141040383,2.3942266576782756,4.3458417747777,217.6925197284026,-155.53881184513486,-368.88548979875526,-112.8311957254845,198.25446527618826,97.91113727192746,269.7244538776862,-282.2123215989109,-127.67790329557525,-66.14380617182546,-79.2047430465502,154.4356356097995,-321.70167778700903,281.88300859806566,37.08050300923757,264.5875183342512,371.50955691391306,221.40513219315724,-705.8805265397837
137,swing,stance,0.685,0.33170714393028844,0.22359149639423184,-2.6817908653842206,-1026.06670673083,0.020000835712139425,0.006186147836538531,0.8482008713941988,286.92157451923254,0.3289566932091346,0.29137995793269117,2.672400841345899,-893.066406249973,0.008576181265024033,0.030514761117787753,-3.0514761117787725,-618.2391826922827,0.3428512620192308,0.2932429387019206,10.687725360576918,1063.326322115474,0.006376718374399029,-0.04146916316105639,-6.149902343749863,176.57940204322776,0.34517007211538464,0.2651029146634618,3.1802133413455476,1735.614483173104,0.005094998873197115,-0.022783954326922852,-2.250788762019197,345.900315504812,0.295749267578125,0.11767014723557667,-9.538949819711245,2276.2920673076665,0.023808913010817306,0.016917067307692366,1.6995943509615052,10.695237379801338,0.2966304462139423,0.017687049278847216,-4.450307992788219,2309.3637319710974,0.011086970402644225,0.02742356520432779,3.9556415264423093,-548.4713040865549,0.28159876427283653,0.13006873497596316,-13.588491586538053,648.268479567225,0.009511944110576917,0.096161358173076,7.0191368689903495,-746.6008112980545,0.285343505859375,0.0,-2.451547475961764,301.7953725961134,0.0030883037860576917,0.03652813251201894,-0.027794471153946818,-335.61823918268254,0.28892486102764425,0.0,-2.8254582331738116,-28.97761418269018,0.001734328049879802,0.023352989783653723,-1.808800330528878,23.691030649045054,0.35522130408653846,0.25510817307692313,-6.380709134615181,-976.8629807692084,0.00798312612680288,0.07524507962740339,1.0981633112980258,-465.09728064902805,0.33937041766826925,0.17602914663461516,-13.503605769231685,-703.6508413461573,0.02552810434194712,0.07486947866586484,7.229285606970963,-1188.4390024038232,0.3229937274639423,0.20989332932692653,-2.9259314903845537,738.1685697114262,0.028630549504206723,0.019033578725961824,1.8671123798077973,-124.20184795675048,0.3047013596754808,0.13260779747596418,-11.676307091346683,2089.0174278845266,0.033497774564302876,0.026631047175480736,1.6054124098559244,69.20447716346462,0.2862260929987981,0.23317495492788368,-1.1534705528848377,-284.7618689903459,0.0307495868389423,0.06639873798076895,-2.7960674579326166,-1065.8240685096048,0.2689900277944712,0.21862229567307637,6.404371995191715,251.59630408655383,0.02117739633413461,-0.012711275540865085,-2.5477952223557043,-91.68419471154688,0.2689900277944712,0.21862229567307637,6.404371995191715,251.59630408655383,0.02117739633413461,-0.012711275540865085,-2.5477952223557043,-91.68419471154688,0.33717129281850966,0.0100121835561899,0.2896493689903846,0.009846091871995189,0.31291715494791666,0.02459442295172275,0.2689900277944712,0.02117739633413461,76.4638073172858,85.458897089695,160.06351914862418,151.06842937621497,93.96223363350886,92.01941651843873,65.7410672781424,140.95030330641794,159.29027956738722,47.90398770282288,142.82316038755837,175.8271412862302,156.63930899539906,159.41472066023815,29.045963540211734,0.7247882473319999,177.78725751729854,167.2480603944639,176.80804465795654,14.455940712210102,6.197614273338287,9.692576893884244,6.787258319297423,3.2922956987514653,-9.905426957656497,6.586573488597474,13.364240977254848,-14.837975123369272,-1.8451193229446423,-2.8841175633155665,1.070235258889384,-2.0817095924190436,0.1746868108865927,-3.3263238651344254,2.883809766255022,-2.9021488455930973,1.676031887875505,-1.8222821371362647,1.5002186948392269,-1.1603652038059398,128.86092413769228,100.46956118519228,-488.93515052642755,-460.5437875739274,135.60152173730492,-207.15574387533982,-220.72682977833222,656.4946685948656,-507.32206095456166,-144.98377200697772,141.861179869833,102.17831113686664,0.5385412567138185,-119.54438786970532,224.3067498869912,231.7601492836667,23.518744416826067,382.68094020044543,339.09310252006213,-576.0064903992172
138,swing,stance,0.69,0.3326637244591346,0.1995605468749993,-5.8481069711541105,670.7481971154297,0.02000581242487981,0.01504375751201907,2.780480018028798,57.09134615385717,0.33050052584134615,0.30892427884615076,-6.507662259615507,-582.5570913460177,0.008576181265024033,0.0,-3.130915715144061,297.20365084134795,0.3445998347355769,0.38218524639422846,7.0113431490387175,-2313.36388221142,0.005962026742788465,-0.06149902343749869,1.3050255408651712,1118.6617337740013,0.34668321814903846,0.33025090144230246,8.084435096153957,-773.4374999997981,0.004871384840745188,-0.023114483173076995,1.2132850060096712,251.67142427883792,0.29599412184495194,0.13586050180288678,9.653508112980585,2138.803335336554,0.02392766864483173,0.022037447415865198,-0.6755183293269396,-155.39550781248346,0.29669888070913464,0.02091721754807761,9.881685697115099,2037.0342548077026,0.011376746544471156,0.038002366286057875,-2.742356520432777,-1307.2697566105878,0.282010986328125,0.06389911358173345,0.3299654447114217,2671.5745192307045,0.010216618464543262,0.10977501502403832,-4.878962590144078,-1404.616135817287,0.285343505859375,-0.00022160456730757597,-1.2838040865387177,76.2845552884599,0.0032701509915865346,0.023696664663461188,-2.245999849759535,75.5239633413657,0.28892486102764425,-0.0071232722355818396,-3.8052133413463074,-100.71739783641273,0.0018546424278846063,0.012031437800480427,-2.2277832031249125,60.56565504808359,0.3562046649639423,0.19808819110577175,-4.965069110576807,493.351862980757,0.008288517878605767,0.08744741586538393,-0.5320387620191805,-704.608623798056,0.34015264423076924,0.0962815504807645,-9.43697415865417,2529.221754807894,0.02619091796874999,0.08088097205528742,-4.856708233172959,-1297.5229116586104,0.3240477013221154,0.2205228365384613,-0.7053786057697985,206.69320913468061,0.028664316030649034,0.02133413461538473,1.960730919471073,-137.1037409855857,0.3048805213341346,0.13570274939903582,7.560847355768659,2271.446814903981,0.03363720703124999,0.04502047025240481,0.7475398137020407,-427.64986478368604,0.28732791841947114,0.22028057391826875,-1.831993689903609,493.46454326931797,0.03087879356971153,0.02894381009615474,-4.393216646634549,79.89032451921793,0.27017841045673074,0.2617093599759588,5.58650090144274,-161.3018329325452,0.021080866887019226,-0.028536283052883724,-2.4938025841346425,335.5618990384336,0.27017841045673074,0.2617093599759588,5.58650090144274,-161.3018329325452,0.021080866887019226,-0.028536283052883724,-2.4938025841346425,335.5618990384336,0.338611825796274,0.009853851318359374,0.28979447115384616,0.010129165414663457,0.31379864345452724,0.024790103227664256,0.27017841045673074,0.021080866887019226,79.28283121450691,89.78676810077181,162.87208050779827,152.3681436215334,93.21389525261911,91.30225435870884,68.88711006148375,137.19514376973348,158.43389578011073,48.11930404412198,140.61196395252858,174.18666785621826,156.52434055979174,159.1906918657287,29.74036743404728,0.4279306948214128,177.631035229634,166.2793077890554,179.9548509105793,11.73450904597932,6.728952714503039,9.531509656566831,5.849237390220624,3.0466804481568106,-8.196663546891696,4.368959311725292,12.967697187793503,-12.61244737015107,-4.1829540528087925,-3.580791962218685,2.488596154691478,-0.8479441332136953,-0.10106177461506319,-3.308785451390236,3.6540989003187887,-1.4153002737131108,1.2169537663865515,-0.38508803687924387,2.404933011096586,-3.3658382463139014,-3.494206597158819,-206.66518756075467,-217.3522377688682,-14.181256805274543,249.0884979277315,-386.48577985680146,165.30555323420484,181.60898851061074,-484.31182367387663,40.20935662366268,137.1036108051846,205.5538938521325,-113.41591406468933,81.91911350658538,59.737726981380796,278.7717767952956,-318.02397776969417,38.935962420145685,-258.92241191991025,-435.69034567678364
139,swing,stance,0.695,0.33370274939903843,0.1651104266826907,4.025691105770082,1076.92307692315,0.020151273287259616,0.03399094801682653,1.419114332932771,-340.3602013221102,0.33204593599759613,0.22630333533653604,-3.1531700721142837,1728.2902644231349,0.008576181265024033,-0.000794396033652888,-0.0794396033652905,321.0355318509349,0.34667311448317306,0.3633563701923078,-12.4459134615373,-2946.514423077015,0.005761728140024042,-0.028418907752404663,5.036714993990159,-290.2080829326637,0.34847258112980767,0.34594726562500144,-4.554161658652441,-2090.895432692386,0.004863854041466345,-0.01065110426682613,0.26592548076918415,-221.81114783656636,0.29710787259615384,0.2142052283653826,11.849083533654316,-134.97220552880856,0.02402928748497596,0.010161884014422964,0.14563927283666928,404.1466346153885,0.2968396183894231,0.1165039062499983,15.920034555288826,-307.1101262018657,0.011466994065504804,0.0,-9.11705603966358,-203.29402043269997,0.28223775540865387,0.13336838942307738,13.127253605769017,-271.7472956730906,0.010609694260817301,0.04737173227163517,-7.027024489182531,973.0130709134448,0.28534128981370194,-0.01283804086538719,-1.6887019230771643,211.83894230775286,0.003325270432692304,0.014068134014423571,0.7274451622597108,602.4169921874862,0.28885362830528843,-0.038052133413463106,-3.83263221153794,568.6410757211906,0.0018546424278846063,0.0010751577524045755,-1.2031437800480416,193.84765624998073,0.3572021859975962,0.20545748197115501,-1.4471905048076066,261.7938701922561,0.008857600285456721,0.06992469200721158,-5.947922926682541,-439.7536057692513,0.3403332331730769,0.08165940504807338,11.788611778847278,2750.4882812501064,0.026336914062499994,0.0263023963341352,-5.745943509615152,598.2196514422869,0.3251989558293269,0.20283954326922854,-0.8589993990377457,175.59344951928603,0.02884389085036057,0.03864088792067257,0.49607496995193934,-217.6701472355601,0.30605838716947115,0.20821627103365084,11.038161057693145,-663.649338942192,0.033947979266826925,0.03410644531250115,-2.6710862379809397,45.57917668266102,0.2884288987379808,0.21485501802884757,3.781174879808346,-274.5455228365759,0.031039024939903848,0.022466571514423418,-1.9971642127404365,383.2538311298017,0.27160712139423077,0.2744873046875038,4.791353665866262,-486.3281250000995,0.020892033503605772,-0.03764930138221153,0.8078237680286346,608.9524489182799,0.27160712139423077,0.2744873046875038,4.791353665866262,-486.3281250000995,0.020892033503605772,-0.03764930138221153,0.8078237680286346,608.9524489182799,0.3402235952524038,0.009838259183443509,0.2900760329026443,0.010257177734374994,0.31480479705028047,0.02498624048477564,0.27160712139423077,0.020892033503605772,81.85423547203033,92.74555761641858,164.3736493397108,153.48232719532254,88.77669643231958,94.58337738927202,70.28360703663326,135.79569237158634,157.28077441337197,46.01802593940335,143.38755068401824,174.47433614280138,155.69909367564725,158.2710479116415,31.09861793209099,0.1751345803446018,177.89980352923712,166.33623510642565,179.70327197408716,11.68516186837968,6.162672207366699,7.625925018276695,4.613735941608739,3.1504831306987198,-7.414541978379179,2.721715690029456,15.017296509596898,-13.021885238263163,-6.6882375596834125,-2.4820239970789393,2.441271366941231,-0.026170653897716865,-0.9594723297603016,-2.507132730068571,3.4811870360688304,-0.11443107764013874,-1.5042078898214393,-1.4329225129348075,-1.0890054243598781,-5.51726866057378,-31.530095870940904,-85.35627386256738,484.51269739082267,538.3388753824514,109.22609479130995,-364.2638981916457,143.4733041858556,217.9614471241052,-616.472554710303,314.9017729363897,-153.12022534928565,123.08858894962312,-87.1276854174028,50.36103701628467,-1.9263102363584288,165.28765396470322,-414.9180311892988,-81.67824936794051,-817.6799598964892,-404.028848883563
140,swing,stance,0.7,0.3343148287259615,0.23981745793270015,4.921123798077398,-980.1682692309334,0.020345721905048075,0.029234900841346792,-0.6231219951923069,-64.41556490387232,0.3327635591947115,0.2773925781250079,10.775240384615858,147.3858173074896,0.008568237304687504,-0.0007943960336529057,0.0794396033652905,193.43449519228642,0.3482333984375,0.25772611177885535,-22.453801081731463,134.1271033651328,0.005677837665264418,-0.011131873497597049,-1.5970552884614677,-1027.6536207932547,0.3501426908052885,0.284709284855778,-12.82451923076992,-136.7563100963706,0.004764873798076927,-0.02045522836538515,-1.0048264723559948,-429.45274939903885,0.29813617412860577,0.25435133713943003,8.303786057692498,-1321.7961237982638,0.02402928748497596,0.023493840144231892,3.365948016826949,121.77922175477555,0.2978639197716346,0.180117563100966,6.810584435096439,-1146.3716947116477,0.011376746544471156,-0.053168194110578014,-4.775296724759778,709.2285156250446,0.28334467022235577,0.19517164963942374,-2.387507512019487,-2523.737980769239,0.010690335787259614,0.03950477013221294,4.851168118990378,979.7175480769098,0.28521512545072114,-0.017108623798079235,0.8345853365388127,339.9564302885159,0.0034108323317307704,0.030971116286058302,3.7781700721153326,-1.8498347355982054,0.2885443396935096,-0.04544959435096127,1.8811974158656037,790.5649038461383,0.001865394005408652,0.0,-0.2893066406251036,76.350285456732,0.35825923978365387,0.18361628605769567,-2.3471304086542437,501.2394831730276,0.008987764798677883,0.027968186598558473,-4.929574819711697,371.8825120192174,0.34096923828125,0.2141676682692374,18.06790865384692,-861.4783653848053,0.026453941932091343,0.023421536959135847,1.1254882812499152,613.0371093749658,0.3260760967548077,0.21193284254808384,1.0505558894230633,-105.09314903860056,0.02905072490985576,0.026294884314904128,-0.21597055288453032,235.99947415866419,0.30696268404447113,0.24608435997596736,0.9243539663467334,-1446.9088040867373,0.033978271484375,0.01830960787259539,1.2033315805286513,1424.6920072116036,0.2894764685997596,0.25809232271635224,-4.57744891826937,-1583.3270733174654,0.031103459284855764,0.008972167968750357,-0.5606783353365287,267.5875150240383,0.2729232835036058,0.30962289663462145,0.7232196514417409,-1321.664663461727,0.02070437387319711,-0.02045804537259737,3.5957219050481615,123.7980769231127,0.2729232835036058,0.30962289663462145,0.7232196514417409,-1321.664663461727,0.02070437387319711,-0.02045804537259737,3.5957219050481615,123.7980769231127,0.34136361929086534,0.009839167668269231,0.2906208458533654,0.01027451923076923,0.315777835161258,0.025046422713842147,0.2729232835036058,0.02070437387319711,82.49648877626501,93.07966200087388,165.0275056353377,154.4443324107288,88.76731331455551,93.93938159096999,78.29638417587667,129.3112810032258,155.09902972642303,45.290424150624894,144.6002931589605,175.4343277130858,156.2074448108219,157.19819775428073,32.13796783839776,0.45424503261876537,177.59829609167386,166.15368754031957,179.64304987306588,10.633413391801396,6.413651755793629,8.677946917941156,10.694364364128855,8.430069201981329,-7.104402598978595,0.7263203298088315,14.40243022965206,-10.432832898910016,-10.347679599911828,-0.431774232854785,0.9573939011986203,0.38294175628253696,-0.9723386287890919,-2.805175081227389,3.6348357979552044,0.23757626593392295,-2.9322265455064405,-1.2018705305586497,-5.771866587868314,-7.406126735149535,59.50497795525041,382.1173172386628,1134.922609974117,812.3102706907068,272.261296115034,-626.8760327536866,-563.6622406813179,721.3436627425388,-512.2961586998736,417.0325903742974,-389.2509582029237,-132.30981197057727,-307.4311146159366,163.49760798242022,-16.157937508424546,34.77883100772015,-126.03676057226821,112.79682511750495,-456.61305649614945,-197.70736330270435
141,swing,stance,0.705,0.3361009239783654,0.2143216646634636,-5.7759915865390425,-31.362680288537586,0.020443622295673078,0.027759728064903597,0.7749586838940614,125.95778245191977,0.33481986177884615,0.3340557391826923,-1.6793118990394191,-2330.5288461538858,0.008568237304687504,0.0,1.8549053485575324,192.43915264423248,0.34925037560096156,0.13881835937499798,-11.104642427886,2653.695913461638,0.0056504094050480735,-0.044389460637019,-5.239821213942169,-114.32354266828096,0.3513196739783654,0.21770207331730498,-5.921724759616118,843.8251201924021,0.004659301757812498,-0.020699368990385863,-4.028602013221113,-984.2435396634161,0.2996513859675481,0.29724308894230583,-1.368877704328041,-1330.2283653846148,0.024264225886418272,0.04382136418269174,1.363431490384399,-606.8021334134562,0.2986407940204327,0.18460975060096124,4.456317608172593,-695.3688401442747,0.010935312124399035,-0.04775296724759677,-2.0247708834132854,256.9955679086842,0.28418947190504806,0.10949331430288302,-12.110126201922835,108.62379807697283,0.011004741962139422,0.09588341346153792,2.770150991586359,-1047.3914513221073,0.28517020357572115,-0.004492187499999241,1.7108623798079219,411.2454927884228,0.0036349815955528803,0.05184983473557609,0.7089468149037291,-799.9924879807447,0.28839913236177883,-0.01924015925480747,4.073016826923276,4.281850961514141,0.0018546424278846063,-0.0018179086538463991,-0.4396409254807379,-50.95027043268341,0.3590383488581731,0.18198617788461308,3.5652043269225633,818.3969350962246,0.0091372821514423,0.02062894381009565,-2.229097806490446,286.6680438702132,0.3424749098557692,0.26233849158653877,3.173828124999409,-1804.9504206731144,0.026571129432091348,0.037557279146634114,0.3844275841343753,-473.8487830528727,0.3273182842548077,0.21334510216345895,-1.9099308894237288,-526.7803485576322,0.029106839693509606,0.036481182391827315,2.856069711538531,1233.0603966346052,0.30851923076923077,0.21745981069711798,-3.4309269831739178,415.56490384608543,0.034131075345552875,0.046139761117787406,11.575833834134793,780.7053786058013,0.29100982196514424,0.16908052884615485,-12.05209585336597,1298.8469050480633,0.03112874661959135,0.01685978816105825,0.678710937499889,-98.2478215144341,0.2747033503605769,0.2817195012019211,-8.425292968750727,-362.0981069710759,0.020687453049879803,-0.0016920823317306806,2.0458045372597353,-270.1603816105891,0.2747033503605769,0.2817195012019211,-8.425292968750727,-362.0981069710759,0.020687453049879803,-0.0016920823317306806,2.0458045372597353,-270.1603816105891,0.34287270883413457,0.009830392690805288,0.2912101975661058,0.010338780799278843,0.31717732434395035,0.025127087715344543,0.2747033503605769,0.020687453049879803,83.84300299566819,95.27400274250735,165.83852193834468,154.40752219150554,85.6641567000612,94.06057394837433,82.14462445464284,126.45119410923992,151.12891208455275,46.46658260583555,143.03106756028245,174.53449738889944,155.3069932927234,157.09777104832486,32.63208288173326,0.5017813757172335,175.2344537473472,164.91066827238637,175.24798325498972,6.073550105667793,6.75772198691919,11.447098190663242,15.962962041349668,11.273585837605616,-4.691929017228897,-3.5470446375072764,9.38067410278384,-5.80844861083793,-11.81119914668204,1.6883019066639455,-1.451238215087923,-1.3492687736034614,-4.033783475919602,-0.8721566502444037,3.3196076609845884,0.23335723243705533,-2.7645754955440944,-0.30495426175978196,-5.655135989321275,-7.4943422936007815,-220.93360235817812,220.99813098292367,16.951788243718354,-424.9799450973814,296.8519471054562,-487.240187772778,-1183.0658732860632,1165.2983866952604,-172.62075407650798,209.75577623359945,31.66516158930714,91.69865774458229,-523.0477037049367,503.07976785339923,-129.75434422678907,-7.550975200266112,187.9785972326404,217.95163868872487,301.3170036516123,330.7948363555068
142,swing,stance,0.71,0.33645804537259616,0.18205754206730967,4.6074969951920215,1331.0546874999939,0.02062331918569711,0.03698448768028741,0.636455829326892,-295.1378455528574,0.33610411658653844,0.2605994591346137,-12.53004807692302,-719.6890024037034,0.008568237304687504,0.017754657451922434,2.003831129807617,-48.54642427883085,0.34962158203125,0.14667968749999524,4.083158052884941,570.6505408655808,0.005233943058894228,-0.06353008563701878,-2.7402907151442784,-496.98580228367655,0.35231971153846153,0.22549203725961678,-4.3862680288458895,-941.6691706730555,0.004557880108173068,-0.06074124849759632,-10.847261868990163,-763.4277343749909,0.30110860501802883,0.2406625600961496,-4.998497596153663,473.933293269391,0.024467501126802876,0.03712815504807589,-2.702073317307619,-196.08248197112414,0.29971001727764424,0.22468073918269196,-0.14310396634631392,-912.6727764422603,0.010899216871995188,-0.07341590294471088,-2.2053410456729337,936.636117788436,0.2844396033653846,0.07407038762019529,-1.3012695312497577,1588.3976862980212,0.011649169921874994,0.06720628004807655,-5.622746394230705,-516.8081430288224,0.28517020357572115,0.0,4.947040264423044,1096.3604266826453,0.003929330679086532,0.0380605844350956,-4.221754807692122,-377.2348257211265,0.28835193810096155,-0.0047194260817284795,1.9240159254807452,293.5884915864942,0.001847214918870188,-0.004396409254807383,-0.7988093449519381,26.404747596145338,0.3600791015625,0.21926832932692134,5.83683894230801,-62.68780048070205,0.00919405423677884,0.005677208533653994,-2.062894381009563,-348.58586237979773,0.34359262319711537,0.2459059495192315,0.018404447115760707,-381.5730168269043,0.026829514723557685,0.027265812800479603,-3.6129995492788156,-204.7306941105274,0.3282095477764423,0.19283353365384653,-4.217247596153264,253.5306490385379,0.029415536733774034,0.054855581430289464,12.114633413461535,502.2536057692114,0.3091372821514423,0.21177509014422816,5.080003004807591,956.7307692309149,0.03443966909555288,0.1340679462139434,9.010385366586672,-2167.9124098558004,0.29116727388822117,0.13757136418269245,8.411020132211274,2484.4501201923226,0.03127205716646635,0.015759277343749253,-1.5431565504808704,-134.8689152643999,0.275740478515625,0.22536996694711411,-2.8977614182690212,544.0767728366443,0.020687453049879803,0.0,0.8941180889422681,273.5314002403708,0.275740478515625,0.22536996694711411,-2.8977614182690212,544.0767728366443,0.020687453049879803,0.0,0.8941180889422681,273.5314002403708,0.34362586388221156,0.009745844914362978,0.29175607346754806,0.010558486703725955,0.31798771784855767,0.025306380834334934,0.275740478515625,0.020687453049879803,88.31831899707814,102.17461497178039,179.78946618835477,165.93317021365255,84.11486643838033,93.07351048378436,81.78204665019452,128.6069232278968,146.79940704407338,46.92858214033745,142.61408597237173,174.78473500314965,155.24511395210106,155.54222794055755,34.45472499778188,0.5096474199635164,175.2562588425117,165.63901135542991,174.48903176775406,4.615926674799321,4.204315732211846,10.887928227770395,10.863882246566039,4.180269751007511,-4.13588312792403,-4.146081547918953,2.5717714967914174,1.2201509680425981,-12.07388714067691,1.6657835294812113,1.274045517091692,1.2999283337283607,-6.202815665838463,2.2256225973066073,2.3372923556873126,0.16206651393126176,-1.0524405731800348,0.9776458563286008,-2.7586965513521884,-4.0981783715944635,-833.9429149329509,-310.65633932578055,-1333.5116656256462,-1583.9748165866056,116.82855135663782,126.28018520350206,-1014.6408370007846,1244.9089908812084,12.840582679718427,-49.47590502398782,569.115118857021,665.0394381192049,-65.99804485917001,569.4019111269666,-358.0036419816284,-3.7653962304447863,431.93134582451813,304.51709998948695,744.8550646119697,829.7981445097827
143,swing,stance,0.715,0.3379214993990385,0.26039663461538387,7.534555288460908,-319.37349759614176,0.020813467172475952,0.03412428635817252,-2.176419771634515,-253.01419771632462,0.3374258563701923,0.208755258413462,-8.87620192307646,1044.921874999991,0.008745783879206728,0.02003831129807619,1.3694411057692235,140.1085486778943,0.3507171724759615,0.17964993990384742,-5.398137019230187,-1864.3329326923313,0.005015108548677885,-0.0717923677884618,-10.209679236778939,-475.09765624999125,0.35357459435096156,0.17383939302884605,-15.33841646634668,-974.1210937499995,0.004051889272836534,-0.1291719876802876,-11.662879356971029,1190.49541766823,0.3020580115685096,0.24725811298076916,3.370455228365873,75.32677283655877,0.024635507436899032,0.016800631009615527,-0.597393329326844,586.8483323317308,0.3008876014122596,0.1831787109374981,-4.6704101562500195,-94.97070312497452,0.010201153094951926,-0.06980637770432613,7.341590294471082,1032.0012019230498,0.28493017578125,0.09648061899038543,3.7738506610573923,757.3429987980363,0.011676804762620188,0.039655949519230814,-2.3979304387018696,235.78350360577082,0.28517020357572115,0.04497821514423124,12.674466646634386,490.10291466344694,0.004015587439903837,0.009632286658654834,-3.0634014423075397,411.0858623797692,0.28835193810096155,0.0,7.00890174278822,1041.053185096172,0.0018106783353365324,-0.009806002103365788,-0.17559344951928432,143.71431790866046,0.3612310321514423,0.24035456730769322,2.9383263221155422,-799.8046875000697,0.00919405423677884,0.0,-5.714956430288426,-463.90474759615165,0.34493396935096154,0.2625225360576964,-0.6419020432696371,170.14723557684488,0.026843787560096144,0.001427283653845922,-1.6628793569709004,453.3973106971277,0.32924661959134616,0.17117262620192628,0.6253756009616523,1286.8464543268028,0.0296553955078125,0.15762751652644277,7.878605769230649,-2787.7385066105776,0.31063698167067305,0.26825984074519393,6.136380709135239,-918.8138521635227,0.03547175480769231,0.1362436147836542,-10.103290264423231,-2263.474684495206,0.29238553560697117,0.25319073016826765,12.792405348557278,-5.483774038417084,0.03128633939302884,0.0014282226562495324,-0.6699782151441114,1073.8994891827085,0.27695705003004806,0.25274188701923084,-2.9845252403842784,16.225961538440522,0.020687453049879803,0.007249098557692007,4.781118539663446,443.2560847355814,0.27695705003004806,0.25274188701923084,-2.9845252403842784,16.225961538440522,0.020687453049879803,0.007249098557692007,4.781118539663446,443.2560847355814,0.3449097806490385,0.009656562218299275,0.2922795860877404,0.010467946213942304,0.31923186473357373,0.02552313075921474,0.27695705003004806,0.020687453049879803,87.64807372041412,103.32671706541738,177.0499993915999,161.37135604659662,85.36431139462937,89.35232787224732,82.92213561463092,126.51606241932616,145.27844123291965,47.28184516356283,142.8792631268279,172.80470666804942,149.72786147517397,158.42789087136651,34.48784603111824,0.5208437291247499,175.4898855372004,166.32673352701445,175.1368273365795,4.820823075890201,-1.5817071624103272,8.340534797405434,2.627845385093195,-4.566162328260455,-3.523643503662518,-2.2842427854722547,-0.7657342672240157,6.640641297974164,-11.682793319884855,1.1935428564240669,4.2399129734822925,5.301125607588593,-4.693763924511303,4.821862461025268,-0.2604287588316987,0.19570327013260744,1.5547379627010902,2.7402167381350906,1.7934146567984295,0.8036391514970521,-1049.177325520865,-370.14746307173874,-1499.7534852518797,-984.3079481611188,18.545946145593888,532.0071716775212,-301.83199315685084,683.9813750830791,168.40373589686897,39.75299887497224,140.147834596531,483.6190869852244,612.0914842960524,119.33894668930887,-427.71217747164,16.748276588116585,381.6451076915721,135.08953595351844,483.0501410732016,693.5001798658604
144,swing,stance,0.72,0.33906201171875,0.2574030949519188,1.4137620192306009,-1338.454026442167,0.020964562049278837,0.015220289963942243,-1.8936861478363567,216.2053034855804,0.33819166917067306,0.171837439903849,-2.0808293269231015,485.38912259604564,0.008768620417668266,0.03144906850961468,3.4049166165865614,-167.23632812498624,0.35141808143028846,0.09269831730769332,-14.560171274038387,-50.66856971158713,0.004516019381009609,-0.16562687800480827,-7.491267277644195,2316.368689903863,0.35405810546875,0.07210787259614986,-14.127478966345892,914.3254206732101,0.003266160231370191,-0.17737004206730672,1.0576923076921476,2709.4820462740045,0.3035811861478365,0.2743671123798084,-4.245229867788074,-1713.078425480792,0.024635507436899032,0.03115422175480745,3.1664100060096954,-78.69779146633927,0.3015418043870192,0.17797663762019172,-1.09281099759606,169.90309495190616,0.010201153094951926,0.0,8.114670973557573,-206.2424879807617,0.28540440955528845,0.11180889423076924,6.272160456730613,535.4567307692669,0.012045729417067302,0.043226975661057834,-3.264911358172995,596.8580979567165,0.28561998572716346,0.12674466646634397,9.848069411057518,-1613.487830528777,0.00402565354567308,0.007426570012020177,-0.1108961838944264,482.7693058893899,0.28835193810096155,0.06536959134615378,12.334547776442474,-693.340594951906,0.0017491548978365301,-0.006152343750000228,0.6383338341346678,44.85614483173961,0.36248264723557694,0.24865159254807678,-2.1612079326926943,-580.603966346181,0.00919405423677884,-0.05147235576923032,-6.701941856971083,224.50608473556446,0.34621784855769233,0.23948692908653513,1.719876802884211,139.38551682701723,0.026843787560096144,0.010637019230770586,0.9209735576924656,-162.1938852163908,0.32992127403846155,0.19908728966346306,8.651216947114776,313.47656249996913,0.030991811899038463,0.13364163912259602,-15.762751652644264,-3157.9120342547976,0.31181988055889426,0.2731388972355806,-4.108135516827643,-1941.6691706731722,0.03580210524338942,0.033035043569711015,-13.624361478365408,191.1808894231033,0.29369918118990385,0.26549541766826534,8.356182391827103,-929.4245793268184,0.03128633939302884,0.009059495192308134,9.195838341346224,939.3592247595982,0.2782678973858173,0.1955247145432713,-2.735501802884616,1164.8512620191475,0.020759944035456723,0.047811185396634495,5.326678936298086,-417.5649789663467,0.2782678973858173,0.1955247145432713,-2.735501802884616,1164.8512620191475,0.020759944035456723,0.047811185396634495,5.326678936298086,-417.5649789663467,0.34568246694711535,0.009378840519831726,0.2928998647836539,0.010531439678485573,0.32040145482772436,0.025813007061298073,0.2782678973858173,0.020759944035456723,85.9181044674049,103.74191773074178,172.4896662377426,154.66585297440574,81.95809918630498,91.52103844071227,81.9394225950343,131.34369771826883,140.19601731371415,47.33843256754801,146.9420205235226,179.39853064969907,151.1247218658661,159.69364137967744,34.29971431308497,0.7137544966710331,175.53385221087436,166.41807172847396,175.01235571098283,4.841890690054209,-6.287457522996815,7.186453597053005,-4.133652605952772,-5.662809730603685,-3.950423666468091,1.1739901688562637,-0.4465484347770939,8.059964718873395,-10.389849781708218,2.063313518230934,2.6755238630570033,6.136119203580609,-0.08190082287793381,3.419012064199697,-1.9398294190290915,0.32954927981242776,2.7640105037356895,2.3285412158637864,2.0718048593798315,2.8368234270641475,-521.8205568667046,-145.4649765249114,-544.6178254752299,586.9849143186012,97.24357625495044,355.4535849411338,398.0870042640976,-90.1955061428426,144.80566307481593,147.42966697820245,-656.5394726753603,-395.86512495070656,857.2419986192365,-629.6742628990903,-114.32305497370821,39.05029078276275,145.30563985927864,-168.72881348273665,-175.3145600612657,177.77018406351218
145,-,stance,0.725,0.3404955303485577,0.2745342548076899,-5.849984975960776,-1188.551682692271,0.020965670072115375,0.015187424879808939,-0.014366736778709243,37.494365985546374,0.3391442307692308,0.18794696514423098,-4.022310697115999,-834.4350961538271,0.009060274564302875,0.05408747746394183,-0.30292217548064043,-792.1142578124881,0.35164415564903845,0.034048227163463424,-5.904822716346059,1419.02043269226,0.003358839768629801,-0.14670504056490383,12.954007662259714,2124.774639423074,0.35429567307692306,0.032564603365386996,-6.195162259614572,1310.8849158653363,0.0022781888521634652,-0.11859506460336611,15.431941105769036,1002.6667668269456,0.3048016826923077,0.20480581430288838,-13.760329026442063,-26.367187500097764,0.024947049654447107,0.04846473106971251,-1.3843712439902374,-801.2883112980935,0.30266736778846154,0.1722506009615375,-2.9713792067309566,44.13311298079335,0.010201153094951926,0.011340332031249668,5.2791654146634635,188.16669170673654,0.2860482647235577,0.15920222355769162,9.128417968750066,522.1980168269569,0.012109074519230767,0.007006835937500838,3.5706505408652998,1461.9140624999682,0.2864376502403846,0.1434589092548065,-3.4604116586534004,-1414.7198016826694,0.0040898531400240384,0.008523324819710569,1.7642916165863636,273.63469050484184,0.2890056340144231,0.12334547776442484,0.0754957932691535,-1697.6412259616056,0.0017491548978365301,-0.003422663762019104,0.2729679987981122,122.4646935096132,0.3637175480769231,0.21874248798076626,-2.867713341346273,1091.3837139424033,0.008679330679086536,-0.06701941856971089,-3.4698955829327796,-748.9670973557771,0.3473288386418269,0.2797213040865385,0.7519531250005367,-923.6027644230463,0.02695015775240385,0.010637019230770586,-3.28481820913481,-745.802659254847,0.3312374924879808,0.2576847956730741,3.7601412259613465,-1000.8263221152864,0.030991811899038463,0.0,-23.700514573317356,465.21935096153913,0.31336837064302886,0.22717848557691747,-13.2803109975965,-477.2385817305977,0.03580210524338942,0.0,-8.191481370192196,674.4666466346175,0.2950404897836538,0.33675255408653876,3.4981595552890847,-2128.568209134646,0.03137693434495192,0.09338660606971186,8.723614032451879,-1733.7646484375064,0.2789122971754808,0.22538686899038465,8.663987379807207,19.343449519204576,0.02116556490384615,0.06051588792067292,0.6054687499999755,-705.0593449519203,0.2789122971754808,0.22538686899038465,8.663987379807207,19.343449519204576,0.02116556490384615,0.06051588792067292,0.6054687499999755,-705.0593449519203,0.3463948974609375,0.00891574331430288,0.2937921198918269,0.010619257061298074,0.32160083946814905,0.025827650803786056,0.2789122971754808,0.02116556490384615,83.52446318038972,108.04302326674599,177.65525538232,157.82618453132375,81.76422691407996,91.68672186172341,80.67104825758868,135.12884120789377,137.65105931032096,48.10828122885761,145.99100657563056,179.03266546185654,151.35939949180053,161.23452866148432,32.339449504083575,0.6340634414749293,177.6292580843308,168.8416935207297,177.80731203430457,7.228940039380575,-6.799912731077378,6.8858850321563185,-2.81833286965911,1.3036868149255632,-2.551207741113013,1.2702930639390864,3.2151357754169636,5.738686236545737,-10.234736689136694,2.6678395262060928,-2.325481753271317,1.3424743580815235,3.8786560616810704,-1.4748801679656407,-1.4036593085687818,0.5862061779602353,3.007794361293878,1.0529286033077225,0.040269056185771,2.5813409921321755,-51.797775640729384,-438.4749121104751,7.757021258840695,885.0422506954632,321.48801396895743,-144.31076327470845,1099.2885497001973,-1088.3257158705399,166.21441686460483,40.98665993618625,-801.4294240856209,-956.8541541190117,408.0844112993358,-731.8045362645562,127.30873499563675,-10.306910989236522,8.001170064080291,-189.8947608933895,-386.3216795183837,-166.8209818435574
146,-,stance,0.73,0.3418073542668269,0.198903245192311,-10.471754807692118,903.6959134613974,0.021116436298076927,0.015076622596155151,-1.5187424879808926,-440.73955829329486,0.34007113882211537,0.13161433293268898,-10.42518028846138,-2.8921274037307905,0.009309495192307685,0.028419846754808274,-4.516225961538326,164.9451622595939,0.3517585637019231,0.033650090144232675,-0.3699669471157737,335.3740985576605,0.003048968975360569,-0.03608680138221101,13.756479116586563,-978.9569561298287,0.35438375150240387,0.010156250000004077,-1.0186298076925155,728.2527043268019,0.0020802095853365288,-0.02305063100961622,11.084359975961611,-1367.7884615384373,0.3056292442908654,0.13676382211538762,-4.508901742789052,2436.899038461442,0.025120154747596157,0.017310509314905062,-4.846473106971247,-31.250000000038142,0.3032643103966346,0.14826284555288213,-0.6514798677881262,73.95582932701028,0.010314556415264423,0.05279165414663468,9.99633789062494,-213.09720552885264,0.28699643179086537,0.20309307391826997,11.494140625000187,429.3306790865136,0.01211579777644231,0.07893348106971086,11.3542292668267,-564.378004807671,0.2870545748197115,0.09214054987980994,-4.299128605769188,1425.8375901441375,0.004110886793870186,0.025069486177883828,2.6254507211539946,-145.5641526442033,0.2895853928786058,0.06612454927884531,-4.6418644831736,235.87740384617348,0.001714928260216339,-0.003422663762019104,1.862980769230801,742.1311598557725,0.3646700721153846,0.21997445913461403,8.75262920673135,828.9137620192656,0.00852386005108173,-0.08617131159855815,-14.191612830528861,-174.41030649036045,0.3490150615985577,0.2470064603365405,-7.51615084134626,-286.4332932693273,0.02695015775240385,-0.02221116286057754,-6.537053034856011,159.48016826926275,0.3324981219951923,0.23668870192307656,-1.3570462740380973,47.62620192305716,0.030991811899038463,-0.10336350661057776,-11.110558143028868,3123.3285757211656,0.31409166541466343,0.14033578725961549,-8.880521334133624,2760.178786057713,0.03580210524338942,-0.04887977013221102,-6.879695012019226,991.7179987980587,0.29706670673076924,0.3004770132211562,-12.929499699519377,-1130.3335336539344,0.03222020545372596,0.09629563551682699,-8.141808143028852,-1835.3177584134555,0.28052176607572116,0.28216458834134345,-2.54206730769257,-1893.1603064902772,0.021365102914663453,0.053865872896634255,-1.7239145132211224,-505.55889423076064,0.28052176607572116,0.28216458834134345,-2.54206730769257,-1893.1603064902772,0.021365102914663453,0.053865872896634255,-1.7239145132211224,-505.55889423076064,0.3470052020733173,0.008888777512770427,0.2945059908353366,0.010675264798677883,0.32297723232171477,0.02597554055238381,0.28052176607572116,0.021365102914663453,81.63458613903765,109.81091259378422,172.07898474880417,159.74468879644922,80.92467281761316,92.75705695026774,83.26557378740975,133.84820328180305,136.56795269866808,49.64872076725031,144.10122928376018,179.10398819797282,153.4727987907878,158.61243899192843,33.26880036424611,0.9628811938581755,177.8678703871978,167.12651888445237,175.37971730254378,7.08394999914737,-6.805435279404109,2.8017044759482497,-4.056082393364365,3.187612776350954,-0.7355435267785142,-0.26911746389082203,10.546337062224888,-2.823292439832012,-8.727705613062168,2.473180117592797,-5.3387703777992135,-3.4324223376095166,3.9989432901154274,-3.8990332984458718,-0.6667420690727227,0.22648016992006245,2.8440222043764924,0.4295936069298896,-1.7914119358040088,1.1686136086285719,-183.48752626648778,-981.5106270764567,-357.6328474515117,-61.45922258853788,-63.85903180301068,73.9292121471856,1143.417608898112,-787.3194568061933,-346.027971747737,-118.3926794560717,-127.28367224271932,-412.30904328799875,-41.280030982693205,-206.2872029914594,80.9345423849482,-100.7602283387512,-100.13369277418676,-157.16606103420156,-255.72744524325185,-267.54362761539215
147,-,stance,0.735,0.3424845628004808,0.16981670673076862,3.186974158653205,2061.222956730774,0.021116436298076927,0.0,-4.421762319711662,-507.2209284855676,0.34046037409855767,0.08369516225961708,-4.051231971153307,1536.3206129807531,0.009344473031850958,0.008925217848558533,1.3465294471153,882.2397085336252,0.3519806565504808,0.030348557692305683,-2.551081730769451,-266.488882211479,0.0029979717548076906,-0.009140249399038061,3.1644381009614198,-1289.6446814903948,0.3543972355769231,0.022378305288461832,1.0873647836534532,-121.92007211536647,0.002047682542067303,-0.007751464843749882,1.7540564903846505,-1084.960937500001,0.30616932091346155,0.15971679687499782,10.608661358172379,2037.2783954327676,0.025120154747596157,0.0,-1.696871243990619,488.06527944711274,0.30414999624399036,0.16573580228365623,-2.231820913460853,401.8366887018608,0.010729069636418273,0.11130371093749915,3.148193359374935,-1968.4589092547835,0.2880791954627404,0.2741436298076936,13.421724759615206,-114.4831730769403,0.012898409329927876,0.12054912860576794,-2.073129507211415,-1557.8801081730332,0.2873590557391827,0.10046762319711458,10.797964242787987,2644.981971153863,0.004340548001802877,0.03477783203125054,0.3086500901443295,334.3411959134392,0.28966687950721154,0.0769268329326888,2.4342698317308904,491.9057992789343,0.001714928260216339,0.015207143930288922,7.694279597355844,940.795898437483,0.3659172926682692,0.30626878004807984,5.42142427884639,-2166.766826923177,0.007817617563100954,-0.20893554687499963,-5.213998647836386,3508.5167518028775,0.3497989032451923,0.20455979567307583,-2.112379807692739,1523.0618990384432,0.026728046123798074,-0.054733511117789575,-1.6900165264421811,700.0544621394693,0.33360437950721156,0.24411433293269313,4.2364032451919185,232.00871394224404,0.029958176832932684,-0.11110558143028877,7.532771183894324,1921.1613581730742,0.314771728515625,0.13837327223558116,14.321476862980656,3414.55078124985,0.03531330754206731,-0.06879695012019232,1.7256986177883986,576.8010066105736,0.2980452599158654,0.20745755709134486,-7.805175781250269,855.7692307692414,0.032339890700120194,0.011968524639423262,-9.62956355168269,117.18749999999012,0.2817339430588942,0.19996619591345893,-10.26761568509558,1118.2955228365952,0.02170422363281249,0.04327674278846168,-4.450120192307636,-260.3759765625039,0.2817339430588942,0.19996619591345893,-10.26761568509558,1118.2955228365952,0.02170422363281249,0.04327674278846168,-4.450120192307636,-260.3759765625039,0.3473307072566106,0.00887664090670072,0.2950848895733173,0.010960621995192304,0.3239785844851763,0.025643543732471952,0.2817339430588942,0.02170422363281249,80.24340303234102,109.09368671902081,172.6163235197045,158.5333927936157,82.01253467651482,90.29978230194538,87.12239573704292,133.8756318949085,131.3142893465088,49.557235321954245,141.72284567267644,175.40679256445378,154.04670322576703,156.9739609917562,33.10604735229981,1.2793312295860984,178.3258850372385,167.42813732398008,174.83868315395114,7.015762096795634,-8.634787993742258,-2.929221238608257,-6.39466134417423,0.6890945890401838,-3.1897980591431203,2.009585185410943,14.649311864398094,-2.1345083315162032,-13.695016406614068,1.4839127316453746,-3.598318475698511,-2.780616074798467,3.465855751854138,-3.5377521978802364,-0.5943138847192991,-0.42139610542727757,2.0064574335520096,-0.5187320070342945,-2.51700539624675,-0.09409528402174869,-468.2635610864653,-799.8739886898506,-195.77730305976058,-346.4792831707436,-545.1733067200339,384.8841839988275,40.23128883650969,2531.590980737888,-2732.111392295608,-118.89284342288842,385.1111762243769,325.4294137074026,-81.05200956675758,146.83009441670754,-6.567003944029076,-121.45188467973058,-178.284618674844,-81.1975351381465,329.2624320996612,63.795159697133684
148,-,swing,0.74,0.3435055213341346,0.2307729867788431,10.14047475961564,19.230769230882387,0.021116436298076927,-0.029141000600961506,-6.590951772836573,363.4784405048127,0.34090809044471154,0.09110201322115588,4.938025841346163,1115.9855769229925,0.00939874737079327,0.041885141225961285,4.306171123797934,154.5973557692393,0.35206204927884616,0.00813927283653814,-3.0348557692305658,107.98527644234585,0.0029575664813701885,-0.004442420372596785,0.8600323016826045,-510.57316706728943,0.3546075345552885,0.02102989783653862,-2.2378305288461813,-356.2575120192303,0.00200269493689903,-0.005510066105769701,0.23475060096159145,-333.28951322114574,0.3072264122596154,0.2428504356971115,15.863882211538643,-446.64588341330875,0.025120154747596157,0.00034179687499885615,0.034179687499885585,158.19373497599724,0.30492166841947116,0.12594463641827358,3.3668870192304854,2518.066406249846,0.011427593524639415,0.08427358774038406,-9.688251201922915,-1157.555213341332,0.2897378680889423,0.33731032151442214,10.349308894230782,-1272.8177584134776,0.013321289062499991,0.058202185997596696,-4.224571814903647,726.9756610576696,0.2880592510516827,0.2001201923076899,22.150691105769464,-428.97385817297527,0.004458665114182692,0.028155987079327125,5.96886268028839,1727.6329627403757,0.2903546612079327,0.09046724759615424,0.2771935096157472,963.0972055288375,0.0018669996995192284,0.0735201322115394,11.270939753605639,-204.6837439904075,0.3677327599158654,0.274188701923078,-12.915039062500444,-2089.468149038482,0.006434504582331732,-0.13831129807692205,20.893554687499943,1904.5128455528559,0.3510606595552885,0.2258826622596131,7.7144681490381855,708.6463341346976,0.026402822641225954,-0.039111328124999366,0.46349158653868794,-24.451622596177682,0.33493926532451923,0.2790527343749958,0.963040865384345,-930.6640624999178,0.029880756084735574,-0.028035794771634457,8.10105543870189,-738.1403996394289,0.31547539813701925,0.2835505558894222,25.264986478364904,-1171.0862379807857,0.0351141357421875,-0.03162278395432702,-1.1116849459134857,-672.8985126201858,0.2991412823016827,0.22242525540865346,-4.371807391826955,339.0925480769569,0.032339890700120194,0.0,-6.96993314302895,122.67127403846298,0.28252142803485575,0.17948843149038757,8.640887920673393,1698.3548677883496,0.02179787034254807,0.009364670973557856,-4.327674278846164,116.71799879807396,0.28252142803485575,0.17948843149038757,8.640887920673393,1698.3548677883496,0.02179787034254807,0.009364670973557856,-4.327674278846164,116.71799879807396,0.34777079890324525,0.008868861271784854,0.2960599722055288,0.011238940429687497,0.3251451322115385,0.025328330015524838,0.28252142803485575,0.02179787034254807,77.50148303767486,107.50702953590931,170.5567060254451,159.43774747632042,80.44548523189285,92.44539915426405,93.61589320521665,127.74402479724702,131.53096638369323,50.14056195586346,142.03351111335593,177.12450414355828,155.31109532297288,157.25226448394784,32.38707126741813,0.4577774449546237,179.72573933253457,168.57004494271013,174.90177429260834,7.063767462318256,-11.488070890268766,-5.197035410950264,-6.013855423961973,-0.27718005535648493,-6.187276593978858,3.5797243760974564,10.948649950589985,22.492617367546888,-36.04881953601827,1.2842516833639117,-1.4876586155554414,-0.17812820053548767,3.188423194447851,-2.430732354278795,-0.7324121085130135,-0.9880386768772444,1.0611760176280507,-0.38238174445157613,1.501212385192606,1.8065652055999093,-441.30809257001107,-9.241654378813182,-394.66720432539336,-37.39923386580017,-152.0481864993869,-194.28586528022117,-831.3942384329616,3368.858450633579,-2883.7982639802303,63.739139914293816,262.09659217096566,473.85406197099655,-48.24462317844605,184.93599633740277,11.326956726787053,-2.7991528296385546,-235.41634577733686,-102.25070974814602,683.5109203809419,371.47853061571135
149,-,swing,0.745,0.3447922926682692,0.2712214543269251,3.379281850962029,-1311.4107572115809,0.02082502629206731,-0.06590951772836579,-0.7869779146635318,1179.978590745198,0.34137139423076923,0.13307542067307876,7.108623798076629,-190.54236778848158,0.009763324444110572,0.05198692908653791,2.8925030048076943,-236.94786658651148,0.35206204927884616,0.0,-1.4712289663459917,237.75540865383854,0.0029535475510817227,-0.0005399263822120077,-1.9412935697114795,-326.02163461536907,0.3546075345552885,0.0,-2.4752103365388534,186.5609975961186,0.0019925818810096058,-0.005403958834133965,-1.57883864182681,-138.4934645432819,0.30859782527043267,0.3183556189903844,6.142202524039287,-2308.12424879811,0.025123572716346146,0.00034179687499885615,-0.11493389423064528,-203.18134014420065,0.3054094426081731,0.1994046724759611,22.948843149037625,1546.443058894227,0.011571805513822114,0.014421198918269916,-8.427358774038398,921.2928185095951,0.29145229867788464,0.3776367187500015,0.6935471754804183,-3135.103665865438,0.013480431189903844,0.07830341045673143,5.196627103365288,117.21567007208463,0.2893602576622596,0.32197453425480943,6.508225661058231,-2262.582632211568,0.004622107872596148,0.09446645883413449,17.5849797175481,-282.71484374998914,0.2905715519831731,0.07969876802884628,12.065241887019274,3576.8667367788066,0.0024501295823317337,0.1279165414663454,5.647442157451767,-1802.3493840143938,0.3686591796875,0.17711838942307528,-15.473257211538447,869.5537860577397,0.006434504582331732,0.0,13.831129807692193,-1749.47415865385,0.35205772986778844,0.28170447716345776,4.974083533654243,-1297.2506009614708,0.02633693284254808,-0.05009859525240269,-1.9345327524039582,305.16639122592153,0.3363949068509615,0.2537447415865366,-5.070237379807267,-184.75811298068712,0.02967781888521634,-0.0300950270432698,0.15136718750002873,-1132.399338942294,0.31760723407451924,0.3910231370192304,2.6106144831727884,-3961.519681490323,0.03499707970252404,-0.07991379957932719,-5.003286508413465,595.7594651442422,0.3002695124699519,0.16373948317307527,-4.414250300480697,1150.6159855769713,0.032339890700120194,-0.05773080679086629,-8.402850811298059,663.3112980769502,0.2835288273737981,0.28637507512019295,6.715932992787931,-2341.177133413468,0.02179787034254807,0.0,-3.282940204326895,138.06152343751003,0.2835288273737981,0.28637507512019295,6.715932992787931,-2341.177133413468,0.02179787034254807,0.0,-3.282940204326895,138.06152343751003,0.3482083176832933,0.008883620042067303,0.2970782752403846,0.011449609374999998,0.3264195650540866,0.025264016175881407,0.2835288273737981,0.02179787034254807,72.81545901080246,105.31194589765077,168.18592091257997,159.31759220057174,76.76055551116256,95.45260214860899,95.5010411178098,137.5640701305081,119.14804641145365,50.16709814091474,141.87367088599063,176.23262255030556,155.47847016908702,156.51375507241485,32.19962828189835,0.41484064005149396,179.22023542044957,166.50653282142957,173.9588414577423,7.08738469681376,-13.047868919442372,-3.0216377823963887,-10.341333387428167,0.3151022503821818,-4.710279924136991,0.06672653260872957,6.33536948006847,31.554076174819617,-42.53299904641639,2.1213041307883134,-0.9773525539888519,1.9579245449115028,2.983409520069677,-1.688392234506207,-0.4810443174514285,-0.44938763372366314,-0.3477060242213611,-1.5412391045157556,4.318103807562675,3.620690022135368,-42.84754453196747,639.1965156216817,-794.9547159178558,112.91065576420215,775.981757497591,-966.628917835744,-1469.569344543111,-174.2147694714854,1453.136953676441,107.7246500916216,-103.3785486866499,25.168954009373532,-206.7526949398065,288.30980051214044,-60.73425296793324,157.22969754435331,-184.97743816202362,-112.01691027646436,333.92382443459593,182.912558514352
150,-,swing,0.75,0.34621773587740384,0.2645658052884634,-2.9736328125001794,-606.9335937500795,0.020457341120793268,-0.03701077974759683,5.208834134615417,313.0164513221309,0.34223884465144233,0.16218825120192223,3.0326021634613456,-1000.5634014422756,0.00991861666165865,0.07081017127403826,1.9366924579328166,-452.3268479567202,0.35206204927884616,-0.00657301682692179,-0.6573016826921784,105.35606971151496,0.0029521672175480684,-0.0238553560697116,-2.400184044471089,432.68291766826337,0.3546075345552885,-0.003722205528849939,-0.37222055288499356,162.5600961539515,0.0019486553485576902,-0.02129845252403782,-1.1501840444712288,375.74181189901816,0.31040996844951924,0.30427246093750443,-7.2173602764424745,-1334.82947716362,0.025123572716346146,-0.0008075420673075976,-1.9976337139421227,-1484.7412109375111,0.30691571514423077,0.35543306790865004,18.83131760817277,-1755.0330528844866,0.011571805513822114,0.0,-0.47532301682695544,797.8703425480634,0.2935142352764423,0.34424579326922633,-21.001727764423624,-1225.6047175479525,0.014104323167067306,0.11016845703124963,-3.0524151141827995,-1621.3472806490227,0.29127899639423077,0.26520244891827227,-0.4751352163462337,3699.8572716345107,0.005403329702524037,0.20400578425480828,3.141714242788496,-3798.5558143028875,0.29115164888822115,0.21111966646634708,36.04586087740385,4514.573317307635,0.0031461651141826835,0.12999455378605712,-6.752554086538314,-1581.1767578124789,0.36950394381009616,0.11945612980769338,-4.219501201923039,2604.717548076889,0.006434504582331732,0.0,3.398813100961428,-793.9077524038421,0.35387770432692306,0.27562349759615556,-5.258037860576534,-690.6926081731142,0.025901836688701926,-0.058456655649038965,3.5151554987979057,801.2695312500075,0.3374767127403846,0.22835036057692307,-0.8845402644225279,1149.6018629807393,0.029579805814302876,-0.02652212289663417,-3.222937950721061,-265.87853064904897,0.31938562950721155,0.3096567007211501,-14.350210336538359,-963.5854867787707,0.034314997746394224,-0.08165564903846172,4.845909705528942,834.4350961538412,0.30077867713341344,0.17828275240384645,7.1343524639427685,885.9487680288303,0.03176258263221153,-0.08402850811298067,-0.33682016225944256,969.0598707932628,0.2853851787860577,0.24664776141826694,-14.770883413461304,-1298.3961838941536,0.02179787034254807,-0.02346473106971112,-2.9470590444710623,223.16331129806846,0.2853851787860577,0.24664776141826694,-14.770883413461304,-1298.3961838941536,0.02179787034254807,-0.02346473106971112,-2.9470590444710623,223.16331129806846,0.3487815410907452,0.008819195087139419,0.29865411283052884,0.011869839242788458,0.3277346410506811,0.024965266301081725,0.2853851787860577,0.02179787034254807,69.31599085779123,104.6596075643296,166.17233132408236,158.48405196937927,75.54150691751336,93.75733006071872,93.70627141269057,168.8217264070963,86.77083915844523,51.246323986969536,141.39330726961796,177.97197838903276,157.52152761777222,154.89452376048763,32.916295754185356,0.12905839797009264,178.79754721790445,167.3908575834051,178.83995301348173,10.117584250011008,-11.916546335588441,1.1949297452665586,-13.963402583140537,0.8519265022855375,1.57254098099706,-6.086564802259992,-3.747043494841137,20.750469672832033,-21.51744999925385,2.3614981842801286,-2.5214441024219414,0.07356133955824788,1.1208962450497841,0.45236565084261177,-1.3397546381923464,0.5842582985662902,-0.7885983639921872,-1.5025508472162206,4.8404506295385685,3.635690790743431,208.60439081321792,609.0261240851003,-509.0546755378557,108.63294226597354,1314.9103693758323,-1024.0314519433218,-2866.5762895162084,-2522.4176519361617,5679.8728588848835,-54.609348262514196,-195.24230182045486,-311.9822979184933,-332.25309604332614,477.9252752120824,-207.80282700428052,102.915772579736,-92.69733138398168,28.897543691814807,-176.9180458834582,-215.6641438609794
151,-,swing,0.755,0.34743795072115385,0.2414851262019233,-2.690054086538771,-200.79627403846078,0.020454918494591343,-0.013821176382211574,2.3431865985577796,-382.67164963942577,0.34299327674278846,0.16340144230769224,-2.8970102163461355,-1107.4218750000114,0.010471426156850955,0.0713538536658661,-1.6307654747595122,-358.62379807695305,0.35199631911057694,-0.00657301682692179,-0.4176682692308412,131.46033653843557,0.0027149939903846065,-0.02454176682692292,2.3855356069711577,479.64242788461775,0.3545703125,-0.003722205528849939,-0.8496093749993369,74.44411057699864,0.0017795973557692274,-0.016905799278846265,2.1785794771633746,284.0763972355851,0.3116405498798077,0.2461820162259596,-7.206092247596925,-21.897536057635296,0.02511549729567307,-0.01963454026442239,-14.96234600360577,-1141.517052283683,0.3089637732872596,0.387717848557689,5.398512620192742,-157.20778245181734,0.011571805513822114,0.009667968750000358,-0.4486553485577574,-344.6044921875104,0.2948947566105769,0.16761944110576507,-11.562499999999119,5639.554537259712,0.014582115760216341,0.04777925931490341,-11.016845703124952,-1632.3336087740126,0.2920122821514423,0.3172231820913471,43.50679837740337,7135.629507211508,0.006662165715144233,0.12588360126201947,-20.40057842548081,-1668.3725210336574,0.29268274864783655,0.4401573768028851,57.21097506009566,4653.789813701891,0.003750075120192306,0.0603910006009622,-10.164325420673036,354.8583984374761,0.36985374098557694,0.13492337740384486,10.57391826923047,1549.729567307696,0.006434504582331732,0.033988131009614314,5.892052283653765,-679.762620192285,0.35481396484375,0.22912409855769236,-1.9328425480769056,826.7352764422782,0.02575236628605769,-0.014947040264423603,6.078162560096124,-178.7954477163313,0.33867841045673075,0.2448993389423113,6.425781250000137,292.59314903834434,0.029412597656249997,-0.06232440655048044,-2.507418118990463,885.610727163447,0.32070380108173074,0.2475210336538467,-7.025240384614928,1150.9915865384162,0.03418052321213942,-0.03145470252403773,3.3410644531249534,-687.5939002404084,0.3020523399939904,0.23508300781250302,4.4452373798076135,-720.3463040866254,0.03149960561899039,-0.06109900841346072,1.2877478966345768,-171.95012019233198,0.28599530498798076,0.13866624098557978,-6.268028846153617,2180.157001201826,0.02156322303185096,-0.029470590444710648,-1.0513070913462081,-9.605994591363434,0.28599530498798076,0.13866624098557978,-6.268028846153617,2180.157001201826,0.02156322303185096,-0.029470590444710648,-1.0513070913462081,-9.605994591363434,0.34924946476862984,0.008855233999399033,0.3000388221153846,0.012336331881009613,0.32868292705829333,0.024807136731270028,0.28599530498798076,0.02156322303185096,66.00126059050557,106.74729592614304,159.22525549194643,160.02870917241606,78.82013819154679,89.10254585649136,97.92171551548641,147.03539202260342,102.96557650994828,52.09772650358331,140.6831042232176,177.92474270983433,156.96437415274198,156.4295692392204,31.749968591071035,0.8356098332385246,178.65641452089378,165.95812980600684,178.3227781432591,10.185453024907446,-10.961825011310191,3.0686234584546197,-15.431880142806728,1.4014316730419183,8.438823769621344,-10.173587986824497,-22.330393415093642,6.329899655457977,14.26572954243249,1.575210648163171,-2.9297755721934022,-1.1618984342734329,-0.33912144036358755,3.0908605176146215,-2.5590725874942355,0.5797700920736979,-1.2746793380611787,-1.2522636675976073,2.5489233487280916,1.464048583525572,117.0686614626402,20.35956970193538,76.48377462835303,20.225317132345182,1582.4920801562764,-802.7944035786312,-3994.3158534532095,-1688.2361048511655,6462.249634882018,-176.2878796969033,-0.34810225846726406,-137.41913129426717,-190.12739709701933,380.35962928120995,-151.01538152308717,-14.572879828148952,-55.72429391265556,73.5479147139627,-606.8902257886044,-588.1441522417964
152,-,swing,0.76,0.3486325871394231,0.23766526442307567,-4.981595552884789,-702.9747596153355,0.020319129356971152,-0.013578913762019017,1.3821176382211562,194.6833683894167,0.34387285907451925,0.13321814903846085,-8.041616586538778,-547.2130408653561,0.010632155198317311,0.05450251652644312,-1.649545522836717,291.776216947092,0.35199631911057694,-0.010749699519230205,0.6573016826921784,316.14332932688916,0.002706749549278839,0.0,2.3962402343750924,-378.7090594951904,0.3545703125,-0.012218299278843315,0.37222055288499356,329.7400841344991,0.0017795973557692274,0.00048734224759594503,1.690579927884625,-225.6610576922968,0.31287178861177883,0.2322115384615351,-7.436335637018828,192.28891225975167,0.024927227313701922,-0.15043100210336544,-13.412804236778962,2735.25766225962,0.31079289362980766,0.4094181941105775,17.259239783654596,483.79281850957545,0.011668485201322118,-0.004486553485577578,-3.9213679387020624,89.7310697115514,0.2951904296875,0.22862079326923504,35.39381760817355,4801.663912259432,0.014582115760216341,0.0,-19.37575120192294,-1541.0156249999989,0.29445122821514425,0.7002704326923064,70.88115985576891,-2859.1684194710833,0.006662165715144233,0.0,-13.542010967548094,1003.3240685096117,0.29555322265625,0.7832294170673042,82.5837590144228,-2147.2731370191195,0.003750075120192306,0.02835129957932667,-3.20397010216355,727.0226111778779,0.3708531775841346,0.22519531249999816,11.277794471153936,-908.6162860576487,0.0067743858924278755,0.0589205228365377,-3.398813100961428,-1452.3268479567046,0.3561689453125,0.2562950721153865,3.0093149038462554,228.17758413456968,0.02575236628605769,0.0023249699519223266,1.7272010216345912,-605.5344801682556,0.3399257061298077,0.2926081730769245,2.0413912259609184,-1569.1105769231003,0.02895656174879807,-0.05159630408653882,5.633169320913418,766.7048527644334,0.32186083984375,0.23940429687500075,-2.840294471154187,-159.5928485577097,0.034000450721153846,-0.048245004507212155,-2.0300292968751483,-892.2682542067105,0.3031295072115385,0.22273512620192262,-0.06911057692349226,-634.8970853365373,0.031151592548076923,-0.07115102914663489,-2.056321364182764,-229.2198768028826,0.2867718411959135,0.18396747295673072,7.030686598556976,351.9944411057287,0.021503164438100963,-0.03397780198317321,-3.0431189903846967,-280.8274489182602,0.2867718411959135,0.18396747295673072,7.030686598556976,351.9944411057287,0.021503164438100963,-0.03397780198317321,-3.0431189903846967,-280.8274489182602,0.3497680194561298,0.008859407865084132,0.30177191256009617,0.012318013822115384,0.3297850028796074,0.02468975360576923,0.2867718411959135,0.021503164438100963,63.83264711593262,108.12561244396954,155.51605037639786,160.19098429556524,81.08890139118343,88.33342119931038,84.7545254703496,153.94013296017627,110.72766415996792,52.26904997180664,138.89003461572105,175.55882661279,155.7518700627204,158.1140095948414,30.533862367700504,1.0412742913678774,178.93405949246014,166.53575329665395,178.85795936751168,10.21499127194996,-10.745859720962038,1.3985254422859126,-13.198564836857006,1.0541796736089895,17.397461782559837,-14.114508838046312,-43.69020202937327,3.868108624320362,43.105046349566386,0.598619387311094,-2.524925125006614,-1.300629973384425,-0.7803777259204108,4.2559619436547145,-2.8499084534232195,0.43852950028480053,-1.3458413031187433,-0.767071700076593,-1.2284516283474811,-2.2457507316745375,43.71867074725252,-438.8356259438534,472.65544147218634,9.898855218914973,1495.2511928058993,-458.2368207465906,-2341.7616335342186,-460.64742019926643,3839.423425792803,-109.86041303176356,110.57408847172191,292.1933406379468,279.54776715571177,-43.97251159035323,55.90440963262879,-82.29721425000506,-9.67523198982966,212.74994635557894,-551.2408326746499,-643.099896503533
153,-,swing,0.765,0.3498146033653846,0.19166917067307537,-9.719801682692133,310.17127403848326,0.020319129356971152,0.0,4.290020282451948,155.00112680288905,0.34432545823317307,0.0829852764423044,-8.369140624999702,843.1490384616081,0.011016451322115386,0.05485839843749891,1.2869966947114102,285.47551081733934,0.35188882211538464,0.0,2.7437650240380536,116.43629807689372,0.0027149939903846065,-0.000579364483171973,-1.4015549879807496,-359.94779146637694,0.35444812950721155,0.0,2.447791466345657,247.63371394226286,0.0017844707782451869,0.0,-0.07803109975959552,-164.1845703125029,0.31396266526442307,0.17181865985577124,-5.283203124999407,1304.762620192242,0.023611187274639414,-0.15376258263221212,12.39023061899045,2659.4050480769415,0.3130579552283654,0.5603102463942351,10.2364408052885,-4591.120793269387,0.011526939978966338,-0.0295457106370203,0.4486553485577574,902.8695913461785,0.29718096454326925,0.5215576171875009,36.45413912259525,-5864.332932692324,0.014582115760216341,-0.14597825270432616,-26.427001953124954,1570.068359374978,0.2990149864783654,1.0260347806490369,14.91511418269251,-13657.883864182615,0.006662165715144233,-0.009536508413461589,-10.367337740384682,489.8212139423083,0.3005150428185096,1.2659949669471138,35.73824368990445,-16453.669621394176,0.004033588115985573,0.02835129957932667,-2.8940993088942495,-289.6165114182606,0.3721056941105769,0.24770132211538431,1.487755408653975,-375.6385216346346,0.00702370981069711,0.0,-8.631216195913295,339.8813100961425,0.35737691556490386,0.25921724759615494,0.3489332932687935,-1627.8545673077363,0.025775615985576913,0.0023249699519223266,0.022817758413562463,-125.82632211537124,0.3416044921875,0.2653132512019205,-9.26532451923088,-1236.853966346038,0.02889663461538461,-0.005992713341346207,5.159630408653878,-483.8022085336389,0.32309784405048075,0.2191180889423048,-8.621168870192026,-510.92998798068913,0.0336980731670673,-0.05175499549278923,-5.581618088942159,-318.1434044470929,0.3042796912560096,0.2343919020432681,-1.9037334735577653,-610.2576622595818,0.030788095327524037,-0.08166222205528838,-1.0044508713942515,209.8952073317362,0.28783497971754807,0.2089731069711496,-2.7480844350963265,-633.1505408652663,0.021223445012019226,-0.05990178034855764,-3.8595815805288125,108.93366887020049,0.28783497971754807,0.2089731069711496,-2.7480844350963265,-633.1505408652663,0.021223445012019226,-0.05990178034855764,-3.8595815805288125,108.93366887020049,0.3501192533052884,0.008958761361929083,0.30474632286658654,0.01208319936899038,0.3310499361478365,0.024567595653044866,0.28783497971754807,0.021223445012019226,59.45681348539041,107.12051621053948,152.31675379622735,160.01954347862355,85.71843061911198,83.38940138551615,66.06966813360303,163.3259596273998,119.7122042436253,51.851959815592124,139.34103028367133,176.64861803134656,156.66522090588188,158.60706711974927,30.183339906451902,0.4991761275657312,176.89271075679088,165.20915441845318,178.32211160924652,9.506491820018457,-10.524638303837666,-1.3197328009839182,-10.70532572808486,1.500420225231068,23.39133569768035,-14.755956194290407,-45.74800975043585,1.7234254534653088,52.65996380036055,0.4766065178455343,-1.8240346874761821,1.7600349721060378,2.4563562311935327,2.651135401711089,-2.000028491167947,-0.24320205042635332,-1.3714316579594754,0.8752357959581839,-2.963484978018413,-4.966950381509764,122.53260939509818,-269.26842314205675,157.9139305430829,233.8871019940787,344.4544386794128,546.777861956368,1571.0462541647871,-1354.7880031636182,674.9740496346186,-198.2125871799608,352.120063880909,535.2976450610427,560.3501860657002,-352.7352785675702,211.40998393471014,-62.0752005708094,42.51314793208387,426.95197032109814,-266.9581735563304,-474.4033598374315
154,-,swing,0.77,0.35054927884615383,0.14046724759615425,-1.8798828124999538,1485.5018028845882,0.020319129356971152,0.029321289062500505,2.932128906250048,-722.214918870199,0.3447027118389423,0.049526742788463765,0.38987379807730976,1663.0108173076267,0.0111807391826923,0.06737248347355723,1.2052095853366789,-408.2970252403663,0.35199631911057694,0.016687950721150355,1.8216646634611167,-260.66706730759546,0.0027009559044471193,-0.014015549879807509,-1.2032376802886802,504.5353816105755,0.3545703125,0.012259615384613277,2.8485576923076246,-82.93269230763543,0.0017795973557692274,-0.00029296875000001083,0.04873422475959446,146.76607572115768,0.31458997521033655,0.179379507211541,5.611290564903604,1327.6742788460551,0.0233896014873798,-0.02652869591346083,13.18124624399048,-1149.5361328125146,0.31639599609375,0.5117826021634626,-28.651968149039316,-3445.7444411057827,0.011373028094951915,0.0,5.10732797475973,16.498272235571058,0.300406005859375,0.5931621844951879,-23.249511718749744,-7366.9245793267855,0.013122333233173078,-0.2642700195312498,-3.6750676081731486,3945.0495793269147,0.3047115760216346,0.8494215745192316,-65.69767878605737,-6781.080979567349,0.006566800631009617,-0.10367337740384693,-8.643798828125007,2011.2774188702026,0.30821317232572115,1.140611853966349,-81.9529371995191,-10958.19561298086,0.004033588115985573,-0.0005896935096158512,-6.100135216346159,36.37695312501405,0.37333019080528845,0.24007286658653793,7.521409254807586,635.4417067307425,0.0067743858924278755,-0.02739163912259532,0.0,1180.5044320913166,0.35876111778846154,0.25978440504807443,-13.269230769231122,-1683.0679086537968,0.025775615985576913,0.0025531475360579515,0.46893780048087785,16.798753004795778,0.3425788386418269,0.1999549278846156,-10.327148437499472,378.2301682692098,0.02889663461538461,0.0,0.7951472355770247,-412.9263070913453,0.3240520207331731,0.15319260817308042,-7.949594350961083,1242.7509014422099,0.033482900766225954,-0.1040611853966338,-5.2114633413460805,1299.3915264422858,0.30547342623197116,0.20369779146634495,-6.171687199519316,222.88161057693003,0.03033497032752404,-0.08119553786057741,0.04263070913460006,330.7354266827009,0.288861572265625,0.15648662860576742,0.699181189904307,1877.2536057692862,0.020904146634615386,-0.07257361778846137,-1.9537823016826907,442.53305288460695,0.288861572265625,0.15648662860576742,0.699181189904307,1877.2536057692862,0.020904146634615386,-0.07257361778846137,-1.9537823016826907,442.53305288460695,0.35045465557391825,0.00899510544996995,0.30886334510216346,0.011697070312499997,0.33217619441105767,0.024361442370292464,0.288861572265625,0.020904146634615386,57.38966568538375,106.69027544147266,150.394171196351,160.30521904756003,98.54724852137296,75.2094209420893,50.460393323864146,159.1799477684513,144.11632837114678,52.52104160778971,138.39535461168163,177.0124848220263,156.47931036099462,160.03248559415002,29.584292647410294,1.2192687903918902,178.2479201851146,166.8213338410094,176.72906673828572,6.9363842919989676,-9.520533627011055,-1.2941587891346573,-11.619425531426176,3.3930506935497786,20.84200616935397,-8.646730218482627,-27.979739487725382,-9.679771407315831,49.85478684591258,-1.3835064844885157,0.9962755138024795,4.052346477226006,4.823124134736596,0.7286091579790093,-0.735808614076116,-0.18222250542329396,-0.9207098237979042,3.502448003134392,-3.8980333639107876,-6.989784330048857,259.1140528376608,170.2043673540074,-29.93113138280081,118.84081686646545,-1228.9819247898406,1635.849703438416,3371.0051306672526,-797.366458899019,-2166.7708931196657,-434.1961890188642,575.3618344509526,118.1891656241605,193.6714816290405,-359.6773815123904,292.20826876534215,116.19171331213835,28.590987175336434,483.5025897855241,-56.65541872156945,-244.06557255471859
155,-,swing,0.775,0.35121927584134616,0.17287034254807582,5.1352163461537605,-590.10667067305,0.020612342247596158,0.029321289062500505,-2.932128906250048,-1061.5609975961727,0.3448207256610577,0.0868840144230775,8.260967548076577,43.15655048070527,0.01169017615685096,0.06691049429086571,-2.795973557692256,-506.55423677886546,0.35205570162259614,0.018216646634611183,0.13709435096209652,-235.3140024037297,0.0025748384915865313,-0.012611741286058787,3.6437988281250098,469.55754206734355,0.3545707256610577,0.02848557692307627,1.6184645432693017,-510.9299879807447,0.0017815410907451867,0.00048734224759594503,1.3896296574519826,123.35674579327902,0.3157564603365385,0.22793156550480734,7.993539663461156,-502.70432692306326,0.023345900315504806,-0.021950120192307222,0.8948692908652952,-1098.6234224759748,0.31817578125,0.2737905649038417,-24.221003605769354,3713.2286658655325,0.011526939978966338,0.02152756911057705,0.6136380709134681,-402.9071514423099,0.30311258638822114,0.2890625000000033,-37.21510667067267,3465.388371394143,0.01193941556490384,-0.18272892878605768,13.023493840144234,623.4506460336531,0.3075092022235577,0.36905799278846263,-52.89569561298104,7302.602914663373,0.005625431941105763,-0.09597449669471173,9.745436448317362,1427.5841346153802,0.3119211613581731,0.4464655949519221,-73.84371243990425,7478.628305288429,0.0040276911808894145,-0.032650052584134975,-2.5303297776441087,998.1877253605859,0.3745064227764423,0.32291541466346024,7.842172475961405,-2057.8801081730326,0.006749793419471156,0.0,3.173828124999883,18.873948317316096,0.3599747596153846,0.12652493990384361,-16.48174579326919,1728.2902644231667,0.025801147460937493,0.007014347956731109,0.1908052884615204,-9.352463942319247,0.34360404146634616,0.1620417668269257,-5.483022836538779,854.8677884614418,0.02889663461538461,0.001958759014424048,1.0303673377404214,15.63439002401353,0.32462977013221156,0.1396221454326939,3.8063401442300853,1077.1484374998945,0.03265746131310096,-0.10386962890625008,7.412297175480712,1440.720778245193,0.3063166691706731,0.17267503004807488,0.32508263221153716,781.0246394231426,0.029976139948918262,-0.08123591496394238,2.302903395432761,372.29567307692133,0.28939984600360574,0.21596491887019267,16.02445162259655,93.07391826918182,0.020497708834134612,-0.07943960336538457,0.565748948317261,591.0550631009604,0.28939984600360574,0.21596491887019267,16.02445162259655,93.07391826918182,0.020497708834134612,-0.07943960336538457,0.565748948317261,591.0550631009604,0.35066660719651443,0.009164724496694709,0.3112950383112981,0.011293075796274032,0.3330719181941106,0.024096480931991182,0.28939984600360574,0.020497708834134612,54.35372134970574,105.91417934119923,145.94603519603098,162.4935068124755,101.56853544088085,76.86292573532945,53.580811267272416,144.75792735799777,160.0927225509401,52.664961126429525,138.0424995489215,179.49636177151112,160.45909920530931,159.06805932298468,29.26174256786601,0.23958180246377536,176.98523645148808,167.1769687772667,175.35781531575876,4.926501187516324,-7.933497775461055,0.38231087255615714,-11.004637041912869,2.6888283938957236,11.101516449781935,1.6025408400937677,-12.037958443763298,-6.250239135524888,30.992254869163876,-3.865355372343112,3.9295836570333496,2.9419266283476437,4.393071047483939,-0.9456384134128184,0.922054196485477,0.9187150826950311,-1.0855217862061108,5.710261693813429,-3.530039165234108,-7.407606107056952,308.5354144237324,304.68143894774647,346.93520666285883,-343.08123118686524,-1531.6996025904723,1449.053499835464,2223.129055364356,1805.5305372743837,-4111.305695393745,-313.26036384110967,379.36256643832087,-302.433854279886,-293.7047049019531,-164.94336594404106,253.08984824398428,184.2948914703198,77.63288479242888,285.70950109699965,62.697475833592875,68.52651691047174
156,-,swing,0.78,0.3522779822716346,0.1918194110576919,-7.780949519230458,-659.7430889422867,0.020612342247596158,0.0,-7.683481069711687,-269.7378305288455,0.3455715519831731,0.13213641826922962,0.8214393028843628,-1386.0802283653347,0.011849844125600958,0.039412747896634646,-3.86033278245198,483.0228365384479,0.35217848557692305,0.01805889423077132,-0.5314753605761825,-114.82121394240617,0.0025748384915865313,0.022422438401442625,3.4923377403847597,-589.7122896634644,0.35485516826923075,0.02844426081730631,-2.2607421874998272,-387.5075120192129,0.0017844707782451869,0.013603327824519828,1.2823016826923859,-274.9962439903961,0.3168692908653846,0.25931490384615263,0.5842472956729677,-1283.9543269230173,0.023170100285456727,-0.01758000300480787,2.1950120192307203,148.7285907452031,0.31913390174278844,0.26957256610576885,8.48031850961604,3590.970552884589,0.011588303786057685,0.006136380709134687,1.078256460336628,756.90166766827,0.303296630859375,0.22101111778846086,11.404371995191715,5586.3882211538,0.0112950439453125,-0.13403508112980733,2.5594388521633875,-1399.6957632211554,0.30840215594951925,0.3204646183894208,7.328350360576429,6760.160006009634,0.005607055664062499,-0.006219012920673223,5.6320425180288085,-1577.7775691105762,0.3126778282752404,0.4021747295673058,-7.166654146634743,7255.502554086558,0.003707087590144223,-0.025892991286056963,3.8817420372597096,511.9628906249798,0.37655934495192306,0.31849459134615205,-13.057391826922759,-2407.3392427884028,0.0067743858924278755,0.00434664212740354,0.18873948317316114,-241.9151893028736,0.3600263671875,0.09496694711538237,4.013671875000562,3432.542067307744,0.025845759465144225,0.004461200420673157,0.3754131610576853,-40.66819411056843,0.3441992563100962,0.14512469951922777,-1.778470552885046,1156.4378004808555,0.02891622220552885,0.010303673377404223,0.9514911358171602,-114.16391225962913,0.3254482421875,0.1912560096153813,2.821890024037871,-352.2761418268119,0.03244420447716345,-0.02993821364182661,9.195744441105862,-474.844125600961,0.3072001765324519,0.20694861778846033,1.6385591947121176,-491.28605769227363,0.029522611177884614,-0.058166503906249785,3.7655874399038165,-63.119741586542375,0.2910212214543269,0.3167311448317331,1.629920372596126,-2601.975661057736,0.02010975060096154,-0.06691612830528876,3.9567683293269194,-408.0528846153718,0.2910212214543269,0.3167311448317331,1.629920372596126,-2601.975661057736,0.02010975060096154,-0.06691612830528876,3.9567683293269194,-408.0528846153718,0.35122079702524034,0.009205373910757209,0.3120759615384615,0.011073518254206726,0.33407576810396633,0.02393548896985176,0.2910212214543269,0.02010975060096154,52.57114738541396,107.1074542141945,141.91444767707605,163.54924549414343,101.06356627210278,79.99726240627847,49.14975280101426,155.8698637808601,156.04121209650688,49.07797618626403,141.9010368156641,179.67655338071822,160.2483314729358,158.90540428160938,30.190697862808445,0.9876512016781976,177.25895018596734,170.58820359414912,175.12202985640138,2.7804276498977645,-6.435179482773728,1.7526556003428102,-8.150073464797584,-0.037761618318876665,5.525010143449233,5.843804779872025,-5.748448934081802,8.375533965428021,8.741729891975096,-4.516110122899615,4.7899011781856915,1.0280079344271433,1.8860770857170621,-0.9208245014614028,1.795089868363729,1.660726409279906,-0.14438097587361462,6.359543014104391,-3.2710586055748583,-6.304519160944139,-36.23020796637567,-87.54521320756477,519.4498157921136,-468.13481055093234,-157.80741166881288,95.30756390127442,758.3076331269898,1824.915607825656,-2645.723088720184,246.14672440335949,-241.4802779687748,-359.12592727852683,-501.9502694982627,-21.279943224867772,198.72648804791635,-17.235318124811535,302.51049641242423,173.20495981702575,329.2283281408087,442.3147850546781
157,-,swing,0.785,0.3531374699519231,0.09506084735577117,-1.4622145432691123,2201.6977163460897,0.020612342247596158,-0.04751352163461643,-5.629507211538505,1155.6678185096448,0.34614208984375,0.09509840745192114,-5.599834735576783,-302.9221754807236,0.012084303635817306,0.028307166466345877,2.034254807692228,792.6964393028932,0.35223629056490385,0.012901893028849353,-1.0111177884619662,54.4996995190948,0.002799062875600958,0.022311636117788837,-2.2533240685096394,-572.3501352163636,0.35485516826923075,0.005878155048077977,-2.256610576922831,424.20372596152384,0.0019175743689903851,0.013310359074519816,-1.3603327824519815,-261.3337590144364,0.318349609375,0.23377403846153702,-4.846003605769027,-144.287109374974,0.023170100285456727,0.0,2.3821551983173275,-157.0857121394177,0.3208715069110577,0.35859375000000215,11.688701923076561,-1851.0742187500766,0.011588303786057685,0.03231013371394334,8.182654747596175,354.8677884615122,0.30532269756610575,0.40310621995192053,18.64877554086538,-204.36448317301412,0.010599064753605766,-0.15713454026442378,-0.9734637920673325,513.6249248798283,0.3107138484074519,0.442341496394227,14.705904447115367,63.43900240396433,0.005563241811899031,-0.03965407151442359,-6.0323392427884155,-479.3607271634513,0.31594290865384617,0.37479905348557463,-1.2886868990386036,3585.5994591346603,0.0037687612680288446,0.006167367788462158,2.589299128605694,-277.7850811298269,0.37769136868990383,0.19234149639423254,-16.231219951922643,700.8338341345492,0.006793259840745192,0.001887394831731613,0.7546762319711451,81.18614783651756,0.36092442908653843,0.16666165865384927,17.843674879808283,850.5483774037234,0.025845759465144225,0.010768479567307965,-0.21587665264416425,-229.88656850961232,0.34505528846153843,0.14425706129807522,6.081355168269787,1003.7184495192952,0.02899967134915865,0.011473670372595658,-0.11127178485587076,-149.26382211537208,0.3265423302283654,0.16784104567307265,0.2835787259619635,178.41045673089246,0.032358079176682694,-0.01191218449519137,2.6638559194710982,-800.452599158672,0.3083861553485577,0.18906062199519608,-4.5877779447112035,-518.8551682693264,0.029394474909855764,-0.04358004056490418,1.6717059795673366,-406.5786508413428,0.2925671574519231,0.23226412259615395,-9.995304987980829,-64.56580528846361,0.019828547551081724,-0.03987192007211534,-3.51477989783646,-942.1762319711511,0.2925671574519231,0.23226412259615395,-9.995304987980829,-64.56580528846361,0.019828547551081724,-0.03987192007211534,-3.51477989783646,-942.1762319711511,0.35159275465745193,0.009353320782001202,0.3142401141826923,0.010937894381009611,0.33519445487780447,0.023869965382111374,0.2925671574519231,0.019828547551081724,50.63865360604981,107.3604814216006,141.88089958825415,161.3972725961951,102.28421403140905,81.35612472036863,46.688582273007604,155.89267391259887,161.0590825661712,48.650968762513415,142.58980484343675,179.04134885589875,160.44733269759908,158.10871573126994,31.161829109282078,2.309948620682556,176.01580624836473,171.2575015144355,173.86145812061693,0.9297114752287307,-8.295799855124812,-0.4931412595194913,-5.810138883991728,-1.9925197116136033,9.523442333093804,2.555616479106513,-4.454882112493393,11.998916942731686,4.535023981962012,-1.4038881283095148,1.5147808773455993,-0.6493326444376274,-0.6264316474986925,-1.1584378456614963,2.909319076964642,0.7463619014469156,1.9395831779181343,7.442311291983688,-0.2377558838260183,-2.9844582565101665,-503.3131516042979,-583.9569387170308,165.33152871262635,-84.68774159990018,516.2292757254675,-277.3005009764002,745.3855585716071,-668.5586782026165,162.1018943800664,691.5108867362694,-734.8552053129151,-159.74230530578532,-297.77921251786967,-67.96693737727277,162.61862954430964,-245.89904647879425,282.74122808285404,49.486487958309986,770.9408558421135,823.2342074271223
158,-,swing,0.79,0.3532285907451923,0.17719726562500077,14.236027644230461,162.37229567306304,0.020137207031249993,-0.0562950721153851,3.873197115384773,1125.9014423077,0.3465225360576923,0.07613807091346174,-2.207782451922876,1407.9402043268817,0.012132915790264417,0.05975529597355694,4.066631610576959,-583.4960937499812,0.35230750450721154,0.00794771634615165,0.013521634614765953,781.8885216346862,0.00279795485276442,-0.00011080228365378799,-2.231163611778882,-33.89798677884405,0.3549139498197115,0.005878155048077977,1.981295072115415,964.2803485576641,0.0019175743689903851,0.0,-1.3310359074519804,28.95883413461799,0.31920703125,0.21085486778846232,-0.8586237980767734,735.9900841345506,0.023170100285456727,0.006241548978365425,0.6241548978365419,-300.6310096153867,0.32271983924278846,0.3864595853365346,-10.03042367788474,-2693.922776442196,0.011911405123197119,0.08796292818509652,4.626934344951753,-1277.7287409855805,0.30732769305889424,0.4074988731971148,9.360727163461572,-1399.8647836538328,0.00972369854266826,-0.14376971905048067,7.695688100961676,958.91864483173,0.3128255709134615,0.4675236628605746,7.9627403846160725,-1387.263371394162,0.005210514948918263,-0.06654240534855743,0.8384352463942909,1268.657977764414,0.3164258188100961,0.3892878605769198,28.689340444711895,1739.483173076979,0.0037687612680288446,0.0,1.103891225961438,73.03560697115279,0.3784827599158654,0.15618239182692548,-6.049053485577261,1909.630408653768,0.006793259840745192,0.011893404447114998,1.0006009615383376,-194.40166766826422,0.36169298377403847,0.27340369591346536,12.519155649037803,-2515.5874399039817,0.025953444260817304,0.0023024338942315126,-1.9234525240384401,83.2237830528657,0.34564182692307693,0.2059382512019257,8.258713942307914,-963.9423076923642,0.029030958909254806,0.009190955528845515,-0.541147085336562,-80.78237680286793,0.32712665264423074,0.19409179687500094,4.605994591346797,-256.0471754808328,0.03232508263221154,-0.0032996544471156045,1.191218449519136,-177.49962439902964,0.30909078275240387,0.16107083834134825,-3.5499924879811515,1041.823167067243,0.029086810772235572,-0.041449444110576404,-0.30019906850961536,-403.7616436298175,0.29334386268028845,0.2167780949519247,0.9842623197114894,1348.069411057636,0.019711031400240386,-0.10206392728365339,-5.464993990384599,1273.024338942299,0.29334386268028845,0.2167780949519247,0.9842623197114894,1348.069411057636,0.019711031400240386,-0.10206392728365339,-5.464993990384599,1273.024338942299,0.35174314528245193,0.009246413010817304,0.3157011906550481,0.010756896033653842,0.335896478114984,0.023816764635917465,0.29334386268028845,0.019711031400240386,50.04347468587623,108.2565664262596,140.4503624364939,161.33654582312275,107.32836282044308,80.76098246260146,47.471766438048036,162.44168363547507,158.17589520952143,48.77241247595214,142.08128297100987,179.23451321609767,159.73300457414248,159.40904845768543,30.769738305112316,2.003480397502744,178.9691777714518,173.6720503340433,172.60288835424592,0.09650381084280746,-11.468310998816712,-4.086913786827503,-6.496758177671319,-0.8846390343178793,10.687302900703912,3.070799770108021,1.7054066516342765,1.6899471834018505,10.362748835775761,2.3989987444630856,-2.5586508749434667,-0.5694151186307111,-1.0917150394616373,-1.6004938752341311,3.421276163806827,-0.7982640555080387,2.683031304954928,6.854407893687491,4.438349952846284,1.9278229133270917,-256.42249337405167,-225.2751073736344,-462.2970831786414,431.14969717822953,-207.49277178010635,313.7566249943429,785.4641745026299,-1458.8148969948086,779.6145757064186,421.60109847544066,-468.66480399370505,71.00617489439895,-167.68568618024082,120.24206459997778,-35.09981663615817,-110.68580748353098,44.46715013645344,-274.9555687952783,651.1925586089562,952.3146128009402
159,-,swing,0.795,0.3549094426081731,0.2374211237980759,0.16150841346151953,-1463.9798677883966,0.020049391526442306,-0.008781550480768667,5.629507211538505,-223.6891526442569,0.3469034705528846,0.07302058293269235,8.479567307692045,1716.1959134615556,0.012681856595552876,0.0689734825721155,-3.8007061298075895,-724.6375450721248,0.35231576772836537,0.013037109374997012,6.807767427884903,535.2689302886002,0.00279795485276442,0.0,-2.59230393629808,-79.53350360576074,0.3549139498197115,0.025691105769232146,7.386192908653819,85.4492187499776,0.0019175743689903851,0.0,-1.0707444411058014,-56.42465444710684,0.32045815805288463,0.22518780048076928,2.513897235576485,815.6926081730442,0.02323251577524038,0.006241548978365425,-0.6241548978365419,-319.7209284855748,0.32473610276442305,0.2582895132211547,-15.250525841345425,1849.571814903856,0.012467933067908651,0.0785794771634609,-4.5946326622596425,-1035.9168419470905,0.3093976862980769,0.4967134915865363,4.650127704327041,-3178.2414362980703,0.009161367563100958,-0.08017765925480695,8.615722656249975,-478.21514423079674,0.31538908503605767,0.5219689002403878,0.8332707331737347,-2422.7388822116664,0.004897817758413456,-0.03126971905048068,6.654240534855737,228.8536658653772,0.31983578725961537,0.6616924579326938,16.106144831731203,-6901.123046875051,0.0037687612680288446,0.017206280048076547,3.3196551983172227,-122.54920372595207,0.3792531926081731,0.13185096153845988,2.8650841346150537,1828.1250000000643,0.006912193885216342,0.011893404447114998,-1.1893404447114988,-218.99414062498346,0.3636584660456731,0.2918532151442274,-7.312199519231553,-1526.1418269229507,0.02586878380408654,-0.008466045673076454,0.6163611778844935,549.9737079326785,0.3471146709735577,0.22684420072115444,-3.5580679086538636,-386.9441105769912,0.029091580904447106,0.006062199519230033,-0.9190955528845507,-316.810021033633,0.3284832481971154,0.21390099158654066,-2.276893028846367,-485.31400240392344,0.03232508263221154,0.0,0.8888596754808004,111.4971454326954,0.30999686373197116,0.15356069711538453,5.830453725961238,1563.4202223557786,0.02897998046875,-0.046582031250000336,-2.3659104567308424,203.74474158654735,0.2947349384014423,0.24210674579326885,3.4853891225955445,278.01983173081334,0.01880790827824519,-0.09452185997596138,9.21546349158654,1422.8891225961481,0.2947349384014423,0.24210674579326885,3.4853891225955445,278.01983173081334,0.01880790827824519,-0.09452185997596138,9.21546349158654,1422.8891225961481,0.35226065767728365,0.009361694335937497,0.3179633638822115,0.010705679086538458,0.3372068966596555,0.023664254995492785,0.2947349384014423,0.01880790827824519,42.62196446772672,103.91741974290716,137.4232273434859,161.28131738133368,111.67333045621544,80.49198682821306,47.60141933201276,158.8107264897791,165.75317146263663,50.55741889692174,140.4659699283465,178.82228133534136,159.8976694174495,156.5732071653696,33.683453256571255,0.5066542149072503,178.6089067692821,176.8855128429693,177.46828455698525,2.4805191596411382,-10.860024788865331,-2.745892333255837,-10.433109715778146,2.3189772601686953,7.448514615292739,5.693182729049945,3.399759632532914,-2.5892320272164127,12.331169739026205,2.812122856444896,-3.1718671625914547,0.060729104506362874,-2.3032885093011024,0.04398280033828246,2.55832091060306,-0.36049617338839507,2.384254679282669,4.692755604030903,6.274169702263549,6.538687871499243,437.4111335656231,746.4043217828752,-720.61939933432,411.62621111706807,-700.2614805267659,257.7058254200088,-177.1117859812218,-162.46055389206728,-102.98331523345796,-35.404453662962666,-82.93409532824187,17.416548237254542,-277.09541454446764,397.8354848711245,-262.5315645244814,328.4284854820827,-377.26309388287075,-808.6353374658491,-122.69193235595368,731.0930253266686
160,-,swing,0.8,0.35560280198317307,0.17881234975961596,-0.4037710336535185,326.0967548076579,0.020049391526442306,0.0,1.6363055889422022,-450.90895432693566,0.3472527418870192,0.16093374399038227,14.954176682692697,-940.4672475961085,0.012822650615985573,0.021748234675481017,-3.1797438401442952,599.3652343749945,0.3524378756009615,0.07602539062500073,5.366210937500773,-1412.1844951923108,0.00279795485276442,-0.026033841646634612,-3.02649864783649,477.25736177885034,0.35517086087740385,0.07974008413461624,2.835787259615192,-1536.0201322115422,0.0019175743689903851,-0.010707444411058023,-1.8952824519230493,131.69508713943534,0.3214589092548077,0.2359938401442272,7.298302283653675,-312.95072115378076,0.02323251577524038,0.0,-2.573054387019209,-215.6888521634559,0.325302734375,0.23395432692308019,8.465294471153838,2683.0303485575946,0.012697199894831729,0.042016601562500054,-5.732234074519161,350.3136268028912,0.3122948279747596,0.45400015024038526,-22.42168719951916,-1705.7729867788707,0.00892192195012019,-0.057612492487980844,2.9135366586537046,-871.5632512019237,0.3180452599158654,0.475856370192312,-16.264648437500615,-622.1266526443814,0.004897817758413456,0.0,3.1269719050480647,-665.4240534855732,0.32304274338942307,0.550349308894232,-40.32189002403867,-3502.1409254808373,0.00394082406850961,0.03319655198317226,-0.12160081129808364,-745.9341195913247,0.37980126953125,0.18483323317307604,12.2321965144234,96.00360576927906,0.006912193885216342,0.0,-1.1893404447114988,111.29995492788176,0.36461151592548074,0.20028170072114976,-2.7422626201917186,1500.1502403847417,0.02586878380408654,0.008466045673076454,3.57628455528835,141.05694110579068,0.3479102689302885,0.17035757211538702,4.389272836537998,1584.2848557691643,0.029091580904447106,0.0,-3.709247295672895,-218.393179086534,0.32926566256009615,0.17132286658653725,-0.24714543269244138,1009.8407451923334,0.03232508263221154,0.0055889423076924075,2.306189903846091,29.954176682681016,0.3106263897235577,0.21937537560096068,12.084209735576648,-457.9326923076485,0.028620990459735568,-0.06510854867788485,1.7372483473558598,887.6765324519313,0.29576493013822114,0.2516319861778802,3.764460637019625,-4.920372596029217,0.01876581280048077,-0.009909292367787917,8.763897235576895,-948.8900991586588,0.29576493013822114,0.2516319861778802,3.764460637019625,-4.920372596029217,0.01876581280048077,-0.009909292367787917,8.763897235576895,-948.8900991586588,0.35261607008713935,0.009396892841045671,0.3200288949819711,0.010738055889423073,0.3379966728014823,0.023597407414362975,0.29576493013822114,0.01876581280048077,40.87526197246726,103.5256285563166,135.2050151989141,162.14461821723654,110.04457036494411,86.13971629514204,51.16829384677456,155.85661643994834,169.15937637336327,51.29510114530326,139.6268748393029,178.9168684086212,158.92147482732207,157.6898665218861,33.54981425756448,1.4188307679252774,179.27764076731182,176.74205156669882,179.14416502903842,4.543303462953071,-7.0941996631604765,3.3771294310012547,-13.702952171014525,3.231623076852805,3.6846880954362473,5.647858024308111,-0.06571120817794313,0.06534164448117602,9.33291568344118,2.0449542078334586,-3.387991828225886,-0.39524963625816556,-3.8626691849063164,2.3778609734771172,0.7959605185620104,2.4860207993127914,-1.0895996338737826,-1.2319454809710073,3.2114306292867463,9.238753166593783,715.81722784111,1154.8013888449307,-426.3484031682633,-12.635757835557316,-135.9050412985583,-531.69410607265,-795.959581867511,1190.9672360832803,-1062.6068015869787,-140.73150287816836,-71.84831093196549,-143.8777511372311,-201.16506360714905,280.3781598615224,-261.42708509627033,450.4775271924624,-560.8156806941435,-1036.6718953848535,-691.8961399712119,218.29244286685537
161,-,swing,0.805,0.35669756610576925,0.2333834134615407,3.4224759615381015,-799.5042067308594,0.020049391526442306,0.00758150540865337,1.120417668269145,199.69764122597323,0.34851280799278844,0.22256234975961944,-0.9251051682690462,-2589.130108173181,0.012899338942307687,0.037176044170672516,2.192946213942361,470.7594651442425,0.3530760216346154,0.06669921875000479,-7.314077524038218,-1227.5390625001685,0.0025376164362980735,-0.030264986478364925,2.180269681490428,605.2997295672974,0.3557113506610577,0.05404897836538409,-7.9740084134616165,-1034.8182091345886,0.0018104999248798048,-0.01895282451923051,0.2462064302885532,295.2505258413388,0.3228180964543269,0.2981708233173061,-0.6156099759613254,-1763.9347956730448,0.02323251577524038,-0.019488994891826688,-2.7810434194711027,360.37034254807105,0.32707564603365386,0.3429424579326931,11.579777644230546,-452.4113581730874,0.012888099083533652,0.021257136418269245,-1.0914963942307272,764.2540564903717,0.31393768780048076,0.2724966195913445,-12.407602163461684,4005.033052884621,0.00858524263822115,-0.05104229266826988,-0.09990985576926936,-997.8966346153558,0.3201476487379808,0.3593224158653815,-5.387995793270084,3955.2283653846894,0.004897817758413456,0.0,0.0,-1403.5644531249882,0.3253392803485577,0.25847355769230673,-18.9152644230772,8593.6748798077,0.0041007267878605674,0.01599027193509571,-4.139685997596031,-307.64535757210524,0.38110152493990385,0.254172926682694,3.8251201923078453,-1726.5249399038796,0.006912193885216342,0.0,-0.07634089543268038,86.54785156249324,0.3656612830528846,0.2644305889423102,7.689302884615877,-192.30769230776926,0.025953444260817304,0.027296799879807074,2.0269305889424016,-468.2617187499864,0.34881824669471156,0.27073692908653446,12.284780649037794,-870.7181490383831,0.029091580904447106,-0.03103027343749895,-3.1030273437498925,681.2274639422781,0.33019647686298076,0.21142953725961625,7.821514423076977,426.72025240386614,0.03238097205528846,0.023061899038460933,1.1884014423076108,-460.4867788461351,0.31219061748798077,0.2744027944711511,1.2511268028847489,-1446.7397836537798,0.02832889498197115,-0.029209547776441722,6.5108548677884786,212.34600360575618,0.29725125826322113,0.27975135216346514,3.4361853966352522,-406.6443810097346,0.01870881535456731,-0.00688288762019234,-0.2734375000000562,-1014.8174579326902,0.29725125826322113,0.27975135216346514,3.4361853966352522,-406.6443810097346,0.01870881535456731,-0.00688288762019234,-0.2734375000000562,-1014.8174579326902,0.3534994365985577,0.009324211707481968,0.321863671875,0.010740880408653841,0.33920323455028045,0.02356265024038461,0.29725125826322113,0.01870881535456731,41.13985874517565,107.37157804075687,129.1930522085032,164.57522849591564,112.37106001984154,85.7632511589681,48.83581121337361,158.0271790879375,171.27132087749857,50.96196322755929,139.59217492736494,179.46337930482986,157.29980112690154,159.90349853198583,32.77918288135854,2.2749509722868813,179.80557516472118,176.2537529937,178.104684762481,7.7220883808270635,-3.7018525104542257,8.80212155519348,-14.696593747460783,2.192619681813122,6.089464202307155,0.3762416683234401,-4.559836186142204,9.3204403336164,1.7051017231564087,1.4048078276632112,-3.8903502719111103,-1.378048406865949,-4.314939145372595,2.847764398953509,-0.05594994035964524,4.144279098536233,-3.2239021276587705,-5.67396334981764,-0.6447916974485762,8.721612300167799,337.221026145828,620.3914181137294,185.47824563479108,-468.6486376026969,762.2655062061975,-991.166408517366,-415.65840247284757,527.5756911493969,-511.9778384633368,-56.29330553745805,-59.55777008667774,-172.5810257376767,114.60746006524556,-238.34342517562624,42.20284625042084,91.28825640954426,-271.2507995447528,-443.19658819660293,-438.628835886025,-264.78822663696656
162,-,swing,0.81,0.3579366361177885,0.213037109374997,-8.39881310096212,-906.888521634561,0.02012520658052884,0.011204176682691459,3.6332820012019362,178.8330078125173,0.3494783653846154,0.1516826923076918,-10.937124399039137,-386.56850961538044,0.013194411057692298,0.043677696814904646,1.5278508112981344,88.75450721151901,0.35310486778846156,0.0028846153846184804,-6.909179687500921,678.6358173075917,0.0024953049879807704,-0.004231144831730312,3.02649864783649,111.50653545671769,0.3557113506610577,0.0,-7.512394831730704,-43.419471153827125,0.0017280461237980799,-0.008245380108172488,1.0572228064903413,-53.14753605771535,0.32444061748798075,0.22983774038461394,-10.34104567307679,41.0907451923178,0.023037625826322114,-0.02781043419471105,1.0306490384615046,547.5980318509473,0.32873215895432695,0.34975210336538576,3.9411808894229594,-706.8058894231206,0.012909771259014421,0.031101637620192774,1.9103064903845635,144.62515024037083,0.31501979417067305,0.3299241286057683,17.628643329327087,2534.029447115442,0.008411499023437491,-0.05861159104567354,-7.065429687499862,-686.7957481971038,0.3216384840745192,0.4219764122596111,23.287635216346317,2001.4648437501278,0.004897817758413456,0.0,-10.90867262620183,-1130.399263822104,0.32562747896634614,0.3611966646634598,45.614858774038396,2321.1012620192823,0.0041007267878605674,-0.008200307992788085,-3.198054387019139,116.35178786056886,0.3823429987980769,0.22308443509615453,-5.033052884615412,-64.49068509617452,0.006912193885216342,-0.0007634089543268046,-0.3238619290865657,15.268179086536064,0.36725582181490385,0.2771747295673086,-4.665339543269413,-2256.9861778846625,0.02614175180288461,0.028735351562500486,-1.1063326322115188,-164.91699218751336,0.3506176382211538,0.29320537860576507,-4.3179086538458415,-2577.5991586537352,0.028781278170072117,-0.03103027343749895,3.1030273437498925,782.66789362978,0.3313799579326923,0.2495380108173071,4.0200570913462235,-1570.6505408653547,0.03255570162259615,0.017472956730768527,-2.2986778846152647,-203.3879206730644,0.31337041766826923,0.23188664362980818,-2.383188100961162,-276.9305889423474,0.02832889498197115,0.0,3.8607083834134235,-557.110126201922,0.2985624436598558,0.28599384014423274,-0.3019831730777242,-908.7477463943197,0.018696983924278848,-0.012643667367788481,-1.3842773437500155,-122.13604266826628,0.2985624436598558,0.28599384014423274,-0.3019831730777242,-908.7477463943197,0.018696983924278848,-0.012643667367788481,-1.3842773437500155,-122.13604266826628,0.3540578049879808,0.009385742187499997,0.32309170673076915,0.01067148813100961,0.3405882130158253,0.023569467397836535,0.2985624436598558,0.018696983924278848,39.33154941676051,110.60726602638356,125.1268977834138,163.59738560696323,112.9641455575348,85.19767097430494,46.12442530982813,163.3375450509731,168.69984617103853,51.882885507505854,137.1315489885267,177.9140311662589,155.69143360617937,160.1659990325425,33.04216403150445,4.5083386275939885,175.89962556461373,172.186251883817,177.48653078646535,10.735181521925357,-3.721989401702194,9.581043612138554,-11.848169714666613,-1.4548632991741681,11.307343157498229,-4.263806060865557,-4.222295232906422,5.34109855597515,4.213137298807808,1.4820211524588776,-3.983569529092664,-2.121059893634934,-2.7165945842538597,-0.005573278279147326,1.2179889810662192,3.398903363408235,-3.8021076293213127,-5.663911362937041,-1.1748577295735074,6.5908709002241155,-86.53735278621882,-174.94769486484628,1507.579781637351,-1419.169439558738,814.4233166158184,-465.5065344595114,513.9201619425484,-1100.0594379770391,763.8964107151866,-131.74790236614362,217.73500855804392,-31.324873854550134,337.3845976160078,-483.02390827616915,228.95054992938387,-237.9275639117332,147.41515498727574,225.5911639228088,-47.68255713374795,-416.66904391593033
163,-,swing,0.815,0.3588279371995192,0.14939528245191944,-5.646409254807517,981.5204326923931,0.02016143329326922,0.043914325420672765,2.9087477463943197,-802.4714543269201,0.35002963491586536,0.11319110576922799,-4.790790264422854,1046.5745192308445,0.013336115910456733,0.05245455228365387,3.0804912860575517,-116.60531850961296,0.35310486778846156,-0.002392578125004483,-0.5277193509622958,714.8437500001363,0.0024953049879807704,0.0,3.295335036057606,88.59487680289133,0.3557113506610577,-0.021074969951923022,-8.408203124999888,331.9185697115415,0.0017280461237980799,-0.008380596454327087,-0.28526893028860073,-49.09104567307738,0.32511647385817305,0.19476036658653811,-0.20470252403814707,1075.9089543269065,0.02295441143329327,-0.009182504507211633,2.6949368990383755,-2.6292067307614997,0.3305731670673077,0.38235426682692275,4.511718749999334,-1708.8341346154177,0.01319911545973558,0.040360201322114896,0.3547551081729824,-336.1253004807571,0.31723692908653844,0.44878305288461556,12.932692307692761,-1741.642878605782,0.007999126727764413,-0.12169658954326856,-6.967867337740313,1337.6934344951733,0.3243674128605769,0.5921987680288449,14.626652644231212,-3782.1138822115468,0.004897817758413456,-0.10908672626201839,-11.303992638221052,2125.3474308894015,0.3289512469951923,0.7146221454326911,4.295748197115642,-9146.033653846116,0.0040187237079326865,-0.01599027193509571,-2.976168118990341,177.98790564903197,0.3833323692908654,0.20384239783653982,3.1802133413460996,665.3019831730485,0.006904559795673074,-0.00323861929086566,0.07634089543268038,289.52261117789953,0.3684330303485577,0.21777719350961602,-14.880558894230765,-700.5709134615381,0.02624079777644231,0.016233473557691877,0.37776066706726663,296.7904897836624,0.3517503004807692,0.227557842548076,-13.491210937499583,-220.17728365386552,0.028781278170072117,0.0,4.723651592547914,-147.57361778845697,0.33269185697115383,0.2516301081730785,-7.884990985576586,-1786.0576923077142,0.03255570162259615,7.512019230826443e-05,-0.8454777644230348,382.25848858171213,0.31450948392427885,0.2505709134615395,-1.5181790865387277,-663.4990985577275,0.02832889498197115,0.009397536057692548,0.939753605769254,-480.0461989182673,0.30011119666466346,0.2767315204326879,-5.651292067307954,-364.95267427871727,0.018582378680889425,-0.020725661057692506,-1.49479792668272,-604.6236478365314,0.30011119666466346,0.2767315204326879,-5.651292067307954,-364.95267427871727,0.018582378680889425,-0.020725661057692506,-1.49479792668272,-604.6236478365314,0.35441844764122593,0.009430225078876201,0.32524904597355764,0.010613839017427882,0.34180470628004805,0.023565601837940705,0.30011119666466346,0.018582378680889425,37.802661266565394,111.96551474905169,122.23976091055046,163.59738560696323,119.22077321227077,82.08074393920697,44.80750680684983,167.35045470834606,169.1435556362818,52.38432132128046,136.27427623688035,177.4564278473593,155.71087658202313,158.9920210879426,34.0949326192328,4.540637399350774,176.44544240763733,171.68848793415725,178.01760351169193,11.279988361138894,-4.567226038316415,7.052644606545016,0.3792040689127415,-11.999074713774272,14.233697368465346,-4.278823676271678,0.5793654332832848,-1.6801540461540017,9.344065830308281,0.08732880400177381,-1.7130001863306694,-1.6912971454114507,-0.9410931692125137,-1.9824746838081868,2.2335555589341953,1.7650034594188997,-1.7497505777860118,-3.4180517105895505,-1.1216172687860562,4.554921861008491,-121.18690939202573,-432.1628856868546,2237.75480255958,-1926.778826264749,59.743708883042096,460.079869017446,942.3000947636967,-861.4483483111431,610.1314789235513,-336.30668473023144,514.9223111896619,158.1488493925451,240.6504225295865,-329.08572583915713,256.4352626892414,-414.30243851968703,584.8915923667331,472.5409181578835,34.49084745311908,-351.97321912660914
164,-,swing,0.82,0.35943058894230767,0.1565730168269218,1.4163912259618203,472.2806490385126,0.020564349834735568,0.04029165414663468,-4.391432542067273,-732.5627253605821,0.3506102764423077,0.10377478966346322,-0.4713792067306817,884.1271033653585,0.013718956580528838,0.07448260967548019,0.3617976262020036,-835.4492187499714,0.3530809420072115,-0.002392578125004483,0.2392578125004481,76.69771634627432,0.0024953049879807704,0.028722205528845777,3.912447415865404,-461.03140024036463,0.35550060096153846,-0.08408203124999895,-4.193209134615286,1600.1352163461042,0.001644240159254809,-0.011098069411058498,0.566312349759567,139.50758713944484,0.32638822115384614,0.22779071514423246,0.4180438701922858,208.5712139422976,0.022945800781249998,-0.0008610652043272708,1.0043569711538896,37.672776442322245,0.3325557016225962,0.39486929086537914,-13.147160456731232,-1990.6099759613408,0.01331337327223557,0.0346491887019226,-1.4509465144230105,-317.8617037259529,0.3195076246995192,0.45925105168269603,0.21221454326925107,-2117.7133413461606,0.007194533128004804,-0.12829026442307673,6.3115046574518825,1567.4954927884517,0.3275604717548077,0.5682429387019233,-14.533503605769186,-2495.3425480768733,0.003806950495793271,-0.11303992638221062,10.344801682692204,2260.798527644208,0.33277370042067306,0.40415414663461624,-45.84547776442285,672.2506009616002,0.00394082406850961,-0.03796198918269152,-1.4181753305288176,677.2367037259485,0.3843814227764423,0.25488656850961555,1.61996694711508,-1870.6054687499814,0.006879807692307685,0.0,2.5713641826924323,192.3640324519344,0.36943359375,0.12836914062500082,-11.6710486778848,1929.9128605769547,0.02630408653846153,0.032512958233173156,1.861572265625108,-264.2258864182761,0.3528932166466346,0.1582932692307691,-6.519681490384499,1948.354867788481,0.028781278170072117,0.016206242487980235,1.6272911658653215,-502.5165264422828,0.3338962590144231,0.17068810096154116,-13.840519831730933,847.3182091345656,0.03255645282451923,0.009018179086538172,1.5239070012018603,310.8473557692427,0.3158761268028846,0.2167048527644209,-9.018179086538442,-110.3703425479736,0.028422870342548076,0.009397536057692548,-0.939753605769254,-187.95072115385065,0.3013297588641827,0.22948091947115315,-3.9515099158649,1031.8697415866466,0.018489727313701923,-0.027591646634615694,-7.430513822115334,-1334.2191256009933,0.3013297588641827,0.22948091947115315,-3.9515099158649,1031.8697415866466,0.018489727313701923,-0.027591646634615694,-7.430513822115334,-1334.2191256009933,0.35465560208834135,0.009605712890624996,0.32775714393028843,0.010240296349158651,0.3429683963090946,0.023572370480268428,0.3013297588641827,0.018489727313701923,37.81483092777877,115.4002927172113,121.79280290871327,160.62173530185422,122.63074838543825,82.49328075640624,47.93900735218599,155.7140129761636,178.52899118650507,52.42014976713236,136.09752188736968,177.27798646609935,155.84091724242518,158.5917642062259,34.32763336294623,4.995428871744755,176.10243191195758,171.57177012726711,177.21181459684104,12.31427605959419,-4.933858495622452,5.259414755270004,10.529378310929207,-20.722651561821674,11.90478024632865,0.33699262930890733,5.200705714730553,-3.2733849271362883,10.314452088043327,-1.88104569484344,1.1656535828039594,-0.5395713997094815,-0.3100903589579926,-3.2964305366707216,3.7823416079586356,-0.7441210217886387,2.0468082943460235,-0.938502181358202,-0.8299492550423163,3.071138708958021,-15.991096364815757,-105.19042132583793,1058.8268913281622,-969.6275663671265,-847.3974996873665,934.1623334447885,377.5805736299969,505.46010875767064,-453.956553679026,-161.33654314778173,301.6397245170394,155.45725167120023,-25.125099670719695,-337.3410916665337,440.0589147395909,-525.9216940716439,468.99395146377555,270.84618997811066,140.70298543952453,-274.5805741476965
165,-,swing,0.825,0.36039366736778844,0.16355919471153765,-0.9236027644223869,-84.51021634614388,0.020564349834735568,0.0,-4.416879507211508,400.3718449519225,0.3510673828125,0.10847731370192117,4.050480769230739,1020.4326923077455,0.014080942007211536,0.05607252854567391,-5.274000901442169,-475.0976562500288,0.3530809420072115,0.0,0.2392578125004481,119.06550480767228,0.0027825270432692284,0.039124474158654075,-1.3149789663460443,-582.2753906250144,0.3548705303485577,-0.06300706129807593,7.593149038461168,778.6959134615305,0.0016170654296874948,-0.0027174729567314123,1.1098069411058489,-29.45650540864197,0.3273943810096154,0.19894080528846098,1.8810096153848304,881.3100961539045,0.022945800781249998,0.0008610652043272708,3.0716646634615983,261.00510817306974,0.3345218599759615,0.2508826622596103,-15.394381009614094,2810.021033653991,0.013545607346754807,0.02585073617788478,-2.8238619290865494,95.25240384613979,0.3218294396033654,0.4509051983173081,-8.244441105768866,-408.2031250000141,0.006716224083533645,-0.058581542968749685,8.707087590144218,-529.080904447112,0.33004984224759615,0.44686373197115287,-10.326772836537542,1307.7674278846246,0.0037674184945913486,-0.005638709435096251,11.303992638221052,-961.2379807692153,0.33299278846153846,0.25616736778846216,11.01825420673165,7619.027944711579,0.003639103816105771,-0.0301720252403839,3.796198918269149,978.1869741586506,0.38588123497596155,0.22004206730769063,-15.525841346153731,-1568.547175480744,0.006904559795673074,0.022475022536058688,1.999981219952026,-306.00210336541335,0.3697167217548077,0.10106670673076792,4.418569711538799,2056.039663461587,0.02656592735877404,0.03484919621394297,-2.2644981971154965,-522.5736177884916,0.3533332331730769,0.16236102764423097,5.992337740385243,1027.0808293269597,0.02894334059495192,0.01627291165865323,-0.30151367187491807,-37.015474759605084,0.33439873798076925,0.11322490985576907,0.5881911057690781,2232.872596153858,0.03264588341346153,0.01531419020432688,2.262995793269395,259.2210036057808,0.31667653245192307,0.16038912259615498,-2.621882512018465,1461.4633413461227,0.028422870342548076,0.0,-0.939753605769254,89.94704026442336,0.302406005859375,0.23721642127403886,4.667405348558522,1150.7850060095834,0.018306462214543268,-0.09503079927884592,-14.836989182692665,700.7868840144093,0.302406005859375,0.23721642127403886,4.667405348558522,1150.7850060095834,0.018306462214543268,-0.09503079927884592,-14.836989182692665,700.7868840144093,0.3548531306340144,0.009761221078725957,0.3293576622596154,0.010122830904447114,0.34373541103265226,0.02363150728665865,0.302406005859375,0.018306462214543268,34.806093951823804,114.7011544607511,133.1789508648904,146.92598862618232,127.170380774324,81.11288523893629,48.01708499470276,162.7627390894534,177.50344192910413,50.57480612490957,137.6817715990658,177.19229835495142,155.5326974889217,158.07011038709015,35.33291275496415,4.821678199656902,176.59516911814583,170.9930366350222,176.45148288019243,13.972327802588076,-4.727137001964572,6.000740393286636,10.967472982194373,-21.695350377445546,5.759722371591675,5.062799658176216,4.355171169583257,3.3744470414227092,4.804500293518017,-1.5260366274760448,1.303397058839727,-0.13672462869944713,-1.192344165919711,-5.355885600473527,6.634144706330108,-3.494213481297544,2.940188936851748,-0.7095898108084413,0.2854125856091902,1.8091161195315242,216.46951985061852,495.7221144938436,-480.6855104546591,201.43291581143058,-861.5364036913277,475.52407715951193,-319.59262976230804,734.7645004579949,-1220.0236247803552,242.49305394480746,-110.02740155655798,70.6156994681886,-232.8603428162223,-304.4994743616194,475.5098642577841,-259.2892599092739,-76.00181604446787,-32.23443722453476,87.9523493031042,-197.11264415452067
166,-,swing,0.83,0.36106618088942305,0.14733698918269791,0.5712890625003808,741.3987379806299,0.020564349834735568,-0.003877140925480443,-0.38771409254804395,480.4593599759654,0.3516950495793269,0.14427959735577064,9.732947716346782,464.20522836537793,0.014279681865985577,0.021742600661058452,-4.389178936298289,583.5899939903733,0.3530809420072115,0.0,1.429912860577172,119.06550480767176,0.0028865497295673115,0.015572415865385323,-1.9103064903847446,579.7776442307601,0.3548705303485577,-0.008150540865387197,3.593750000000025,-751.389723557605,0.0016170654296874948,0.0,0.27174729567314704,159.79942908653544,0.32837762920673075,0.24660081129808079,9.231144831731338,-389.7986778846398,0.02295441143329327,0.029855581430288738,3.614408052884589,-454.07339242790323,0.3350645282451923,0.24092548076923806,14.953049879808697,3212.8155048075755,0.013571880634014419,0.00641056941105708,-0.49842247596161177,917.2363281250302,0.3240166766826923,0.3768066406250073,-3.8698167067308935,1887.4699519229953,0.006608717698317307,-0.041219388521634474,1.0206956129807587,-867.9856520432946,0.3320291090745192,0.4649752103365478,-1.4558293269229283,498.08443509599306,0.0037505634014423084,0.0,0.7324218750000426,-582.7824519230837,0.3353353740985577,0.5143366887019328,30.344801682693003,-395.16977163479936,0.003639103816105771,0.0,8.363694411057697,155.02929687500082,0.38658184344951924,0.09962815504807811,-14.065504807692376,1972.3182091346212,0.007104557917668272,0.019999812199520278,-0.488656850961704,-10.310246394260789,0.3704442608173077,0.17255483774038885,8.88934795673109,-253.00480769238482,0.02665257850060096,0.009867976262018173,-3.364163912259812,287.9920372596558,0.3545168269230769,0.2182166466346216,3.751126802885107,-1623.9107572117061,0.02894400728665865,0.013191105769231052,1.2571364182692704,190.76772836537427,0.3350285081129808,0.17657001201923195,8.48820612980767,13.859675480764617,0.0327095947265625,0.03164813701923214,4.116117037259671,51.57940204324277,0.3174800180288462,0.19048602764423622,5.596454326922798,812.3685396633642,0.028422870342548076,0.0,-0.04028320312501969,44.46176382211318,0.30370192307692306,0.2761549729567384,7.556340144230944,-236.72250600977287,0.017539419320913463,-0.17596153846154247,-0.42264498197123535,3012.4042217549427,0.30370192307692306,0.2761549729567384,7.556340144230944,-236.72250600977287,0.017539419320913463,-0.17596153846154247,-0.42264498197123535,3012.4042217549427,0.3551781757061298,0.009836911714993988,0.3309646634615384,0.010104935396634615,0.34462556340144235,0.023562171349158653,0.30370192307692306,0.017539419320913463,33.847438676084124,116.91189436025816,132.2863759724588,144.64916834336717,125.47734791984193,86.74477733616816,51.85420176028407,162.2987264384663,178.06919705725971,50.45912132230324,137.72766454641038,177.2507057401872,155.33660663420116,155.42176301711663,38.30555022015578,2.948248007424319,179.26810315625715,171.26853676128258,177.6260737322462,13.321740670152714,-2.769163297116265,10.216635900208445,5.722523206382612,-18.708322403707367,3.289416209415367,5.092233400904031,2.00477941710747,4.074260077443668,-1.8857841597602356,0.5438848446046367,0.06537956723837862,0.1665855949724051,-2.6386937871202174,-6.341425280286918,8.53744025053648,-3.33701362088138,1.2867901339013441,-1.2608465536035498,0.049574237988726455,1.1000122674128128,389.18893806920397,943.2485847854603,-1186.1205540744213,632.0609073581536,58.22838994105197,-385.09994522572316,-418.0514278344102,-61.059336287822155,-608.9195136665229,355.0694186609655,-249.16411960894513,-39.53562086895427,-336.3639749005755,139.1422088144829,51.780846165118035,352.88528583616096,-575.0386684375314,-206.6750080525146,-305.5117391289626,96.13702070229883
167,-,swing,0.835,0.3618670372596154,0.16927208533654134,6.490384615383754,325.19531249991275,0.020525578425480764,-0.0038771409254803567,0.38771409254804395,154.3344350961461,0.35251017878605767,0.20580679086538692,8.69253305288442,-1591.5715144231463,0.014298368013822116,0.012180739182691958,0.5618990384614392,551.1944110577149,0.3530809420072115,0.014299128605771415,1.4299128605771403,-386.3431490385171,0.0029382512019230783,0.020021409254807037,4.482797475961433,646.2026742788698,0.35478902493990383,-0.027069561298076448,0.07925180288527865,-213.07842548080237,0.0016170654296874948,0.0,2.7078012319711693,611.2905649038443,0.32986038912259613,0.2912522536057724,-2.0169771634614846,-1814.3028846154969,0.02324435659555288,0.037005145733172394,-1.4690692608173375,-649.921123798059,0.33693111478365384,0.4004131610576941,16.73377403846098,-1189.9789663462918,0.013609713040865376,0.020866511418268768,6.348501352163558,634.3149038461747,0.3255975060096154,0.41220703124999997,10.630258413460687,1276.968149038499,0.006304030198317309,-0.048374586838942316,0.02723106971145581,74.25631009614939,0.3346995943509615,0.4323054387019239,-5.345928485577717,1320.5754206730428,0.0037674184945913486,0.0016855093149040197,5.476168118990339,457.51953124998903,0.3381361553485577,0.5596153846153857,7.06655649038374,-4376.1643629808295,0.003639103816105771,0.05346491887019129,5.346491887019124,-1371.0186298076808,0.3868775165264423,0.07938701923076989,4.197340745192061,3003.1550480768788,0.007104557917668272,0.01758845402644175,1.8968787560094202,176.03478064906537,0.37144227013221154,0.18996018629807693,1.8885216346150047,-736.2530048077477,0.02666460712139422,0.001207557091345567,0.6154221754810001,613.8070913461804,0.3555153996394231,0.19987229567308124,-10.246769831731473,-315.1292067308875,0.029075251652644227,0.028844275841345666,1.6061636117787839,153.01983173078247,0.3361644381009615,0.19810697115384396,0.7267878605767213,-910.156249999977,0.032962364783653844,0.05647536057692271,2.778789813701812,-36.26427283653438,0.3185813927283654,0.21635366586538177,5.501802884615004,121.39423076927656,0.028422870342548076,-0.00040283203125018836,-0.4951359675481317,8.056640625003842,0.3051675555889423,0.3127798227163467,2.3001802884608438,-1282.5082632211959,0.01654684682992788,-0.09925724909855818,15.287053034856116,771.5594951923216,0.3051675555889423,0.3127798227163467,2.3001802884608438,-1282.5082632211959,0.01654684682992788,-0.09925724909855818,15.287053034856116,771.5594951923216,0.35556179574819713,0.009844815767728363,0.3330449519230769,0.010112924429086536,0.345624762119391,0.023462749774639424,0.3051675555889423,0.01654684682992788,33.644703536479184,120.76842606067476,130.59788526090978,142.2783922148946,126.27440716964567,86.53155894745825,48.37830021097702,166.56598845596133,177.8616774501656,51.72228602200691,136.8845080928781,177.24869624787235,154.16569853721975,152.95593306319117,41.52027053257644,0.5817077077892867,178.33358367491763,170.77202625979754,178.09393247354646,13.38216529952761,-0.835247621272616,15.433226241141037,-0.8937325585495862,-15.374741303864145,6.342006271002182,1.2118002059190658,0.17465689123924416,2.7638536785445007,-1.2846948431470817,2.024657559133534,-1.188244137249671,-0.5320808373889814,-4.5559839149253945,-3.9644635123287273,7.151953167981278,0.03463937706399062,-2.8101977475234436,-2.776339891333543,-2.7697048056803704,2.770486326554492,117.65569389228719,495.34254261418846,-933.13462226573,555.4477735438342,913.3205322056926,-935.7445700396213,-242.19477449997595,445.43703668510034,193.17312753378275,44.170607149340675,15.226163176258295,-71.87901942635769,-388.8856117442541,750.9758894135249,-493.3660674212262,660.0704416681787,-633.3133682654441,-201.18197981363951,-524.2549710841163,364.40133654489006
168,-,swing,0.84,0.36275890174278846,0.2122408353365355,3.8232421874995115,-657.9777644229113,0.020525578425480764,0.0,1.1556302584134184,38.02020733173387,0.3537531174879808,0.2312049278846149,-6.182767427884695,-2784.3674879807377,0.014401489257812497,0.02736159104567285,1.122765174278865,-266.21657151441326,0.35322393329326923,0.014299128605771415,-2.4335186298080025,-244.85426682696533,0.003086763822115382,0.06040039062499969,4.5517202524039595,-159.79003906249235,0.35459983473557694,-0.00735802283653441,1.4629657451919993,-174.3539663462981,0.0016170654296874948,0.027078012319711717,6.384652944711594,-173.8750751201913,0.3312901517427885,0.22643103966346592,-8.911884014423647,-152.49399038469505,0.023324462890624995,0.01516488882211535,-2.8848031850960076,614.2108623798154,0.3390686598557692,0.408263221153848,3.0532602163457683,-2069.2983774038235,0.013780545748197107,0.06989558293269271,5.844726562500141,-1068.7913161057759,0.3281387469951923,0.48310922475961426,8.899864783654108,-1273.625300480664,0.006124971829927883,-0.040947077824519916,1.7632587139422533,-76.36906550478392,0.33635216346153846,0.4115159254807706,11.749924879807512,2048.001802884656,0.0037674184945913486,0.05476168118990344,5.307617187499937,-1095.233623798067,0.34093152794471154,0.5850022536057703,-13.416841947115326,-2532.6397235575946,0.004173753004807684,0.05346491887019129,-5.346491887019124,-1456.402118389401,0.38737571364182694,0.14160156249999875,15.966045673076437,885.4792668269364,0.00728044245793269,0.038968599759614496,1.2716909555289513,-469.144381009584,0.37234386268028846,0.1914400540865389,1.5268179086536062,61.14783653847146,0.026664654071514415,0.01602219801682818,2.773907001201998,-92.47295673081338,0.3565155498798077,0.11574894831730677,0.599834735576229,2857.7974759616395,0.029232450045072106,0.029252741887018905,2.7873347355770965,209.50082632212562,0.33700957782451924,0.18383789062499917,-0.613356370192108,-152.15594951918848,0.03327434833233173,0.05943603515625029,3.7534743088943268,486.6943359375017,0.3196435546875,0.2455040564903863,6.810396634615564,-560.4717548076794,0.028418842022235574,-0.004951359675481322,0.0402832031250188,219.73595252405775,0.30682972130408653,0.29915677584134687,-5.268742487981027,-526.2920673076356,0.01654684682992788,-0.023091008112981183,7.292949969951988,-1357.187124399064,0.30682972130408653,0.29915677584134687,-5.268742487981027,-526.2920673076356,0.01654684682992788,-0.023091008112981183,7.292949969951988,-1357.187124399064,0.35608394681490385,0.009907724233774035,0.33515625,0.010234230393629803,0.34661966333633815,0.023569597293169067,0.30682972130408653,0.01654684682992788,34.21638025190468,126.89412465440084,134.21016134943554,133.1120942480683,129.18081196595915,85.82751151290464,51.02375411956032,158.91390082194053,174.9293314626371,52.207539054144235,137.00716459163192,177.50792811876624,152.6723356712458,152.80583439038497,42.81505441135919,3.4994954639873312,176.5758466689343,169.62554491843895,175.65457684176695,14.795220372715718,-1.5926063581933922,15.170061326350334,-3.608823016274695,-13.15384466826902,12.4226215314723,-4.26521229949219,-0.4171683278922918,8.528630444294675,0.045947115577593636,0.9855909160980438,0.2176411990009617,-0.5522045992911724,-6.527549904562762,1.168333613848337,3.6037795763242144,3.2636907958004127,-5.046343548753103,-3.272666351739947,-5.192975472852441,4.7440256328617165,-345.5371956961056,-704.1831432440424,220.92725275559795,137.71869479235446,632.0951810110554,-441.21767670921497,48.466221776074434,1199.977038131366,-83.44452615611772,-263.311253253516,374.7226885776993,50.90026765424573,-372.797311556518,872.0687843912408,-559.7826405046602,354.4948138922559,-75.99664917925064,141.48628849228712,-155.28089822692138,98.39643056982963
169,-,swing,0.845,0.36398944561298074,0.2075045072115365,-0.08939302884536363,6.723257211627403,0.020525578425480764,0.007679161658653837,0.767916165865383,-192.35464242787998,0.3548222280649038,0.14397911658653992,-19.15114182692298,759.0519831730517,0.014571983924278845,0.023408390925480617,-2.1002666766826956,-409.9496694711508,0.35322393329326923,-0.010036057692308633,-1.0186298076925153,572.5661057692772,0.0035422551081730758,0.06553861177884668,2.8848970853365077,-417.95935997598775,0.3547154447115385,-0.012439903846156442,-1.6642878605777038,218.11147836547863,0.0018878455528846122,0.063846529447116,0.9690504807692549,-1276.9305889423176,0.3321246995192308,0.20213341346153585,-3.5419170673084364,968.5997596154931,0.023396005483774032,0.00815711388221229,4.673039362980822,982.8444260817056,0.3410137469951923,0.4309457632211518,-3.959209735577276,-838.454026442223,0.014308668870192304,0.07931377704327024,-4.33941180889421,-1377.6104266827147,0.33042859825721155,0.5012056790865411,-2.1059945913459646,-1414.3254206731535,0.00589455942007211,-0.030741999699519768,-0.736459585336384,-293.09082031247976,0.33881475360576924,0.5498046874999991,15.134089543268862,-2136.606069711495,0.0043150353064903835,0.05476168118990344,-5.476168118990339,-2736.384465144216,0.3439861778846154,0.42544696514423236,-18.25984074519223,1870.304987980738,0.004173753004807684,0.0,-9.217529296874899,-729.7832782452004,0.3882935321514423,0.23904747596153442,13.052133413461434,-1674.9549278844927,0.0074942439152644175,0.030305363581731276,-2.7945650540864237,-409.2454176682903,0.37335667067307693,0.205228365384613,2.49999999999972,-236.96664663452782,0.026824829101562503,0.028946627103365572,-0.3093073918271345,-605.9288611778969,0.35667288912259615,0.20587064302884353,18.331204927884947,-799.8798076921917,0.029367779071514416,0.05671762319711666,3.7011718750000417,324.98873197112005,0.3380028170072115,0.19197340745192287,-0.794771634615165,141.7893629807596,0.03355672513521635,0.09401010366586601,7.645733173076834,-170.2270507812765,0.32103643329326925,0.28445763221153747,-0.10291466346179491,-1573.3924278846187,0.028373356745793263,0.0,1.7022235576924476,71.19516225961834,0.3081591233473558,0.26009239783653637,-2.9627403846155174,981.2762920673982,0.01631593674879807,-0.026327749399038234,1.7151817908654636,-714.3836388221174,0.3081591233473558,0.26009239783653637,-2.9627403846155174,981.2762920673982,0.01631593674879807,-0.026327749399038234,1.7151817908654636,-714.3836388221174,0.35668776292067306,0.010131915752704324,0.33727359525240386,0.010417604417067303,0.347586910932492,0.023655478453024837,0.3081591233473558,0.01631593674879807,33.00146746958537,131.24668600324645,129.71895237936408,132.0358290869748,134.36802251742452,84.1130821845672,49.147745717353025,170.89827923514835,178.4350797494903,52.3065183859969,136.35983033097716,176.02049638610717,150.36580895623558,153.87162819512042,43.11671051777711,4.329971446415757,174.45705148956074,167.8638517298492,173.662207894794,17.260963311333338,-4.290619578233675,8.391394808700607,1.3155399690063951,-13.997554355940599,12.662958081112741,-3.200376561173088,0.6593191089999889,14.76362405985817,-2.1191401047082596,-0.6084549734016281,2.5589827485273253,-0.023078160846523567,-8.283957030490578,4.756224331583687,1.5541267629346698,3.5795875159865522,-3.5701642393159507,-1.3614770064106707,-4.322513787949585,3.754450632252789,-345.31687340663416,-941.2483480485516,681.1725005190705,-85.2410258771518,-331.889137304548,330.2231388499405,701.2764948681826,-444.40722517503343,-343.13462972589576,-234.48483536961234,517.3232608757985,221.51569135092382,-161.31389533426497,300.12612870734705,-107.00522975026198,-153.18773429640927,389.5034424691472,495.98756638364796,303.65962011265015,-369.43513444576797
170,-,swing,0.85,0.36483394681490383,0.21134690504808187,3.8904747596157856,155.8743990383024,0.020602370042067303,0.007679161658653837,-0.767916165865383,-153.58323317307648,0.3551929086538462,0.039693509615384946,1.4077524038458287,5468.149038461531,0.014635573167067303,0.006358924278845873,-2.9767315204326463,-207.20966045673026,0.35312357271634615,0.004112830528846253,3.2921424278847753,1197.71634615384,0.0037421499399038494,0.08924936147836479,0.37212665264407774,-1179.527869591326,0.35447543569711537,-0.024000901442311463,3.6440805288467875,1696.927584134751,0.0022555307241586553,0.036768517127404275,-6.384652944711594,-596.7454176682829,0.33331148587740383,0.19101186899038153,0.7741135817312915,1536.771334134708,0.023406034029447118,0.061895282451923606,6.943641075721057,-914.9545522836703,0.34337811748798075,0.3686711237980752,-5.33128004807647,122.85907451925462,0.01457368351862981,0.026501464843750575,-7.931377704327017,-467.50112680289527,0.3331508037860577,0.4620492788461546,-5.243389423077439,-722.2430889423636,0.005817551832932685,-0.04831167367788376,-1.1676494891825466,-277.45643028849395,0.34185021033653845,0.5628568209134593,-9.616135817307455,-4813.514122596106,0.0043150353064903835,0.0,-22.056227463942246,-2199.3126502403784,0.34518599759615387,0.40240384615384783,5.286207932692067,431.452824519172,0.004173753004807684,-0.038710374098557786,-12.644324669471136,72.52854567307818,0.3897661884014423,0.2721228966346132,-0.7835036057685062,-2053.4855769230257,0.007583496093750003,0.011022949218750234,-2.820763221153955,169.22701322113997,0.3743961463341346,0.21644005408653613,-0.8428485576916742,-751.5024038460805,0.02695412034254807,0.012929124098556831,-3.285381610576976,-137.93945312497132,0.35857425631009615,0.2990609975961564,-7.398963341345695,-3548.3398437500714,0.029799626277043273,0.06626446063701935,6.0372220552883,-92.66075721153771,0.33892931189903847,0.1758901742788475,0.8045372596154892,1287.6727764422578,0.03421444936899039,0.1358933668870187,2.0512038010815603,-1679.495004507199,0.3224881310096154,0.24447490985576836,-8.923527644230637,-361.51592548072557,0.028418842022235574,0.012070875901443168,0.7522348257212028,594.4073016826685,0.3094306452824519,0.26952937199519167,4.544020432692965,493.5208834134766,0.016283569335937498,-0.0059391902043265336,0.14911358173080821,-333.46792367788726,0.3094306452824519,0.26952937199519167,4.544020432692965,493.5208834134766,0.016283569335937498,-0.0059391902043265336,0.14911358173080821,-333.46792367788726,0.35690646597055287,0.010308905968299278,0.33937532301682694,0.010457211538461537,0.34893077987279647,0.023875683906750805,0.3094306452824519,0.016283569335937498,31.753186060472483,132.50904908632168,126.96219901873808,132.28193795541273,138.73664609931427,81.83189419441342,50.36769671786531,172.6260715438254,177.57477203203698,51.568994952878775,138.626439972839,177.5297358129395,147.91646441241124,156.5142854392907,42.90355103551977,4.809855515849551,174.4706097221154,168.5514121999556,173.13173097971668,17.59732205829267,-5.045775092259737,5.757577845864809,3.2029019889160155,-14.006254927040539,9.103730158426817,-0.9629809109927825,6.595596620789539,4.084558192544337,-3.385399181681367,-1.3592574375980815,5.390873807758951,1.6629523142180676,-8.140688857905413,4.16959490092181,2.5337272788215937,1.7318134528363185,-1.1513091240616269,1.6872093120965366,-2.156379271725937,1.0496742884040335,403.6638351373549,617.9670605526144,-347.80116890109565,133.4979434858316,-998.8524061830866,626.7474926586825,1522.5092184156624,-3786.085956973209,-619.2468226375724,-73.56845211487372,401.476068546746,303.7913894084804,440.4026157816069,-665.4627734512429,348.4413447702588,-198.5281592434084,283.1105858053013,443.1773415139954,446.3473334599303,-611.045904534222
171,-,swing,0.855,0.36610291466346156,0.24640925480769438,1.4693509615376619,-903.8837139423971,0.020602370042067303,0.0,-0.767916165865383,16.188401442310226,0.35521916316105767,0.15805664062499822,35.53034855769238,1257.925180288496,0.014635573167067303,-0.006358924278845873,-4.17236328125,71.20455228364054,0.3532650615985577,0.022885366586539148,10.958533653845896,1222.9942908653613,0.0044347487229567245,0.06925987830528746,-8.910381610576762,-728.3559945913103,0.35447543569711537,0.024000901442311463,15.30498798076982,739.7836538460249,0.0022555307241586553,0.0,-4.99840369591358,506.3100961538434,0.3340348182091346,0.20987454927884877,11.825796274038659,597.6562499999105,0.02401495830829327,0.07759352463942291,-4.476506159855889,-1433.2650991586388,0.3447004582331731,0.37763296274038705,-2.7306189903847287,-1868.2391826924058,0.01457368351862981,0.0,-9.014423076923167,154.0902944711649,0.3350490910456731,0.4487717848557667,-9.328425480769607,-2865.1592548076183,0.005411442683293272,-0.042418494591345245,-3.511023888221326,-289.4568810096468,0.34444332181490384,0.45364332932692447,-33.001051682692236,-3189.6784855769884,0.0043150353064903835,-0.16580059344951922,-27.469294621394145,2739.098182091344,0.34801021634615387,0.4783090444711531,-13.945312500000504,-4641.07572115384,0.003786649263822106,-0.12644324669471146,-8.492243840144116,2093.0739182692337,0.39101476111778843,0.23121243990384935,-7.482722355768844,-34.17968750013565,0.00760447340745192,0.0020977313701917005,-1.1022949218750224,462.3553936298196,0.3755210712139423,0.19679987980769625,-5.0150240384610925,173.71544471139669,0.02695412034254807,-0.003907189002404218,-1.688701923076849,367.1029897836649,0.3596634990985577,0.1318810096153865,-17.1521935096158,1506.9110576922353,0.03003042367788461,0.11708984374999971,2.774564302884664,-1774.6206430288246,0.33976171875,0.20001878004807777,12.081956129807425,727.8771033653578,0.034915658804086536,0.11452214167668164,-9.14921687199517,-1350.34179687497,0.32348118239182694,0.19522235576923103,-3.718073918269054,922.4008413461466,0.028494065504807695,0.0075223482572120345,7.646296574519138,751.0141225961338,0.3108544170673077,0.30553260216346606,1.9724684495192528,-1367.450420673207,0.016256544846754803,-0.02483661358173015,-1.619497445913412,233.45477764422023,0.3108544170673077,0.30553260216346606,1.9724684495192528,-1367.450420673207,0.016256544846754803,-0.02483661358173015,-1.619497445913412,233.45477764422023,0.3572656437800481,0.010482055664062497,0.3412475811298077,0.010420353816105768,0.3500494416065705,0.024042547763922274,0.3108544170673077,0.016256544846754803,28.732865928041658,129.57724683174993,140.1070942317524,119.04852486453939,138.48459466225583,85.02613417171513,50.167643681612795,178.2306182025066,171.5737033548648,51.31497306328264,139.66380005179315,177.1872201172362,144.68249653060926,157.42282943280068,44.10312103875043,5.4242053678395,174.30216032929638,169.5059523871377,173.1869244274982,17.033488882499917,-0.2539812268601225,14.571065414226757,-2.1624717200045644,-12.662574921082282,2.674434019281866,3.0670983654137425,15.884411293156628,-23.09723550987395,-8.31160833108399,-1.344139494550366,6.573743433994788,3.014835733238283,-3.879930872674505,-1.8984034029287482,5.038540210637261,1.5943059235524664,-0.7390583812629352,3.0702964087292868,0.1409595466497214,-2.3560084130894365,936.0993418454362,1564.4002729968659,-924.7628383183122,296.46190716687346,-1204.900086022358,658.9824957193101,1047.8579157011252,-3897.6041696654,-654.5928871120876,27.298895993733648,-40.5984424390304,94.83138959010414,937.1799245117867,-1161.1867364582931,331.4648584893092,-9.51615191607719,17.067982637026763,162.56871136264255,539.158476370293,-694.17535701198
172,-,swing,0.86,0.3672980393629808,0.2260404146634585,-5.148362379808193,-943.5096153845279,0.020602370042067303,0.0,-0.6060321514422806,16.188401442310226,0.35677347506009616,0.394996995192309,13.987004206730798,-6545.1096754807595,0.014571983924278845,-0.035364708533654164,-2.2646859975962403,770.8834134615406,0.35335242638221154,0.1136981670673053,15.5220853365384,-451.43479567299926,0.0044347487229567245,0.00014554537259708886,-6.911433293269031,889.5827073317045,0.3547154447115385,0.12904897836538687,11.041917067307043,-1874.887319711633,0.0022555307241586553,-0.01321551983173157,-1.3215519831731557,631.995567908673,0.3354102313701923,0.3092698317307682,6.750676081730402,-2112.4173677884382,0.024181969275841347,0.017130220853364672,-7.389009915865344,513.5498046875256,0.3471544471153846,0.3413649338942279,-24.013671875000544,-2159.6304086537957,0.01457368351862981,-0.06364276592548118,-6.390474759615366,1535.2501502404014,0.3376385216346154,0.36876502403845846,-33.89498197115365,-2754.8076923076183,0.0053933668870192325,-0.08342191256009705,-4.062218299279017,1039.5132211538762,0.3463866436298077,0.23284630408653675,-41.51292067307737,971.6421274038572,0.00265702937199519,-0.2746929462139417,5.334754356971218,5423.123873197085,0.3499690880408654,0.26295072115384266,-41.12454927884638,-1234.9759615383728,0.0029093205378605685,-0.12363281249999902,8.28641451322122,1552.9315655047853,0.3920783128004808,0.1972956730769247,-1.125300480769863,984.7881610576233,0.00760447340745192,0.0,1.802790715144245,430.67345252403743,0.37636414513221156,0.16628981370192517,0.8943058894222942,1082.2190504806674,0.02691504845252403,-0.003957895132211672,0.38564828725967604,177.33060396633812,0.35989306640625,0.12753906249999825,7.67014723557667,2383.4510216346685,0.03097052471454327,0.09401010366586601,-11.708984374999961,-1276.611328125021,0.34092949969951925,0.2967097355769219,8.083308293269074,-2357.2340745192037,0.035359670785757205,0.044401198167066905,-11.452214167668153,4.577636718752838,0.3244403545673077,0.2072941706730778,0.3004807692308373,177.62169471147138,0.028494065504807695,0.08853384164663461,8.262376051682548,-1567.9462139423047,0.31248597130408656,0.2892540564903842,-9.130483774039117,-1232.7035757211906,0.016035203200120196,-0.022134164663460666,2.4836613581730127,689.2277644230513,0.31248597130408656,0.2892540564903842,-9.130483774039117,-1232.7035757211906,0.016035203200120196,-0.022134164663460666,2.4836613581730127,689.2277644230513,0.3580348463792067,0.010466158353365382,0.3433117863581731,0.00994307391826923,0.3510318916516426,0.024229831010867387,0.31248597130408656,0.016035203200120196,29.811933278686904,138.4601111494797,129.32740248181565,122.02441964739151,140.7123992982425,83.25921726721022,61.34085164756023,158.60240022283347,175.97163530494097,50.86269294347437,142.96942438298214,179.19960886172353,144.3628346802574,156.42163885576733,46.1838002757952,5.382029595108578,174.75178321748956,170.8835434432995,172.423317370081,16.826951999217613,4.315218326194633,21.40158057583348,-6.044726394267114,-11.041635855371801,-2.9452707017967734,5.626844046200325,17.0741757778008,-34.8914835041097,-9.931328052802249,-1.0862684776607447,4.984889383368647,2.6112662101191098,1.231110387212463,-7.442272463661131,5.848375863714689,1.6366519336755465,-0.9806292976913591,3.3128964257229634,3.2352054919769975,-5.892079281715773,472.669810308837,6.50931872147708,734.4039919198395,-268.2435003324918,-904.9782718986672,260.6610710834273,-687.151026101287,47.037276589305634,314.4958383786761,40.35149204153371,-404.5542863596456,-193.54914678434164,885.8643125738815,-610.3802942986725,-140.91483735717196,28.405266843208405,53.706260863877105,159.63555280271237,473.58832626936214,-551.1123513649869
173,-,-,0.865,0.36836331881009615,0.1949256310096124,-7.965745192307626,255.82181490396633,0.020602370042067303,-0.006060321514422812,-0.6060321514422806,134.24917367788024,0.35916913311298077,0.2979266826923063,-29.920748197115273,-2518.5171274038007,0.014281926081730761,-0.029005784254808296,3.5364708533654134,769.0899188702147,0.35440204326923075,0.17810621995192327,6.444185697115899,381.4978966346072,0.004436204176682695,0.00014554537259708886,-0.014554537259708874,1083.2425631009223,0.35576592548076924,0.13442007211538198,-3.443885216346526,-470.74068509605945,0.0021233755258413395,-0.01321551983173157,1.3215519831731557,630.3335336538662,0.3371275165264423,0.27738131009615286,-9.298377403845743,-1364.2202524037887,0.024186260516826916,0.0037034254807694032,0.658991887019371,906.3251201922976,0.34811410757211536,0.1374962439903814,-24.326923076922704,1986.9666466347194,0.013937255859374997,-0.06390474759615372,6.338078425480859,1280.7147686297976,0.3387367412860577,0.10982196514422994,-36.87650240384581,2291.2785456730644,0.0045772235576923,-0.08304067758413546,6.884108323317444,1085.6088491586868,0.3467717848557692,0.03851412259615047,-23.284630408653655,3078.3503605770125,0.0015681058443509643,-0.11245304987980699,26.76194411057676,490.5254657451689,0.3506397235576923,0.0670635516826889,-26.295072115384244,4613.807091346221,0.0025503211388221148,-0.04357910156249918,7.03707181490375,-392.85043569713037,0.3929877178485577,0.2199594350961507,2.365159254807398,63.777043269319535,0.00760447340745192,0.020125638521634164,3.2044396033653553,-200.3549429086394,0.37718396935096155,0.2057429387019192,5.807166466345593,-352.98978365372204,0.026914541391225955,-5.070612980745399e-05,0.08460411658653394,-792.3771784855821,0.3609388897235577,0.20858248197115328,6.682316706730906,73.09194711541116,0.03097052471454327,0.0,-9.991548978365556,259.46514423076593,0.3427288161057692,0.2808518629807686,-11.490384615384631,-2092.472956730757,0.035359670785757205,0.0,-9.103440504807642,541.5132962740252,0.3255541240985577,0.1982271634615394,-1.9418569711543388,-5.896935096172385,0.02937940392127404,0.09014610877403759,-8.033165564903923,-1598.0788010816993,0.31374695763221155,0.2142277644230748,-10.354567307692665,591.7780949519765,0.016035203200120196,0.0,5.272780198317108,474.3746243990308,0.31374695763221155,0.2142277644230748,-10.354567307692665,591.7780949519765,0.016035203200120196,0.0,5.272780198317108,474.3746243990308,0.3594251051682692,0.010360968956580525,0.3442779747596154,0.00936383338341346,0.3521900791266026,0.02437730290339543,0.31374695763221155,0.016035203200120196,34.50615868013176,150.34144047741552,123.63673383010673,120.52798437260954,136.98928277522805,87.95771286246085,65.47788260209266,145.220727162076,165.75161412647975,50.70241479196377,143.3162785519261,179.53274424051654,147.25032877418664,150.70115969461102,48.49707394679585,6.498207387324628,172.90553021238256,170.80917126873615,174.61291311758285,13.981653213388215,4.472716876228252,14.636158601441528,5.181568199193838,-15.345009924407202,-6.375348699704814,5.673709076248018,9.012901032143752,-22.626862743980894,-5.166649947297226,-0.9406245741350285,2.528200570398329,1.079344265394865,4.978712253064317,-8.002206345915479,3.62939183706554,1.8783585919845507,-0.20199577262416374,4.666651936756412,4.876842809343347,-7.867131926739311,-352.20900108435535,-2454.0320491676093,4625.69556978572,-2897.913947279959,-479.52950166130125,-70.73244794262285,-1743.0323279265938,3260.621152233421,1011.0954721197389,-69.18558736955003,-313.7556150406379,-319.4047946744222,331.54911421261636,334.8307537065759,-578.7439611438862,74.12188842543036,158.7594306022175,240.0946142422229,63.88704506495188,-71.10034027953118
174,-,-,0.87,0.3692472956730769,0.14638296274038218,-2.590144230768527,1632.1739783653993,0.020541766826923075,-0.006060321514422812,0.7364595853365229,134.24917367788024,0.3597527418870192,0.09578951322115606,-11.198167067307232,4977.8019831730335,0.014281926081730761,0.0,5.426213191105913,60.92247596153889,0.35513348858173077,0.17814002403846435,19.337064302884475,2399.7145432691427,0.004436204176682695,0.0,3.920992337740202,799.5229867788479,0.3560596454326923,0.09461012620192158,6.334510216346445,1956.3927283654475,0.0021233755258413395,0.0,4.981783353365512,545.0439453124886,0.33818404447115386,0.2162860576923107,-6.891526442307496,620.342548076856,0.02421900353064904,0.023720139723558388,1.6742412860576399,-303.1005859375205,0.34852940955528844,0.09809570312500063,-4.144005408653333,2300.443209134578,0.013934636042668272,-0.00026198167067253953,6.416672926682621,-628.5682091346346,0.3387367412860577,0.0,-10.982196514422984,3861.3656850961415,0.004562960111177877,-0.01458082932692255,6.7938701923078595,-542.6025390625185,0.3467717848557692,0.0,-10.729417067307216,1613.3188100961831,0.001532498873197119,-0.007073505108173833,10.240009014422911,-2984.41256009612,0.3506397235576923,0.0,5.013521634615871,4006.7608173076537,0.0024735295222355763,-0.05326209435096147,4.357910156249914,181.4152644230842,0.3942779071514423,0.2209472656249987,-0.4875300480766671,192.75841346161306,0.007805729792668262,0.03204439603365358,-0.20075871394215056,-578.8949819711382,0.37842157451923075,0.22436147836538115,-2.6355919471149294,-752.3662860575689,0.026914541391225955,-0.0031118539663463314,-7.538123497596152,-999.173677884599,0.36197889122596155,0.19436222956730737,8.401066706730782,568.9603365384694,0.03097052471454327,-0.005905386117789619,-9.1143329326923,205.82932692311778,0.34373801832932693,0.18180588942307546,-12.841421274038513,1248.1971153846494,0.035359670785757205,-0.046633206881009595,-6.037081204927897,1068.551870492787,0.3264226262019231,0.18787560096153438,0.24151141826911338,374.96243990392406,0.02939552659254807,0.008202185997595306,-7.71841195913446,940.5423677884802,0.3146282489483173,0.18570838341345747,-3.2127028245193476,1078.688401442426,0.016035203200120196,0.03059363731971046,7.227407602163325,1.3991135817682285,0.3146282489483173,0.18570838341345747,-3.2127028245193476,1078.688401442426,0.016035203200120196,0.03059363731971046,7.227407602163325,1.3991135817682285,0.36004829289362983,0.010345818152794468,0.34457234074519233,0.009344525615985578,0.3532445443960337,0.02441353274614383,0.3146282489483173,0.016035203200120196,33.39720724143617,148.53146269778875,133.0424400992986,111.82330444434879,135.16941056424736,88.57214797843552,64.40580411936004,145.6619202121814,166.3261657888586,50.31439524855579,143.54235516290385,179.67264768040752,147.46475504789365,150.44363111285398,48.562215747385224,6.549050946310444,174.18166223829144,172.9426428130942,177.26665090606696,10.521419465440738,0.7931283153510764,-3.138739915842634,40.21222930359013,-40.02077532817142,-7.7405657184097905,4.919519566774095,-0.3561475014651535,-2.2852719817754585,0.17962666839514957,-1.7781243513562457,1.8473332329622656,-0.5827817366251148,4.54660152933863,-4.093964926595369,0.06093625227582272,2.3778708179298507,0.606965008330817,5.7138425681451945,3.8740759426265168,-6.603082684511086,-572.8556671017561,-2914.5255051601184,3952.9480063940673,-4690.992521123928,7.596884862510748,-310.172238520458,-939.2470835668237,2262.7189297283626,851.4799857111817,-207.29611610770212,143.00099291136155,-239.007875532868,-180.64256383414767,753.9387757662416,-597.2750137901518,50.00927144654268,166.42868620568822,107.90523216371177,-374.06851904839766,482.6012445369079
175,-,-,0.875,0.3698271484375,0.16902418870192712,8.35599459134638,1036.433293269076,0.020541766826923075,0.0013042743389424228,0.7364595853365229,-99.73144531250064,0.3601270282451923,0.1859450120192339,19.85727163461511,2164.813701922946,0.014281926081730761,0.02525634765625088,4.145695612980803,-633.1787109375276,0.3561834435096154,0.3714768629807682,30.44133112980735,111.92908653850847,0.004436204176682695,0.039355468749999144,7.980675330528777,-234.31865985573614,0.35671202674278846,0.1977651742788465,16.120042067307967,2427.884615384561,0.0021233755258413395,0.03660231370192359,6.7719914362980465,-245.21108774040667,0.3392903771033654,0.20846604567307783,-3.0949519230771774,-20.132211538514415,0.0244234619140625,0.020445838341345817,-2.3720139723558367,-635.4417067307561,0.34909506460336537,0.09605618990384804,-1.3224909855769047,798.7154447114933,0.013934636042668272,0.00026198167067253953,0.05239633413450786,-646.9069260817122,0.3387367412860577,0.0,1.737154447115638,1271.935096153861,0.004431415264423075,-0.015101975661056796,1.4580829326922538,-377.3475060096499,0.3467717848557692,-0.06878004807692178,-7.151442307691811,1733.3984374999732,0.001497370793269226,-0.010052959735577785,-3.082181490384467,-1282.6303335336206,0.3506397235576923,0.11719876802884766,13.77253605769233,-1453.6132812500396,0.0020177001953124996,0.0,8.851224459134594,-567.2419621394182,0.39519719050480767,0.21508413461538403,4.2927433894235305,701.9981971153595,0.007924917367788456,0.018118051382212657,-2.584510216346032,-342.28515625003746,0.37942758413461536,0.17938701923076988,-1.7164963942301033,964.4681490384418,0.02688342285156249,-0.07543194110576905,-9.907132662259464,1190.9649188701878,0.3628825120192308,0.2925931490384612,12.371920072115605,-1360.389122596169,0.030911470853365375,-0.09114332932692307,-7.933255709134376,1521.6909555288387,0.344546875,0.15243765024038333,0.9915865384618741,2336.876502403878,0.03489333871694711,-0.06037081204927902,1.5820782001202376,902.1653395432763,0.32743288010817306,0.20064227764423054,1.8077674278849054,405.27343750001864,0.029461425781249995,0.012961989182692911,1.372258112980887,822.960486778821,0.31560404146634613,0.1821007361778813,0.43231670673160544,346.5670072115836,0.0163411395733173,0.07227407602163331,5.28677133413479,-476.57189002400645,0.31560404146634613,0.1821007361778813,0.43231670673160544,346.5670072115836,0.0163411395733173,0.07227407602163331,5.28677133413479,-476.57189002400645,0.360712411733774,0.010345818152794468,0.34490673828124996,0.009260916841947114,0.35418184720552875,0.024402619190705122,0.31560404146634613,0.0163411395733173,32.835625964236876,144.66359876784188,145.29851628645983,102.87351090993518,133.0691661937319,89.46559098811224,62.5947269191412,152.2783860476015,172.33835578489857,50.24645621207441,143.43652594526324,178.56943743001548,150.1383521482926,149.64605766330126,47.96317060105304,7.485844608623154,174.52507615096903,175.46823683032386,176.72626620123515,9.816417728033196,-1.255839794789314,-14.509096450159685,44.71104826313455,-62.25493513564652,-6.299379851079706,2.5719866910434352,-0.3795698035244929,0.0003265533027541065,3.3481499098145986,-3.0135857352120516,3.958210499511946,-1.310734489933817,3.1722866147228386,-0.46281858825305516,-2.3433583008359826,2.378451306449978,1.46229108943272,5.7457042583935305,1.136157618859367,-3.0411194813702274,-79.55917015186817,-1736.345477803384,-2633.709019316925,-2061.8965926909827,408.4068445349224,-554.7704475637561,199.33580833872497,-510.19955887615794,-164.50014750860356,-140.80940760999837,246.51862007371645,-9.412269527802044,-215.71416524548374,514.9507746787698,-395.5335523692054,-21.417207087810144,117.954933283446,-135.2033388426174,-332.85781178248925,564.5988768207523
176,-,-,0.88,0.3709375375600962,0.22994290865384606,7.774188701922243,-331.3927283654085,0.0205548095703125,0.0013042743389424228,-0.2608548677884843,-239.36110276442872,0.36161219200721156,0.29436222956730734,10.449969951922247,-2685.6595552884255,0.01453448955829327,0.04145695612980806,-0.9055739182693686,-829.1391225961598,0.35884825721153846,0.4825533353365381,20.45635516826956,-2109.0745192307527,0.004829758864182687,0.07980675330528784,1.5778057391828386,-831.4960186297909,0.3580372971754808,0.2558105468750014,30.61335637019208,1803.523137019142,0.0024893986628605758,0.06771991436298053,2.5296724759614433,19.906850961551275,0.34026870492788464,0.1853365384615389,-7.0928485576926406,285.83233173073904,0.0244234619140625,0.0,-4.680175781249926,-142.64385516826698,0.3494899714543269,0.08487079326923157,3.8431490384616067,944.7115384615374,0.013937255859374997,0.00026198167067253953,-0.05239633413450786,-400.42818509614,0.3387367412860577,0.017371544471156394,1.737154447115638,-67.04477163466102,0.004411940354567309,0.0,3.0203951322113567,187.3497596153873,0.346083984375,-0.07151442307691817,6.604567307692532,1430.288461538361,0.001431969275841341,-0.03789532001201853,-2.5862943209133076,545.5791766826715,0.3518117112379808,0.13772536057692342,-9.522611177884539,-2538.34885817305,0.0024735295222355763,0.035250150240384547,-1.3145094651442732,-1265.7470703125,0.39642874849759613,0.26387469951923403,6.532451923076934,-457.7448918270378,0.007986910306490388,0.00619929387019324,-3.623610276442528,-76.51930588944957,0.38021544471153845,0.2071965144230801,7.009089543269497,1046.5369591344781,0.026160221980168263,-0.10218318058894106,4.371525691105735,1959.3505859374584,0.36490482271634617,0.31808143028846353,-5.202824519230921,-2789.362980769309,0.03005909142127404,-0.08523794320913346,6.102576622596101,1322.030874398996,0.34526239483173077,0.1917217548076942,10.52734375000029,732.7599158653535,0.034755962665264414,-0.030812424879807204,2.984572190504875,-49.06757061298715,0.3284290489783654,0.20595327524038345,4.294245793269304,782.226562499986,0.029525146484375,0.02192476712740419,0.511192908653756,-331.2612680288614,0.3164492563100961,0.19003155048077353,0.2529672475964915,-469.9519230770822,0.01675794396033653,0.0834613506610584,2.4616887019232556,490.71326622593256,0.3164492563100961,0.19003155048077353,0.2529672475964915,-469.9519230770822,0.01675794396033653,0.0834613506610584,2.4616887019232556,490.71326622593256,0.3623588209885818,0.010602114163912258,0.34527822265624997,0.009335631385216345,0.35528161934094554,0.024207546136318106,0.3164492563100961,0.01675794396033653,32.845753147039936,138.74285635404243,176.78535074270283,70.88824753570034,131.32746347848266,90.20737039380431,63.611834868969176,147.61664814945107,169.69364914613328,48.26228089989923,146.02450891773498,179.16118765564687,149.28984366891632,150.43973353402208,46.82244532378048,8.4816512366511,174.17553327758745,176.04584980041915,176.96901031719875,9.642324396620655,-0.0024633861676059943,-20.50219469387649,13.875139110420852,-60.63974125508126,-3.656497273060563,-0.6281849088634711,1.637210581922098,-7.387267570537042,-1.4653748066908876,-3.1862184274562306,4.312519433699432,-0.6769044319031353,2.3894598768837905,1.0555428201923336,-3.8943992714162343,2.163698747051749,1.786514341165278,4.361809179719019,0.5454978248016213,-0.9570939163035577,28.502409794232083,-1426.4502300874346,-7150.225014823267,2288.9506562837732,454.13616909708946,-700.0754617639859,162.6962852658173,-1121.0061778828997,-712.3705999501948,156.87531924030137,-281.30821348892835,167.19853523816192,-223.01329631815267,587.6117370201318,-516.2475971540262,72.31320199751579,-40.60620430279985,-238.43645182419283,40.76069687018341,229.38275264872507
177,-,-,0.885,0.37212657752403844,0.2467660757211496,5.042067307692292,-104.90534855755972,0.0205548095703125,-0.0013042743389424228,-1.6571514423077665,-249.2300180288447,0.3630706505408654,0.29044471153845647,-6.99932391826917,-1342.2100360575523,0.014696495643028842,0.016200608473557185,-4.145695612980803,-698.2046274038292,0.3610089768629808,0.576040414663464,9.350585937499803,93.90024038452678,0.0052342717097355745,0.055133526141827545,-0.33428485576913997,283.67262620189393,0.3592701322115385,0.5038987379807676,34.1552734374994,-411.2830528845688,0.0028005746694711453,0.06189903846153805,6.971059945913559,366.09825721155187,0.3411437424879808,0.13753756009615137,-0.23662860576978395,1607.346754807777,0.0244234619140625,-0.026355919471153486,-3.798452524038508,608.9054987980636,0.3499437725360577,0.13448768028846414,8.12462439903848,-333.8341346154619,0.013937255859374997,-0.00026198167067253953,-3.951885516826896,-636.0144981971388,0.33891045673076925,0.017371544471156394,1.0667067307690272,88.942307692241,0.004431415264423075,0.015101975661056796,3.3315805288461284,27.47521033656659,0.346056640625,-0.0027343749999964003,7.151442307691811,-225.21033653854985,0.0011184175931490403,-0.035915902944710885,2.373610276442252,521.8036358172875,0.35201697716346153,0.0219726562500022,-11.610952524038192,1198.6177884614726,0.0023702016977163454,-0.013145094651442745,-3.8062462439904174,262.90189302885443,0.3978359375,0.28040865384615343,-0.28470552884685113,-1081.5805288461022,0.007986910306490388,-0.018118051382212657,-3.3497032752405285,451.7446664663848,0.38149954927884616,0.24947791466346492,8.748873197114687,124.3614783653088,0.02586159104567308,-0.03171668419471166,9.686373197115138,-294.5838341346089,0.3660633263221154,0.24056490384615192,-15.52170973557751,230.8443509616003,0.03005909142127404,-0.030117563100962003,5.287053034855596,-562.7817007211446,0.3464640925480769,0.2577110877403863,8.319185697115415,-904.9729567308073,0.034585214468149036,-0.030525090144230244,1.0914024939903657,-136.96758563702633,0.3294924128605769,0.24358473557692362,9.630033052884773,-198.95582932694018,0.029680673452524037,0.018073918269230476,-1.9403545673077303,-204.97483473556844,0.31750435697115387,0.18463040865384622,-4.26720252403922,-466.8907752403681,0.017175753079927886,0.09689096304086589,10.19390399639412,283.31580528843847,0.31750435697115387,0.18463040865384622,-4.26720252403922,-466.8907752403681,0.017175753079927886,0.09689096304086589,10.19390399639412,283.31580528843847,0.36386908428485576,0.010821537898137015,0.3456143179086539,0.009256150465745192,0.3564766125801282,0.024224872295673078,0.31750435697115387,0.017175753079927886,32.8989831749479,135.19074708688996,156.7464540792027,54.45469016726061,130.00339349049426,90.74340991791028,65.61941941930662,143.2665605285874,168.1391765394895,47.57455682576593,147.63778747848713,177.791217635214,150.87799918604793,149.9095307198298,46.20890815465511,8.65386374609279,175.425152408409,177.5821024115,176.86346479911933,9.633448943882456,-0.970815696846993,-28.773598751034044,-26.79120188509818,-39.36542857280877,-1.758018160108808,-4.4287679265964295,1.2473930491336815,-11.209735225526252,-3.775556089687356,-1.4448325428090367,1.1451283646226595,0.3612508624478036,0.94215365154131,5.413298781948268,-7.505834272376248,3.1015833264251365,1.056229046404721,3.3613397401516,1.5437645875612014,-0.7472919548829747,-103.5048619576238,-2281.152227791703,-7124.59943701218,4554.509096142988,122.27904022408678,-530.741305470325,-321.34320809003856,-117.92135853917232,-30.80230138298385,419.394671730761,-723.9890681765081,116.26362830383633,-196.448114711791,758.635753831943,-631.3142470234322,192.3047383348322,-203.5222952449441,-185.61061880914636,84.83715257336027,89.5559093256702
178,-,-,0.89,0.3734051983173077,0.28036358173076903,6.7251352163466445,168.49459134615662,0.020541766826923075,-0.015267240084135256,-2.7531550480769336,169.65895432693955,0.36451663912259613,0.22436899038461558,-2.972130408653287,3164.851262019199,0.014696495643028842,0.0,-7.887620192307668,-1042.5743689903816,0.3646086613581731,0.5760591947115362,21.39535757211483,3010.404146634664,0.005381094125600963,0.07646390474759644,4.41453200120178,422.9454627403668,0.36307628455528845,0.5973632812499957,26.500525841346388,1422.3257211539699,0.003108389047475957,0.13743051382211618,6.190655048076965,-1560.4248046875257,0.34164408052884615,0.18297025240384107,8.980618990385143,466.6090745193407,0.024159902719350965,-0.03798452524038511,1.408879206730715,753.305288461554,0.35083484825721156,0.16611703725961643,0.5048076923069851,-990.6099759615624,0.013934636042668272,-0.039256873497596455,-6.4125413161059015,235.0792518028826,0.33891045673076925,0.028038611778846676,2.6265775240380487,192.68329326921307,0.004562960111177877,0.033315805288461314,3.295147235577023,68.89460637020373,0.346056640625,0.0,4.352463942307032,-10.629507211534763,0.0010728102463942318,-0.014159217247595989,2.6317420372595715,-95.76885516826535,0.3520314378004808,0.021615835336541413,2.463566706730198,1404.9353966345511,0.0023420785757211487,-0.0028123121995196594,1.3145094651442732,264.16954627404766,0.39923283503605766,0.2610276442307655,-4.283353365384098,-407.0012019229398,0.007805729792668262,-0.027297738882212073,0.8938363882213235,607.9477163461728,0.3827102238581731,0.29468524639422705,8.252704326922586,-563.8146033652406,0.025843055138221147,-0.005319448617789597,1.425687349759644,-1055.382361778806,0.3673104717548077,0.1628643329326883,-2.894381009614916,3376.727764423206,0.02975791579026442,-0.032367412860577455,0.47475961538465006,-439.0869140624687,0.34783950570913463,0.27491361177884843,1.4776141826922093,-849.3088942307915,0.03445071176382211,-0.019898399939903538,1.6148963341346105,-160.04356971154002,0.33086489633413463,0.30225360576923127,2.3046874999999,-2173.5276442307822,0.029705885667067305,0.0025212214543268697,-1.5385554387019302,168.8232421875042,0.3182955603966346,0.1473595252403813,-4.415940504807193,918.9828725962835,0.01772685359074519,0.1854003906249997,5.294846754807643,-2677.903395432675,0.3182955603966346,0.1473595252403813,-4.415940504807193,918.9828725962835,0.01772685359074519,0.1854003906249997,5.294846754807643,-2677.903395432675,0.3664016958383413,0.01093193641075721,0.34589549278846154,0.009214477539062498,0.35770891551482364,0.02421502529046474,0.3182955603966346,0.01772685359074519,33.32961578180369,122.76363757730162,145.44410964207628,56.01008784657833,131.95012742106104,86.21455872768688,64.19526931474344,141.9759681134265,168.00655127942204,47.50958857986272,146.75376850825373,179.28735446275647,150.832286997977,151.9945025170961,43.622498934053965,9.100155999155092,176.35237793450253,178.3261749430977,178.06709400102363,9.059264989536246,-1.037512005743845,-43.31371697179354,-57.37085525970102,-15.094650293651343,-2.433706870819694,-5.935597963566725,-1.5762214989782906,-8.566481155928766,-1.7733978205207264,1.007728289851383,-2.927371248065655,0.4857318511352289,0.42497872976587875,8.641900358511771,-10.207541741650562,4.086746130400073,-0.248708611284165,2.505702991627554,1.3938693505352249,-0.061534823046854814,502.40142300930455,-2149.9288711046006,-1637.9070002147575,5052.124268088909,-339.45726446725496,-26.495368127756766,-426.29105871310117,407.3602781065847,347.02185198849315,391.69430501444543,-561.5561165041685,28.185081709670666,-19.438172353609634,154.11888745452154,-95.42370561640087,60.42497535324366,-233.47678631930395,-300.95906684687037,-78.32741393914309,206.2346698199548
179,-,-,0.895,0.37493021334134613,0.3140174278846161,6.72701322115386,-1000.1126802884872,0.020402137169471146,-0.028835824819711784,0.03943810096163066,563.6737530048105,0.36531434044471156,0.2607234074519236,24.64918870192285,1385.1036658653572,0.014696495643028842,-0.06267559344951956,-14.571439302884627,506.8641075721263,0.36676956881009615,0.7899939903846125,39.454627403846466,-5509.87830528836,0.00599891075721154,0.09927884615384538,3.8951697716345315,-655.057466947091,0.36524376502403844,0.7689039963942317,48.378530649039114,-2902.869591346217,0.004174879807692308,0.12380558894230775,-8.633188100961712,-1095.3087439903834,0.3429734450120192,0.22734375000000287,4.429462139423627,-895.0946514424384,0.02404361666165865,-0.012267127403846324,3.7346003605770384,-397.40459735576496,0.35160494290865385,0.139535757211534,-1.7814753605771545,-3.9813701921967337,0.013544687124399032,-0.06438739483173161,-1.6010929987980675,462.8906250000301,0.3391908428485577,0.04363731971153691,2.9935396634611595,-126.23948317302913,0.004764573317307688,0.04805344801682705,4.020526592548166,-181.6594050480925,0.346056640625,0.04079026442307395,7.045147235576463,-520.0946514422031,0.0009768254206730803,-0.009598482572115144,1.4159217247595977,-65.6738281250011,0.35223313551682695,0.046608323317304204,2.438401442307332,-514.1977163460306,0.0023420785757211487,0.0,-1.164550781249938,-371.6195913461552,0.40044621394230767,0.23757512019231242,-4.354717548076253,25.127704326777756,0.0077139329176682675,-0.009179687499999414,2.729773888221205,48.79995492786101,0.38444640174278844,0.33200495793269086,3.1107271634622764,-1295.7481971153622,0.025808396559495184,-0.017459810697115205,-0.8674504206729313,-128.7278395432769,0.3676919696514423,0.21162109375000274,18.24556790865458,906.2875600960285,0.029735417292668265,-0.025369966947115498,0.8961838942309049,203.36914062500603,0.3492132286658654,0.2724872295673084,-0.17390324519250805,-289.62590144232473,0.03438623046875,-0.014376126802884125,-0.5090332031250359,-324.472280649051,0.3325149489182692,0.26663161057692264,-12.105243389423071,-1007.3993389422807,0.029705885667067305,0.002688363882211162,-0.25212214543268674,-97.96612079325497,0.3189779522235577,0.14047100360577425,4.922626201923623,1104.3795072114247,0.019029756986177884,0.14983943058894236,-16.585129957932654,-2027.8789813701849,0.3189779522235577,0.14047100360577425,4.922626201923623,1104.3795072114247,0.019029756986177884,0.14983943058894236,-16.585129957932654,-2027.8789813701849,0.3680644719050481,0.011318105844350959,0.34641180138221156,0.00913435621995192,0.3588817858573718,0.024396603315304483,0.3189779522235577,0.019029756986177884,30.683054066041585,111.18464444946821,130.5890735041145,50.087483120687835,129.42469162470584,85.84591133512329,64.1554031866464,138.65095054717247,167.53575077398972,48.515664327927546,144.6755970235524,179.0642151158174,150.2153516558165,157.3960638836956,38.26153822482536,12.198568878488379,174.16375549079748,178.9656291062539,178.2817183802806,9.114976882751348,4.053198533246057,-50.27288746208007,-43.17027188724577,11.155814108080365,-5.152590804781361,-4.693721607873997,-3.015517537997334,-7.136132444460402,-0.3053375698024216,2.472110507335421,-4.4704328004190295,0.6431016795445105,0.7477719280052135,6.954487656493485,-8.460071328540257,3.7058330799575736,-1.2785388167883205,0.3517490716828938,0.7604904481697699,1.3150547433165753,1012.3139667500775,434.5307786673114,6392.801333536663,6970.5845216194375,-469.0389937909104,271.89533042090545,-192.06100618206676,346.84980698292674,351.93246417087147,167.8735664406769,-33.41218966648178,8.93932982183541,174.58815061909908,-637.5653175220142,623.1879766392155,-226.578091885548,-48.66915349515102,-446.99100758945156,-70.55694293829337,242.3007051470428
180,-,-,0.9,0.37654537259615384,0.3476337139423077,-3.2759915865382374,-2411.4708533653425,0.020253408578725957,-0.014872859074518949,2.883582481971176,73.76802884614932,0.36712387319711537,0.4708608774038443,10.878906250000298,-5253.943810096125,0.014069739708533646,-0.1457143930288464,-2.818979116586401,2748.2628455528857,0.37250860126201923,0.9706054687500012,-33.70342548076882,-13080.078125000025,0.006373882587139418,0.1154156024639418,-2.136042668269136,-1243.6523437499816,0.3707653245192308,1.0811485877403872,-2.5281700721158074,-13283.57872596161,0.0043464449368990354,0.051098632812499,-4.762432391826879,792.9311899038792,0.3439175180288462,0.2272648737980774,0.02967247596075137,-798.3774038461935,0.0240372314453125,-0.0006385216346146966,-2.565166766826938,-926.9174429086788,0.3522302058293269,0.14830228365384487,0.4649939903850177,133.1505408654341,0.013290762094350955,-0.055267803485577145,-1.783635066105596,-20.52659254807288,0.3393468299278846,0.057974008413458296,1.3641826923077562,-701.3221153845378,0.005043494591346148,0.07352107121394301,1.478553185096096,-620.2580378606004,0.34646454326923076,0.0704514723557647,-0.8484825721150043,-1299.8422475960467,0.0009768254206730803,0.0,1.97500375600956,421.0768479567239,0.35249752103365384,0.045999849759614755,-2.6784104567301132,-544.5462740384362,0.0023420785757211487,-0.01445782001201905,-2.401686448317282,157.17022235575655,0.4016085862379808,0.21748046875000296,-4.03207632211632,107.64723557682417,0.0077139329176682675,0.0,1.381835937499934,-226.5906700721209,0.3860302734375,0.32579251802884984,-4.704777644231046,-2330.2283653847617,0.025668457031249994,-0.013993952824518917,0.13840895432687395,190.75833834132587,0.3694266826923077,0.34532001201923423,6.168494591345378,-3291.1658653847394,0.029504216120793264,-0.023405573918268398,2.5084510216347122,79.53350360574686,0.3505643780048077,0.27317457932692335,-1.4186448317310405,-465.7827524038305,0.03430695049579327,-0.0249887319711539,-1.6298264723559024,-758.4510216346159,0.33353121243990386,0.18120117187500046,-7.769305889422916,1464.0174278845968,0.029732769305889417,0.0,-2.518216646634481,-229.92412860577065,0.31970027043269234,0.19658578725961756,6.627854567307065,-1143.7800480770225,0.019225247896634615,0.019549091045673022,-14.983943058894223,1055.9833233172974,0.31970027043269234,0.19658578725961756,6.627854567307065,-1143.7800480770225,0.019225247896634615,0.019549091045673022,-14.983943058894223,1055.9833233172974,0.37173579289362985,0.011260868952824514,0.34689132361778846,0.009138078425480766,0.3601435672075321,0.024358595628004808,0.31970027043269234,0.019225247896634615,33.278330482247995,88.29816366622605,104.32949511468728,49.3096619307092,127.72293137617235,84.9023276106267,62.36652591755223,137.5075616654739,167.248828596227,49.05333073487023,143.95491884520652,178.72310172639718,150.68297582710025,157.80753289561582,37.22434342360436,11.961545260655868,175.00943158254466,178.96930928967203,177.94664166538684,10.055025888141685,9.085627661756938,-38.96840918512042,6.557158075665675,54.61119492254309,-7.124096808728802,-3.2166446593576676,-3.49683156079896,-5.097983086099496,1.7459268211879915,2.6864639542581537,-3.261493144730473,0.575125149353583,2.170860235956871,2.266247183291623,-3.975661975258401,1.8209652115445907,-0.7354001462356756,-1.964207084266965,0.6882999211522904,2.3614722284235756,564.4779605367268,3451.3545187709155,9962.874445156356,7075.997886922173,-73.25441985235754,-13.563041240265404,-301.82231202609825,832.7993000259223,617.7944490924536,-141.6593883768977,385.7874749065531,-96.52075900520067,458.8262287875492,-893.5944949801551,755.9215504714155,-386.460844705281,169.68269548157414,-345.5797485748751,11.187507107059936,117.61409224410525
181,-,-,0.905,0.3784065504807692,0.2812575120192337,-17.387695312499584,-151.25450721159456,0.020253408578725957,0.0,0.7771183894231245,-339.7686298076954,0.37002294921875,0.36951246995192666,-27.89024939903845,-1378.1926081731744,0.013239351712740377,-0.0908653846153836,12.911189152644253,683.2744891826623,0.37647562349759617,0.452959735576924,-91.34615384615391,4402.043269230704,0.007153066781850959,0.07791841947115401,-8.541353665865294,-108.03222656251242,0.3760552509014423,0.7436222956730736,-84.45725661057709,-2823.2421874999004,0.004685866135817299,0.07618126502403892,-0.7038762019229137,-236.46897536058682,0.34524609375,0.22764047475961038,-3.5543118990383147,-312.65024038445915,0.0240372314453125,-0.03791879507211573,-5.534574068509758,316.2372295673057,0.3530879657451923,0.14418569711538418,-0.44996995192281247,-94.05048076926919,0.01299200908954326,-0.08222374549278759,-1.8063589242787965,454.0452223557439,0.3397705829326923,0.05727914663461448,-4.019681490384224,-493.802584134616,0.005499784029447119,0.06283897986778803,-2.182053786057843,-62.85682091344824,0.34676115534855767,0.0323054387019239,-5.9532752403840155,-125.22536057696342,0.0009768254206730803,0.010151554987980474,5.626690204326841,318.8194861778867,0.3526931340144231,0.019824218750003047,-3.0070612980770353,243.5396634614111,0.002197500375600958,-0.02401686448317284,0.40715144230762873,472.0646784855663,0.4026210186298077,0.19725435697114918,-3.27824519230801,230.80679086556663,0.0077139329176682675,0.00463867187499994,0.4638671874999936,-184.5703124999926,0.38770432692307694,0.28495718149038035,-20.191556490385363,-1252.253605769134,0.025668457031249994,-0.016075721153846464,1.0401329627403293,307.6735276442413,0.37114516977163464,0.27330603966345657,-14.666090745192843,-1721.679687499862,0.02950136155348558,-0.0002854567307683517,1.6915189302883742,-312.8943810096338,0.35194497445913464,0.258300781249998,-4.831730769230817,-499.0985576922553,0.03413634314903846,-0.030674391526443162,-8.093543419471201,-582.0312499999742,0.3343269606370192,0.1889385516826934,2.53493088942291,622.3707932691541,0.029705885667067305,-0.022493802584133672,-2.5513634314903952,203.61328124997243,0.32094381009615386,0.20674954927884495,-6.515174278846613,-1519.681490384557,0.019225247896634615,0.0,-6.025296724759671,836.1440805288421,0.32094381009615386,0.20674954927884495,-6.515174278846613,-1519.681490384557,0.019225247896634615,0.0,-6.025296724759671,836.1440805288421,0.37524009352463944,0.011332923302283648,0.34751178635817304,0.009140670072115383,0.3614477100861378,0.02432520470252404,0.32094381009615386,0.019225247896634615,39.917203559012044,83.24349273256523,123.65683721944812,80.33054804589494,125.37393833522626,83.98772788475426,62.264869977249994,135.46885884312132,168.3720626003908,50.280059627566345,142.75252917970855,179.46088073264352,152.3126356223165,156.05038408309716,38.06527221995493,12.162332336438098,174.57045241599823,177.54358018257795,178.29110392596036,10.898100643898005,9.69797813861333,-15.759342274370889,56.45847256431788,81.91579297730216,-5.885135003304937,-4.829352020276652,-6.033740658258319,1.1918605557988282,5.87260692112212,1.0555166235664428,-0.6125580513534951,-0.3221059105074972,5.3360342158807095,-1.9814572933080736,-0.9008558238260959,-0.15877536709524007,0.41828813802742243,-3.1040484140658604,0.8723655192403693,2.491195665757629,-150.5379598613563,3518.0757974958524,2864.0705171000473,-804.5432402571641,209.08975316103326,-249.07977701224388,-434.86381102540696,1109.0730876106727,714.1993004364832,-324.4911797495359,414.9002846186482,-247.8292923011467,496.8334754529238,-492.3054913331528,318.04129878320316,-276.04843720806826,237.46549863054202,37.12645505439919,38.985465178287214,-114.69485881021458
182,-,-,0.91,0.3793579477163462,0.17375676081731167,-4.788536658654184,3055.8143028845325,0.020253408578725957,-0.007101675180287697,-0.5141038161057812,12.911283052863254,0.37081899789663464,0.19195838341345955,-2.90301983173146,5794.358473557732,0.01316108586237981,-0.016602501502403763,4.013765775240228,-2274.3952824519156,0.3770381986177885,0.05714393028846127,10.317007211538261,18928.74849759613,0.007153066781850959,0.030002065805288775,-3.216364933894261,932.1007361778715,0.3782015474759615,0.23657602163461555,-30.760591947114836,16064.340444711514,0.005108257587139425,0.044059870793269854,-7.127122145432749,835.0923978365071,0.3461939227764423,0.1917217548076942,-3.096829927883843,183.93179086534315,0.023658043494591344,-0.055984262319712326,0.5972055288461219,974.4873046875186,0.35367206280048075,0.14380258413461675,-0.4755108173076751,-479.37950721160666,0.012468524639423079,-0.07333139272836513,2.7568171574518474,454.44899338942116,0.33991962139423076,0.017777193509616023,-3.573843149038408,576.4347956730405,0.005671884390024029,0.05170053335336456,0.849984975961613,431.06783353367865,0.34678759765625,0.010918719951924494,-2.10073617788464,791.6165865383663,0.0010783409705528851,0.05626690204326846,5.16319861778843,-611.525315504789,0.35269576322115387,0.015929236778844377,-0.24301382211599998,18.817608173127216,0.00210190993088942,-0.01038630558894276,2.3189603365383853,69.5143479567532,0.4035811298076923,0.18469801682692283,-1.7240084134606521,223.97085336539544,0.007760319636418267,0.00463867187499994,-0.4638671874999936,-162.78545673076252,0.3888798452524038,0.12387695312499603,-17.227313701922398,2952.8620793270375,0.02550769981971153,-0.0035926231971156156,3.21514423076929,76.04041466346949,0.3721597430889423,0.19865910456730568,-11.048302283653259,1163.7620192308482,0.02950136155348558,-0.006490384615384642,-0.6204927884616285,-87.60892427883671,0.3531473858173077,0.22485727163461514,-6.409630408653599,86.38822115381012,0.03400020658052884,-0.10592416616586599,-7.450138972355649,1651.9493689904032,0.3354205979567308,0.20655048076922958,-1.5455979567313691,-644.9444110576666,0.02950783128004808,-0.025513634314903975,-0.48208383413475475,277.3719200721134,0.3217677659254808,0.13143404447115137,-8.568960336538519,796.6496394231614,0.019225247896634615,-0.04070387620192375,-6.622502253605794,754.3569711538613,0.3217677659254808,0.13143404447115137,-8.568960336538519,796.6496394231614,0.019225247896634615,-0.04070387620192375,-6.622502253605794,754.3569711538613,0.37635417292668266,0.011418954702524037,0.3478537935697115,0.008995740685096152,0.36249274464142633,0.024250444461137815,0.3217677659254808,0.019225247896634615,39.71250986621287,83.72302787481762,163.64727042681574,119.636752418211,123.75546031105725,82.54373728282117,60.07519182108207,136.39527237160024,170.1712665988039,50.36288467201447,143.07074258898032,179.87925615842408,152.46643691447008,157.2355742857752,36.98510538033587,12.266401179054942,174.68162127032355,176.37200058622787,179.2408088709803,11.335212992170323,7.580248063143373,-3.787651210161865,35.197863246666174,46.56576251997144,-5.0331992771184675,-5.707442429480109,-7.845469671053033,5.9927477900072414,8.88791982555283,-0.5584478432372082,0.8875097014560122,-1.903167773657886,7.139194990486113,-2.6568077300399096,-0.7952489874263662,-0.9395191605360944,1.6392548400697466,-1.5929425337229728,1.078154572935163,1.2145236403214288,92.92305719358671,598.324478170721,-6949.62258455878,-7455.024005535923,96.737146286827,-6.136479206351181,-239.86671924508494,741.8535276168724,411.38614129130707,-171.84616710066408,88.17564253946293,-212.3220011348433,114.59810790603412,-17.078965621761796,3.7453825419908573,-137.87568121887503,327.94736780547174,514.8459147427022,-86.78476446657852,-251.68301163696904
183,-,-,0.915,0.38014411808894233,0.23337214543269183,13.170447716345768,168.00631009616842,0.02018239182692308,-0.005141038161057816,0.9062312199517571,68.71619591346229,0.3719425330528846,0.34048227163461203,30.05333533653892,566.3311298078046,0.01307332669771634,-0.050727726862981284,-9.832763671874922,-1349.027193509596,0.3770470628004808,0.5561298076923067,97.94133112980757,129.31941105770377,0.007453087439903847,0.04575477013221137,0.7796536959134279,297.3914513221257,0.3784210111177885,0.43601637620192496,76.18614783653818,6574.857271634521,0.005126464843749998,0.00491004356971136,7.6470477764421645,1876.4930138221118,0.3471633112980769,0.19667217548077193,-1.7149939903848817,-454.3644831732074,0.023477388822115378,-0.031946739783654504,4.210298978365438,259.74684495193236,0.35452599158653847,0.13943058894230742,-5.243765024038884,-900.8037860576668,0.012258695162259609,-0.05465557391826909,2.738131009615419,141.50766225962076,0.33994835486778846,0.021540715144230373,1.7446664663461864,396.9350961538488,0.006016789362980765,0.07133882962740416,2.1286245492789475,-179.47152944712494,0.3468703425480769,0.011298076923077483,1.9628906249996545,447.9417067307356,0.0015394944411057654,0.06178354116586482,-0.48856295072105493,-610.3891225961428,0.35285242638221154,0.017394080528843045,-2.818885216345763,-289.51322115372466,0.0020936373197115304,-0.0008272611177889681,1.1022949218751614,-217.25698617786006,0.40446799879807693,0.18001427283654264,-1.0385366586540536,153.01983173060503,0.007760319636418267,0.0,-1.163987379807633,-23.62530048076455,0.3889430964543269,0.11268404447115622,9.33706430288504,2337.3272235576105,0.025632530799278838,0.016075721153846464,1.8005371093750249,-27.897761418274555,0.3731317608173077,0.16282301682692388,-3.0284705528843494,993.1265024037934,0.029436457707331734,-0.006490384615384642,0.8154296875000063,172.945462740381,0.3541935471754808,0.19420447716346195,-3.967848557692715,233.13551682685377,0.0330771014873798,-0.10517578124999973,8.425950270432843,1708.7777944711454,0.3363924654447115,0.1734825721153797,-3.9145132211537614,133.03786057705662,0.029450749323918265,-0.027314640925481224,0.22235576923074152,304.5184795673192,0.3222581505408654,0.1210599459134597,1.451322115385008,710.8623798077177,0.018818209134615377,-0.066225022536058,1.5182729867789488,1324.5004507211577,0.3222581505408654,0.1210599459134597,1.451322115385008,710.8623798077177,0.018818209134615377,-0.066225022536058,1.5182729867789488,1324.5004507211577,0.37688868126502406,0.011458817702073316,0.3482720853365385,0.009077201021634609,0.3632311698717949,0.024029228014823715,0.3222581505408654,0.018818209134615377,40.918471196657194,88.67146623417008,168.31626406270308,120.56326902519021,123.27636076319847,79.90345700658393,56.07550105127588,141.8118972295078,174.70758051100128,49.02040982287099,144.50686354829912,177.35440140694166,157.6038577656676,154.56214828777723,36.952319168443374,11.620798207333378,175.21055015089934,176.22747160379058,178.48703704804356,12.116839706398578,10.627208710549198,-9.776097492663673,-13.03775328126998,7.365552921942869,-4.917763540436666,-4.890716812340163,-8.43240785070917,8.610395831967558,9.986468334035195,-0.6629450474401993,0.269198374041135,-2.445325921855932,6.482015294941052,-2.1522469495256917,-0.8634019984061873,-1.5375321792839916,3.6977618160821426,2.0444107333611665,0.004517874574583298,-0.025634450612063684,930.580878335014,-1138.402240174148,-6341.7521282861,-4272.769009776947,-48.56679423280039,339.9759065833224,149.33291088403996,177.93722371377962,-110.0691224481486,106.0823496757977,-296.2664781714869,134.90901035392054,-344.8638127404851,204.59596264157796,-15.760267517391755,-16.25566009948923,233.66507007674247,489.5943013347095,-175.77099067607153,-270.2102668036014
184,-,-,0.92,0.3816916691706731,0.30546123798076946,-3.1084735576924984,-3855.8443509615245,0.02020199819711538,0.001960637019229881,0.1730581430288422,-144.33405949516828,0.37422382061298076,0.49249173677884905,2.7602914663465903,-6893.02884615393,0.012653808593749996,-0.11493013822115307,-9.476506159855745,1407.433143028821,0.38259949669471155,1.0365572415865378,11.6102013221153,-18250.525841346127,0.007610614483173073,0.03779860276442306,-0.24245042067300138,-187.2089092548041,0.3825617112379808,0.9984374999999981,34.987980769230425,-15587.70282451917,0.005157358022836539,0.12053034855769157,11.637807992788385,-1749.2863581730446,0.34816064453125,0.17457181490384538,-7.6404747596159215,-1119.929387019211,0.0233385760967548,-0.013881272536057908,3.1946739783654476,-222.89100060095214,0.3550663686899038,0.09136493389422787,-9.483548677884352,-316.59405048067765,0.011921968900240387,-0.04595008263221091,4.171893780048056,179.09592848556989,0.34013502854567307,0.0352238581730779,0.39550781250008366,-437.3121995192562,0.006385272686298071,0.07298677884615405,-0.9447303185096378,-193.67863581731763,0.3469005784254808,0.030547626201921058,2.37868088942272,-426.15685096147774,0.0016961763822115339,0.051381272536057905,-0.9406926081730034,52.18036358171909,0.3528697040264423,-0.012259615384613277,-3.1381460336532494,404.4846754807086,0.0020936373197115304,0.0006366436298088635,0.14639047475978303,89.60899939899876,0.4053812725360577,0.17431265024038228,-0.1938100961546006,-688.3638822114937,0.007760319636418267,-0.0070012019230763995,-0.7001201923076393,186.41075721152706,0.3900066856971154,0.2172475961538465,6.145958533653727,-2473.6328125000086,0.025668457031249994,0.014412747896634647,2.936166616586544,131.12229567308026,0.3737879732572115,0.16837439903846216,-1.1170372596153157,-891.9020432692746,0.029436457707331734,0.0016639122596154284,1.1089618389421831,-68.82887620193715,0.3550894305889423,0.18517878605768795,-4.078275240385059,-876.6902043268441,0.03294844876802884,-0.021664663461537483,9.637638972355822,-625.9483924279091,0.3371554236778846,0.16740534855769193,-0.21521935096080172,-480.3936298076729,0.029234684870793268,-0.023290076622596557,2.56310096153844,210.665189302891,0.3229783653846154,0.14594726562500146,-1.460336538461335,-1279.2968750000541,0.018562997671274034,-0.025521146334134246,6.622502253605794,106.8584735576802,0.3229783653846154,0.14594726562500146,-1.460336538461335,-1279.2968750000541,0.018562997671274034,-0.025521146334134246,6.622502253605794,106.8584735576802,0.3802691744290866,0.011405944824218747,0.34862646484375,0.009087126277043264,0.3640665251903045,0.02393522761418269,0.3229783653846154,0.018562997671274034,45.306549495012824,76.35969730632436,120.17073862881064,89.11759081749909,121.16907666738454,79.17622759810395,55.070525830049455,141.46529796070038,176.19051952526138,49.35307940469532,143.72610128172624,177.55827661802186,157.66312594602294,154.72905259366516,36.97036415586843,10.888164909648818,177.1870053641152,177.5473513427834,179.60391974406105,10.9238991869196,16.88605684649352,-15.171673611903355,-28.21965803619488,3.838072422201929,-5.518867219446472,-2.307683363646882,-6.352140562212632,7.772120027145039,7.787228601071343,0.5023756535207697,-2.0751550802588596,-0.5540776701186796,3.6905568630812593,-0.6108481036241281,-0.9528516626002839,-1.1020757615309869,3.9759055408371733,3.3030004796241266,-0.6795553338255539,-1.4875790277145877,560.8395830764858,-201.38306344991327,769.4074952781789,1531.630141804587,-2.1831631443136583,395.85055777419706,426.9445574234246,-268.78243797206784,-702.7342412660463,181.8237832360655,-368.02864607674945,410.8063889583084,-587.3834805304535,360.5656214043889,-60.51304216697407,73.11692986437787,-61.6938935683108,43.043846247403565,-58.51323089616656,-226.44346448776818
185,-,-,0.925,0.38319873046875,0.20228740985576682,-25.387995793269514,-1712.026742788415,0.02020199819711538,-0.0034104567307693926,-0.5371093749999268,50.90332031250353,0.3768674504206731,0.36808518629807796,-38.87695312500043,-3956.8810096154316,0.011924025315504808,-0.14549278846153882,4.241567758413299,2402.578500600959,0.38741263521634617,0.6722318209134598,-84.56392728365388,-7883.338341346115,0.007831073467548078,0.04333026592548135,-1.0924353966346148,-321.40174278848156,0.38840538611778846,0.7858961838942295,-79.69088040865365,-11357.75991586532,0.0063317683293269145,0.12128812349759532,-9.845815805288298,-2178.9456881009332,0.3489090294471154,0.12026742788461264,-12.914287860577,-438.6268028845329,0.0233385760967548,0.0,1.981388972355915,-164.4099308894249,0.35543964092548075,0.04459510216346381,-8.409705528845663,429.72506009608566,0.011799194335937499,-0.01293663611778849,4.5290902944711195,-287.8230168269206,0.34030059344951924,0.025495793269231213,-2.62845552884638,-294.50871394231996,0.006746657151442306,0.061891526442307776,0.19183819110576966,132.7279897836566,0.3471758188100961,0.035084885817304706,-2.298677884615126,-588.7169471153182,0.002053307166466345,0.05237661508413478,0.033240685096136396,-65.2982271634737,0.3527298302283654,-0.01398737980768948,1.2259615384613265,437.68780048064497,0.002100003756009619,0.0006366436298088635,1.9983849158651499,221.2007962740092,0.40621112530048076,0.17807617187499664,-7.922175480768996,-1761.3807091345034,0.007690307617187503,-0.0070012019230763995,0.7001201923076393,716.571514423057,0.39111557241586536,0.17414362980769355,-15.399263822115067,-2356.0321514423044,0.025776658278245185,0.04543738731971193,3.1117600661058287,-621.103140024044,0.3748155048076923,0.1516526442307707,-11.947490985577105,-1404.822716346173,0.02945309682992789,0.004599233774037199,0.12714092548063416,-153.25458233170176,0.3560453350360577,0.15342172475961133,-12.734750600961164,-1126.389723557605,0.032860454852764426,-0.008799391526441427,2.1664663461537463,-872.2675030048259,0.33806651893028844,0.1713303786057717,-8.718449519230495,-1691.7818509616338,0.0292178485576923,-0.0016836313100967988,2.3290076622596536,-153.0198317307575,0.3237176231971154,0.10645658052884634,-11.341646634615545,-918.5321514423282,0.018562997671274034,0.0,2.586857722355752,-512.8643329326958,0.3237176231971154,0.10645658052884634,-11.341646634615545,-918.5321514423282,0.018562997671274034,0.0,2.586857722355752,-512.8643329326958,0.3839710505558894,0.011572216327373794,0.3489109825721154,0.009207547701322113,0.36499527994791664,0.023926893967848556,0.3237176231971154,0.018562997671274034,52.58999014378613,73.80294950791682,144.72312189696484,123.51016253283419,119.50730911358895,78.94871460524845,52.775294538924065,145.19901348728445,179.5182843073711,50.15034629686277,142.5598884074928,177.57865462735714,158.2577101649447,154.8574657748753,36.59593472846729,10.897745463688485,178.42105269339064,179.8823126244077,177.93575870724433,11.265352074242497,16.23560454131406,-11.789928127162808,-5.343678328488184,22.681854339988753,-4.939595171879803,-0.9322112345981896,-4.162962276474921,5.922571452246878,2.959125921374725,1.1552927849204575,-3.411088086726363,1.6627379677271554,0.6081804896365112,1.4534092645182004,-1.4685324200759284,-0.8063628806402122,3.080822880399034,2.4748491958352026,-0.5806144343870828,-2.2900690954897476,-738.2985102967052,1185.135105726327,3741.742750893999,1818.3091348709825,242.55604524584703,98.5760126791522,375.5535211434584,-401.11383441381247,-837.3801472508532,-41.042684549406005,-3.744308596207443,232.63111421532884,-331.2964526783707,183.63583561410624,-40.183504005472045,-43.650820134291315,-229.25585290106426,-375.1905507159885,-108.613216072073,-66.66565498238535
186,-,-,0.93,0.38371454326923077,0.051581280048074114,-20.228740985576664,-381691.5564903836,0.020167893629807684,-0.0034104567307693926,0.6820913461538779,-20080.078124999945,0.37790467247596154,0.10372220552884438,-36.808518629807764,-375054.19921874895,0.011198880709134607,-0.07251446063702004,14.54927884615387,-10897.892878605708,0.38932181490384615,0.19091796874999828,-67.22318209134592,-382774.60186297976,0.008043917142427887,0.026874248798076903,-3.4564678485578195,-8259.314903846132,0.3904206730769231,0.20152869591346084,-78.58961838942288,-384466.8719951912,0.006370239257812493,0.0220721905048085,-10.151648888220963,-5788.630558894237,0.34936331881009614,0.045428936298075276,-12.026742788461254,-348526.1793870182,0.0233385760967548,0.0059326171875012605,1.550574669471197,-23655.36733774035,0.35551231971153846,0.007267878605771155,-5.186298076923491,-354744.0279447107,0.011792602539062502,-0.0006591796874996775,1.2936636117788478,-12238.919771634584,0.3403899864783654,0.008939302884614078,-2.549579326923119,-340216.53395432595,0.00700418795072115,0.07490516075721175,0.38254957932692923,-8263.944185697099,0.3472514272836538,0.007560847355769777,-3.5084885817304676,-347097.16796874907,0.002219942533052882,0.05171367938701927,-1.593674879807741,-3090.9048227163366,0.3527298302283654,0.0,1.238731971153204,-352852.4263822106,0.002100003756009619,0.02062049278846038,2.358398437499877,-2712.252103365335,0.4071620342548077,0.09509089543269225,-17.80761718749965,-407320.72566105664,0.007690307617187503,0.0,6.465594951922937,-7760.319636418247,0.3917481219951923,0.0632549579326957,-17.41436298076934,-390840.74519230676,0.026122830904447114,0.04553034855769296,-3.274864783653902,-26998.441256009555,0.37530449969951923,0.048899489182691006,-15.165264423077058,-374598.7454927874,0.029482450045072106,0.002935321514421771,-0.42358398437483596,-29524.517352764313,0.35662364783653844,0.0578312800480762,-15.342172475961119,-355928.4855769222,0.032860454852764426,0.0,0.9149639423075545,-33077.10148737971,0.3388687274639423,0.08022085336538691,-17.133037860577154,-338799.0910456723,0.0292178485576923,0.0,1.0329026442308635,-29450.749323918186,0.32404293118990385,0.03253079927884592,-10.645658052884624,-323234.0745192298,0.018562997671274034,0.00034743088942329437,1.493858924278832,-18828.632061298027,0.32404293118990385,0.03253079927884592,-10.645658052884624,-323234.0745192298,0.018562997671274034,0.00034743088942329437,1.493858924278832,-18828.632061298027,0.38534042593149037,0.011445232684795668,0.3490493765024038,0.00929106257512019,0.365624993739984,0.023989481608072915,0.32404293118990385,0.018562997671274034,57.06598461674595,72.51335861770896,138.73439344926174,123.28701944829878,118.03827797964534,79.53186416847102,52.456872980774634,146.36744637655903,178.7458227907827,50.09646833832867,141.4507888917677,178.70261357740134,158.15618448442086,155.8902862508401,35.70365845724135,11.095125227518086,178.30519694481168,178.39459918197525,178.62401763456526,9.629740624919787,9.503071743526462,-3.320322554640073,9.197769472745145,22.02116377091177,-3.0933067669879994,-1.321923236855359,-2.596605350778045,3.7609816830069107,-0.5865728714371959,0.09194880802670938,-2.112598166220934,1.7722334720346107,0.3775923362975494,1.225510252516936,-1.3546867026550047,-1.5385839628739004,1.6833470118265288,-0.4489050275357616,-1.7656874945462848,-2.154235577538442,-1351.621315266188,1067.858092021539,349.0605504730121,-2070.418856814723,339.20335807153305,-61.88433337028554,327.046133214754,-562.4895567443644,-490.2415361656267,-199.85848770949187,309.7411540911294,-52.89236776311758,-36.7630230366655,-96.47191930288272,76.24464372101723,-138.45584614514436,-220.75874258713452,-493.52736093500573,-203.056034912343,61.942511418350996
187,-,-,0.935,0.38371454326923077,0.0,-3842.3035606971084,2022.8740985576646,0.020167893629807684,0.0034104567307693926,-201.33789062499955,-102.3137019230816,0.37790467247596154,0.0,-3789.418945312493,3680.851862980773,0.011198880709134607,0.0,-104.73736102764389,-1454.9278846153857,0.38932181490384615,0.0,-3912.3099459134546,6722.318209134586,0.008099815955528847,0.008765587439903126,-83.685584435096,257.99091045675056,0.3904206730769231,0.0,-3924.3596003605694,7858.961838942281,0.006552490234375,0.019771634615385596,-67.73212139423072,817.4485426682398,0.34936331881009614,0.0,-3498.1760817307622,1202.6742788461243,0.02339790226862981,0.015505746694711983,-234.57228440504778,-310.11493389423913,0.35551231971153846,-0.007267878605771155,-3555.8499849759555,591.3085937500601,0.011792602539062502,0.0,-117.86010742187483,-129.36636117788467,0.3403899864783654,0.0,-3404.793795072109,254.95793269231166,0.0074957087590144245,0.06571702223557707,-82.44760366586529,-695.4251802884625,0.3472514272836538,0.0,-3473.270357572109,350.84885817304644,0.002570443960336538,0.03643986628605735,-30.875807542067257,-205.03117487979893,0.3527298302283654,-0.001600060096157428,-3527.2983022836474,-107.87259615374604,0.002306208683894223,0.024220628004807655,-25.124136117788225,-478.0461237980636,0.4071620342548077,0.0,-4081.129432091339,1780.7617187499632,0.007690307617187503,0.05765474759615303,-76.9030761718749,-1223.1069711538225,0.3917481219951923,0.0,-3923.806715745186,1741.4362980769324,0.026231961763822115,0.012688739483172885,-266.87265249398996,200.5990835336613,0.37530449969951923,0.0,-3757.934945913454,1516.5264423077044,0.029482450045072106,0.0003633939302888353,-295.1180326021627,38.724459134595214,0.35662364783653844,0.0,-3572.019606370186,1534.2172475961106,0.032860454852764426,0.0003502478966341257,-328.60454852764366,-94.99887319709661,0.3388687274639423,0.0,-3396.7093599759564,1713.303786057714,0.0292178485576923,0.008645395132211846,-292.17848557692247,-189.74421574520457,0.32404293118990385,0.0,-3243.682391826917,1064.5658052884614,0.018566471980168267,0.014938589242788333,-185.6994628906247,-298.77178485576616,0.32404293118990385,0.0,-3243.682391826917,1064.5658052884614,0.018566471980168267,0.014938589242788333,-185.6994628906247,-298.77178485576616,0.38534042593149037,0.011504770132211534,0.3490493765024038,0.009512573242187499,0.365624993739984,0.024008249136117783,0.32404293118990385,0.018566471980168267,57.06598461674595,72.2524112493152,140.56750278331512,125.3810761507459,117.91662077538031,77.9454673555022,51.53354883912509,147.08989925600156,177.2386400357559,50.262822909573366,140.91894741075444,179.06810048716994,158.15618448442086,155.8991411334655,35.69480357461593,10.027802194963241,179.38790302442897,179.63417618017976,178.46893645909674,9.474659449451252,2.719391388652168,-1.1113472069474097,-1.8530728237580603,1.9776657718415063,-1.547561591164469,-1.5510545683010455,-0.8925009443273783,0.29767588480322765,-1.9432894402815464,-0.8432920921744628,-0.3136765458150667,1.1338142900959791,0.24055025926985585,0.48869007148937227,-0.7060859828657555,-2.190921342091657,0.8732354545276869,-2.460424413514859,-2.611174783510515,-1.670643981306237,-10915.968566908052,-12290.700355659654,-25321.693847683287,-23946.962058931702,-20250.51183929297,-13561.927889172097,-8806.711592404119,-25944.962802391357,-30975.995216030966,-8721.758800374211,-24462.197427129697,-31411.972476091414,-27656.201525374454,-27325.44482473848,-6086.131089883222,-1605.2243164265449,-31398.483468467002,-31083.21100791103,-30839.60192229294,-1420.3067947506063
188,-,-,0.94,0.38371454326923077,-38.37145432692304,0.0,384230.3560697105,0.02020199819711538,-2.0167893629807665,-0.34104567307693895,20133.789062499938,0.37790467247596154,-37.79046724759612,0.0,378941.89453124895,0.011198880709134607,-1.1198880709134598,0.0,10473.73610276438,0.38932181490384615,-38.93218149038458,0.0,391230.99459134514,0.008131573016826918,-0.809981595552884,-0.8765587439903119,8368.558443509593,0.3904206730769231,-39.04206730769227,0.0,392435.9600360566,0.0065679556039663495,-0.6552490234374994,-1.9771634615385578,6773.212139423065,0.34936331881009614,-34.93633188100958,0.0,349817.6081730759,0.02349363356370192,-2.339790226862979,-1.550574669471197,23457.228440504758,0.35543964092548075,-35.55123197115381,0.7267878605771149,355584.99849759525,0.011792602539062502,-1.1792602539062491,0.0,11786.010742187473,0.3403899864783654,-34.03899864783651,0.0,340479.3795072106,0.007661358173076921,-0.7495708759014418,-6.571702223557701,8244.76036658652,0.3472514272836538,-34.72514272836535,0.0,347327.0357572106,0.002584341195913456,-0.2570443960336536,-3.643986628605732,3087.5807542067228,0.35271382962740383,-35.272983022836506,0.16000600961574266,352729.83022836444,0.002342210036057696,-0.2306208683894221,-2.4220628004807634,2512.4136117788203,0.4071620342548077,-40.716203425480735,0.0,408112.9432091335,0.008266855093149034,-0.7690307617187496,-5.765474759615298,7690.307617187484,0.3917481219951923,-39.174812199519195,0.0,392380.67157451826,0.026249718299278843,-2.6231961763822094,-1.2688739483172873,26687.265249398974,0.37530449969951923,-37.53044996995189,0.0,375793.4945913451,0.029486083984374994,-2.948245004507208,-0.0363393930288835,29511.803260216246,0.35662364783653844,-35.662364783653814,0.0,357201.96063701826,0.03286395733173077,-3.2860454852764396,-0.03502478966341254,32860.454852764335,0.3388687274639423,-33.886872746394204,0.0,339670.93599759537,0.029304302509014418,-2.921784855769227,-0.8645395132211838,29217.84855769222,0.32404293118990385,-32.40429311899035,0.0,324368.2391826914,0.018712383563701918,-1.856647198016825,-1.493858924278832,18569.946289062453,0.32404293118990385,-32.40429311899035,0.0,324368.2391826914,0.018712383563701918,-1.856647198016825,-1.493858924278832,18569.946289062453,0.38534042593149037,0.011525101881760813,0.349031640625,0.009574829101562498,0.365624993739984,0.024147216796874996,0.32404293118990385,0.018712383563701918,57.165132121475885,72.2030214948368,140.13615889413742,125.0982695207765,117.44276233096302,77.9072561784877,51.84903570002836,146.03906350985244,177.46191929956984,49.398651150920415,141.73575351651857,179.11507570599107,158.4136850439369,155.793874191652,35.54296039098101,9.113477153398433,179.11361541008552,177.02387688261118,176.03574875091266,9.011733611614439,-99.65661392555415,-126.22732611123672,-244.01916900408796,-217.44845681840545,-205.5984251599179,-136.94120212857644,-90.66372127481931,-255.68864634090693,-310.3465250317471,-87.12563919571548,-246.7345724375181,-312.34749128887984,-276.18442291744725,-272.0289379948681,-62.215997601487274,-17.590827127139363,-312.3014876728438,-311.28101510664635,-310.16170671747597,-16.357303525044518,-271.9391388652166,111.13472069474088,185.30728237580587,-197.76657718415046,154.75615911644675,155.1054568301044,89.25009443273774,-29.76758848032274,194.32894402815447,84.3292092174462,31.367654581506642,-113.38142900959781,-24.055025926985564,-48.869007148937186,70.60859828657549,219.09213420916552,-87.32354545276861,246.04244135148568,261.11747835105126,167.06439813062354
