Frame,Step Phase Forelimb,Step Phase Hindlimb,Time (s),rforelimb shoulder - X pose (m),rforelimb shoulder - X velocity (m/s),rforelimb shoulder - X acceleration (m/s^2),rforelimb shoulder - X jerk (m/s^3),rforelimb shoulder - Y pose (m),rforelimb shoulder - Y velocity (m/s),rforelimb shoulder - Y acceleration (m/s^2),rforelimb shoulder - Y jerk (m/s^3),rforelimb elbow - X pose (m),rforelimb elbow - X velocity (m/s),rforelimb elbow - X acceleration (m/s^2),rforelimb elbow - X jerk (m/s^3),rforelimb elbow - Y pose (m),rforelimb elbow - Y velocity (m/s),rforelimb elbow - Y acceleration (m/s^2),rforelimb elbow - Y jerk (m/s^3),rforelimb wrist - X pose (m),rforelimb wrist - X velocity (m/s),rforelimb wrist - X acceleration (m/s^2),rforelimb wrist - X jerk (m/s^3),rforelimb wrist - Y pose (m),rforelimb wrist - Y velocity (m/s),rforelimb wrist - Y acceleration (m/s^2),rforelimb wrist - Y jerk (m/s^3),rforelimb lForepaw - X pose (m),rforelimb lForepaw - X velocity (m/s),rforelimb lForepaw - X acceleration (m/s^2),rforelimb lForepaw - X jerk (m/s^3),rforelimb lForepaw - Y pose (m),rforelimb lForepaw - Y velocity (m/s),rforelimb lForepaw - Y acceleration (m/s^2),rforelimb lForepaw - Y jerk (m/s^3),rhindlimb hip - X pose (m),rhindlimb hip - X velocity (m/s),rhindlimb hip - X acceleration (m/s^2),rhindlimb hip - X jerk (m/s^3),rhindlimb hip - Y pose (m),rhindlimb hip - Y velocity (m/s),rhindlimb hip - Y acceleration (m/s^2),rhindlimb hip - Y jerk (m/s^3),rhindlimb knee - X pose (m),rhindlimb knee - X velocity (m/s),rhindlimb knee - X acceleration (m/s^2),rhindlimb knee - X jerk (m/s^3),rhindlimb knee - Y pose (m),rhindlimb knee - Y velocity (m/s),rhindlimb knee - Y acceleration (m/s^2),rhindlimb knee - Y jerk (m/s^3),rhindlimb ankle - X pose (m),rhindlimb ankle - X velocity (m/s),rhindlimb ankle - X acceleration (m/s^2),rhindlimb ankle - X jerk (m/s^3),rhindlimb ankle - Y pose (m),rhindlimb ankle - Y velocity (m/s),rhindlimb ankle - Y acceleration (m/s^2),rhindlimb ankle - Y jerk (m/s^3),rhindlimb lHindpaw - X pose (m),rhindlimb lHindpaw - X velocity (m/s),rhindlimb lHindpaw - X acceleration (m/s^2),rhindlimb lHindpaw - X jerk (m/s^3),rhindlimb lHindpaw - Y pose (m),rhindlimb lHindpaw - Y velocity (m/s),rhindlimb lHindpaw - Y acceleration (m/s^2),rhindlimb lHindpaw - Y jerk (m/s^3),rhindlimb lHindfingers - X pose (m),rhindlimb lHindfingers - X velocity (m/s),rhindlimb lHindfingers - X acceleration (m/s^2),rhindlimb lHindfingers - X jerk (m/s^3),rhindlimb lHindfingers - Y pose (m),rhindlimb lHindfingers - Y velocity (m/s),rhindlimb lHindfingers - Y acceleration (m/s^2),rhindlimb lHindfingers - Y jerk (m/s^3),spine head - X pose (m),spine head - X velocity (m/s),spine head - X acceleration (m/s^2),spine head - X jerk (m/s^3),spine head - Y pose (m),spine head - Y velocity (m/s),spine head - Y acceleration (m/s^2),spine head - Y jerk (m/s^3),spine spine 1 - X pose (m),spine spine 1 - X velocity (m/s),spine spine 1 - X acceleration (m/s^2),spine spine 1 - X jerk (m/s^3),spine spine 1 - Y pose (m),spine spine 1 - Y velocity (m/s),spine spine 1 - Y acceleration (m/s^2),spine spine 1 - Y jerk (m/s^3),spine spine 2 - X pose (m),spine spine 2 - X velocity (m/s),spine spine 2 - X acceleration (m/s^2),spine spine 2 - X jerk (m/s^3),spine spine 2 - Y pose (m),spine spine 2 - Y velocity (m/s),spine spine 2 - Y acceleration (m/s^2),spine spine 2 - Y jerk (m/s^3),spine spine 3 - X pose (m),spine spine 3 - X velocity (m/s),spine spine 3 - X acceleration (m/s^2),spine spine 3 - X jerk (m/s^3),spine spine 3 - Y pose (m),spine spine 3 - Y velocity (m/s),spine spine 3 - Y acceleration (m/s^2),spine spine 3 - Y jerk (m/s^3),spine spine 4 - X pose (m),spine spine 4 - X velocity (m/s),spine spine 4 - X acceleration (m/s^2),spine spine 4 - X jerk (m/s^3),spine spine 4 - Y pose (m),spine spine 4 - Y velocity (m/s),spine spine 4 - Y acceleration (m/s^2),spine spine 4 - Y jerk (m/s^3),spine base - X pose (m),spine base - X velocity (m/s),spine base - X acceleration (m/s^2),spine base - X jerk (m/s^3),spine base - Y pose (m),spine base - Y velocity (m/s),spine base - Y acceleration (m/s^2),spine base - Y jerk (m/s^3),tail base - X pose (m),tail base - X velocity (m/s),tail base - X acceleration (m/s^2),tail base - X jerk (m/s^3),tail base - Y pose (m),tail base - Y velocity (m/s),tail base - Y acceleration (m/s^2),tail base - Y jerk (m/s^3),rforelimb - CoM X (m),rforelimb - CoM Y (m),rhindlimb - CoM X (m),rhindlimb - CoM Y (m),spine - CoM X (m),spine - CoM Y (m),tail - CoM X (m),tail - CoM Y (m),Angle - rforelimb - shoulder (°),Angle - rforelimb - elbow (°),Angle - rforelimb - wrist (°),Angle - rforelimb - lForepaw (°),Angle - rhindlimb - hip (°),Angle - rhindlimb - knee (°),Angle - rhindlimb - ankle (°),Angle - rhindlimb - lHindpaw (°),Angle - rhindlimb - lHindfingers (°),Angle - spine - head (°),Angle - spine - spine 1 (°),Angle - spine - spine 2 (°),Angle - spine - spine 3 (°),Angle - spine - spine 4 (°),Angle - spine - base (°),Angle - tail - base (°),Angle - tail - tail 1 (°),Angle - tail - tail 2 (°),Angle - tail - tail 3 (°),Angle - tail - tail 4 (°),Angle velocity - rforelimb - shoulder (rad/s),Angle velocity - rforelimb - elbow (rad/s),Angle velocity - rforelimb - wrist (rad/s),Angle velocity - rforelimb - lForepaw (rad/s),Angle velocity - rhindlimb - hip (rad/s),Angle velocity - rhindlimb - knee (rad/s),Angle velocity - rhindlimb - ankle (rad/s),Angle velocity - rhindlimb - lHindpaw (rad/s),Angle velocity - rhindlimb - lHindfingers (rad/s),Angle velocity - spine - head (rad/s),Angle velocity - spine - spine 1 (rad/s),Angle velocity - spine - spine 2 (rad/s),Angle velocity - spine - spine 3 (rad/s),Angle velocity - spine - spine 4 (rad/s),Angle velocity - spine - base (rad/s),Angle velocity - tail - base (rad/s),Angle velocity - tail - tail 1 (rad/s),Angle velocity - tail - tail 2 (rad/s),Angle velocity - tail - tail 3 (rad/s),Angle velocity - tail - tail 4 (rad/s),Angle acceleration - rforelimb - shoulder (rad/s^2),Angle acceleration - rforelimb - elbow (rad/s^2),Angle acceleration - rforelimb - wrist (rad/s^2),Angle acceleration - rforelimb - lForepaw (rad/s^2),Angle acceleration - rhindlimb - hip (rad/s^2),Angle acceleration - rhindlimb - knee (rad/s^2),Angle acceleration - rhindlimb - ankle (rad/s^2),Angle acceleration - rhindlimb - lHindpaw (rad/s^2),Angle acceleration - rhindlimb - lHindfingers (rad/s^2),Angle acceleration - spine - head (rad/s^2),Angle acceleration - spine - spine 1 (rad/s^2),Angle acceleration - spine - spine 2 (rad/s^2),Angle acceleration - spine - spine 3 (rad/s^2),Angle acceleration - spine - spine 4 (rad/s^2),Angle acceleration - spine - base (rad/s^2),Angle acceleration - tail - base (rad/s^2),Angle acceleration - tail - tail 1 (rad/s^2),Angle acceleration - tail - tail 2 (rad/s^2),Angle acceleration - tail - tail 3 (rad/s^2),Angle acceleration - tail - tail 4 (rad/s^2),Phase - rforelimb - shoulder (°),Phase - rforelimb - elbow (°),Phase - rforelimb - wrist (°),Phase - rhindlimb - hip (°),Phase - rhindlimb - knee (°),Phase - rhindlimb - ankle (°),Phase - rhindlimb - lHindpaw (°),Phase - spine - head (°),Phase - spine - spine 1 (°),Phase - spine - spine 2 (°),Phase - spine - spine 3 (°),Phase - spine - spine 4 (°),Phase - tail - base (°),Phase - tail - tail 1 (°),Phase - tail - tail 2 (°),Phase - tail - tail 3 (°),Phase velocity - rforelimb - shoulder (rad/s),Phase velocity - rforelimb - elbow (rad/s),Phase velocity - rforelimb - wrist (rad/s),Phase velocity - rhindlimb - hip (rad/s),Phase velocity - rhindlimb - knee (rad/s),Phase velocity - rhindlimb - ankle (rad/s),Phase velocity - rhindlimb - lHindpaw (rad/s),Phase velocity - spine - head (rad/s),Phase velocity - spine - spine 1 (rad/s),Phase velocity - spine - spine 2 (rad/s),Phase velocity - spine - spine 3 (rad/s),Phase velocity - spine - spine 4 (rad/s),Phase velocity - tail - base (rad/s),Phase velocity - tail - tail 1 (rad/s),Phase velocity - tail - tail 2 (rad/s),Phase velocity - tail - tail 3 (rad/s),Phase acceleration - rforelimb - shoulder (rad/s^2),Phase acceleration - rforelimb - elbow (rad/s^2),Phase acceleration - rforelimb - wrist (rad/s^2),Phase acceleration - rhindlimb - hip (rad/s^2),Phase acceleration - rhindlimb - knee (rad/s^2),Phase acceleration - rhindlimb - ankle (rad/s^2),Phase acceleration - rhindlimb - lHindpaw (rad/s^2),Phase acceleration - spine - head (rad/s^2),Phase acceleration - spine - spine 1 (rad/s^2),Phase acceleration - spine - spine 2 (rad/s^2),Phase acceleration - spine - spine 3 (rad/s^2),Phase acceleration - spine - spine 4 (rad/s^2),Phase acceleration - tail - base (rad/s^2),Phase acceleration - tail - tail 1 (rad/s^2),Phase acceleration - tail - tail 2 (rad/s^2),Phase acceleration - tail - tail 3 (rad/s^2)
0,-,-,0.0,0.1489591252253606,15.009252103365384,36.12053632296036,-144938.17811396552,0.021742365910456737,2.0979419344388517,-6.509635628333565,-20770.14963642824,0.144984619140625,14.535519949106071,26.423690648005756,-140749.47317368494,0.011231379582331738,1.1175222684420079,0.0,-10843.778519010111,0.15600449782151443,15.527394690880408,0.6493506446250986,-153688.82052162875,0.0033543231670673107,0.3306448458158048,-0.9532486055814849,-3337.5220313227655,0.15994386643629807,15.917159705528846,3.375135934682933,-157262.7971524635,0.002994422325721155,0.29794502140925494,-0.13879463313181847,-2949.730198206976,0.11826617901141827,11.948015423114482,38.69079353449897,-114626.46148304277,0.024102313701923075,2.398180213341346,0.0,-23676.35453956017,0.11128844275841346,11.296212688739482,50.164638146033695,-105774.71792243721,0.013575927734375007,1.3036400381234983,-5.05192012610803,-12906.362287432163,0.097444580078125,9.938700486403244,61.53343390596834,-92206.10145878716,0.017611393855168272,1.752333688589243,0.0,-16353.42598423709,0.09369781024639423,9.474277770996094,36.458830810546885,-86360.83609028626,0.008222402719350957,0.8181290705754203,0.0,-8099.682330964305,0.09503486515925481,9.530058725210337,21.27434468430731,-87112.18507941731,0.00620492788461538,0.6173903245192303,-3.5996429936334793,-6112.31856032151,0.1780178973858173,17.91904035832332,36.686963449331465,-173804.51825288273,0.009341449444110583,0.9286660437950727,-0.5360280339168585,-9744.356667553246,0.15500821627103364,15.655838599571814,37.59084839101949,-151404.94270169773,0.0267951894906851,2.657399127666767,-1.6093391101544694,-26435.417028197073,0.14227579439603366,14.33907808274489,33.88913138052132,-137633.99443388832,0.030487398587740383,3.0147717050405647,-3.2002714303823683,-30514.04381014368,0.12678276179387019,12.940422720102164,51.5228361299956,-124376.62707319878,0.03416822697566106,3.3821082035945014,-7.215601096520052,-34047.413482019874,0.11249947415865384,11.3206971482497,31.897572488638147,-108740.58915558328,0.0302351543719952,2.987923447829027,-2.0372040123572703,-29442.0432183298,0.09807368351862981,9.911993309607873,28.4872033550555,-95481.1868220074,0.026622478778545677,2.632754901592548,-3.9563442711464285,-26503.04750209808,0.09807368351862981,9.911993309607873,28.4872033550555,-95481.1868220074,0.026622478778545677,2.632754901592548,-3.9563442711464285,-26503.04750209808,0.15247302715594951,0.009830622746394235,0.10314637545072117,0.013943393179086539,0.1354429712540064,0.026274982941456332,0.09807368351862981,0.026622478778545677,69.28695373731821,104.84430051300681,149.66270631132736,174.77994691298403,56.46037730182331,107.28829473720396,95.5036320314925,124.71113674217166,123.53390326536311,37.181734839386586,158.9896220254396,177.19317837645107,151.23994011477566,178.6639972650813,14.059521909028359,27.988491605052033,177.29691154310433,162.82527948923595,161.00360005502176,10.885717307585967,113.92452303447426,181.9034842831909,252.58892367295866,304.6090531426935,102.97310641021873,178.21655888871427,172.3414799222666,239.47482486753495,181.96182954131586,64.64529866301676,274.82350923347695,309.7393308837644,264.8736104732743,310.0298591456949,24.695530509024852,47.40250243565006,308.3930722311566,283.466271106472,281.06070548685716,17.442855836417372,-803.7749202318862,500.7937353559285,-1482.2686491958914,177.69999360807003,1087.5189353297008,-1629.9187181712257,-59.916756392774225,3072.0893621084165,-3554.572388557174,46.088251504144964,-251.59784288186998,180.7244812622964,386.180898620412,-262.09892156879914,112.9240315220516,-229.22080039234652,101.72690546206152,-146.44913245061787,271.1647426821474,-206.43447217570994,249.2869537373182,324.4426532243114,354.77994691298403,236.46037730182334,163.7486720390273,248.24504000753475,303.53390326536305,142.8182651606134,163.82864313517385,166.63546475872278,195.39552464394708,194.05952190902835,152.01150839494795,154.71459685184365,171.88931736260773,190.88571730758596,426.5129920666587,557.1979768156522,617.1975221748779,415.5615754424031,281.18966529893305,421.43665440885076,494.5502985735003,247.94317036916766,285.7081301678751,288.55726831629505,336.27212687520506,337.2839995412092,265.18596659653434,269.3813633975621,298.50356132327454,330.03132486860176,-803.7749202318839,-1304.5686555878215,177.69999360808322,1087.5189353297053,-542.3997828415316,-482.48302644875747,-3554.572388557174,-46.08825150414167,205.50959137771954,-70.79469830292852,-456.9755969233361,112.92403152205489,229.22080039234925,-81.7188619441834,64.73027050643887,-206.43447217570414
1,-,-,0.005025125628140704,0.1508467548076923,0.3630204655573906,-1456.6651066730203,-3541.3060661327463,0.021084843562199515,-0.06542347365159362,-208.74522247666573,1370.8086105376326,0.14608562762920674,0.26556473013071114,-1414.5675695847733,-2575.54493379921,0.011231379582331738,0.0,-108.9826986835187,640.6187144857549,0.15605421799879807,0.006526137131910539,-1544.611261523907,-1.2302336085312333,0.003323063777043264,-0.009580387995793818,-33.5429349881685,253.75186904555935,0.15997145432692308,0.03392096416766767,-1580.5306246478742,-659.2387163954387,0.002994422325721155,-0.0013949209359981757,-29.645529630220867,27.62013199323188,0.12008055701622596,0.3888521963266229,-1152.024738523043,-3847.597235152031,0.024102313701923075,0.0,-237.95331195537858,66.22911757248964,0.11352977576622596,0.5041672175480774,-1063.062491682786,-4002.5326708139364,0.01310190993088943,-0.05077306659405055,-129.71218379328806,1005.3321050954979,0.09988643704927884,0.6184264714167672,-926.6944870229866,-7168.127242874159,0.017611393855168272,0.0,-164.35604004258383,995.1156162185628,0.0952188720703125,0.3664204101562501,-867.9481014099122,2967.5269610853948,0.008222402719350957,0.0,-81.40384252225432,0.0,0.09577948467548077,0.2138125093900232,-875.4993475318322,6791.10226630228,0.00620492788461538,-0.03617731651892944,-61.43033728966341,1181.6625056938528,0.18009085787259616,0.3687132004957936,-1746.7790779184195,-3737.2832049607505,0.009333327073317313,-0.00538721642127496,-97.9332328397311,-407.4385713453837,0.15734511155348557,0.3777974712665276,-1521.657715594952,-3474.2722092825284,0.026707528921274037,-0.016174262413612757,-265.6825831979605,267.5341854119145,0.14411133751502403,0.3405942852313701,-1383.2562254662143,-2221.265404170125,0.030299213115985574,-0.03216353196364189,-306.6738071371224,102.85400458761909,0.13005449969951924,0.5178174485426694,-1250.01635249446,-7813.565143149761,0.03399103722205529,-0.07251860398512615,-342.18506012080275,1245.3941565422656,0.11377585073617788,0.3205786179762628,-1092.8702427696812,-2555.306203457193,0.030029381385216353,-0.02047441218449518,-295.89993184251057,549.5999272073497,0.09961802321213942,0.28630355130709045,-959.6099178091196,-2841.395641641447,0.026459848257211538,-0.03976225398137114,-266.36228645324707,564.4043549552524,0.09961802321213942,0.28630355130709045,-959.6099178091196,-2841.395641641447,0.026459848257211538,-0.03976225398137114,-266.36228645324707,564.4043549552524,0.15323951369065503,0.009658427311823918,0.10489902531550481,0.013848589618389423,0.13749928009815707,0.02613672266251002,0.09961802321213942,0.026459848257211538,64.21048061210229,102.63627058308978,146.36988072999807,175.20432929901443,59.226044626796856,102.48387000567699,98.14334112574424,138.0371123517814,105.52946115494822,37.374183267209844,157.81028220562786,179.53109929945947,151.6065337526449,179.52715863269307,14.150742842364812,27.36272192972285,177.27932973766127,163.6400592507627,161.29289519876508,10.424993883088066,-8.078139901828003,5.033102867898779,-14.897172353727552,1.785929584000704,10.929838546027144,-16.381092644936942,-0.6021784562087862,30.87526997093886,-35.72434561363994,0.4631985075793464,-2.528621536501206,1.8163264448471999,3.8812150615116785,-2.6341600157668257,1.1349148896688603,-2.30372663710901,1.0223809594177038,-1.4718505773931445,2.7252737958004762,-2.074718313323718,-12186.64760163483,-17101.671096966526,-27076.46706529832,-30213.614776774684,-8766.695246841746,-19780.791296477804,-19115.557111794627,-21216.00151029502,-19318.48058993225,-6322.987117877219,-27688.331559099097,-30718.41954492007,-25947.91356309013,-31194.38944984712,-2325.948541517531,-5086.322821652823,-30706.317263640605,-28658.742837985395,-27588.34274103675,-1935.1334255440884,244.21048061210226,321.57421002901253,355.2043292990145,239.22604462679686,161.70991463247387,243.56657350672955,285.5294611549482,142.62581673279016,164.81553452716227,165.28443522770277,193.6779014750579,194.15074284236482,152.63727807027715,155.35794833261588,171.71788908185314,190.42499388308806,-8.07813990182798,-13.111242769726848,1.7859295840008365,10.929838546027188,-5.451254098909866,-4.84907564270108,-35.72434561363994,-0.46319850757931325,2.0654230289218045,-0.7115045055570706,-4.592719567068705,1.1349148896688934,2.3037266371090377,-0.8212950949164162,0.6505554824767725,-2.0747183133236597,-43289.20027033718,-57290.081842073,-61316.167445477025,-39869.247915544096,-28547.48654331956,-40534.482100227266,-50421.033258634605,-24779.565550825133,-28193.786660428374,-28673.49959262901,-33828.13869824122,-33428.501210219874,-26016.229847049523,-27079.666335863876,-29523.47616658083,-33037.686094246434
2,-,-,0.010050251256281407,0.15260757211538462,0.36940178504357124,0.5295205829327633,144312.2019543844,0.021084843562199515,0.0,7.267335331843649,21031.80090022337,0.1476536114032452,0.3187604557917656,0.5388169414810298,139462.7320680437,0.011231379582331738,0.022218764085035907,6.438379040057838,11390.103989845864,0.15607008713942308,0.0036634192833534117,0.636986487755438,154315.37017356878,0.0032580378605769206,-0.006470078688401188,1.5970214350774032,3465.632824392454,0.16028478064903845,0.03242980957031063,-3.250378802959667,156941.73393026504,0.002980403019831726,0.0,0.1387946331318185,2977.5630773655826,0.1221742412860577,0.36987734750601053,0.02147458824741025,114073.79059675246,0.024102313701923075,0.006689640925480634,0.665619272085323,23610.125421987683,0.11635544996995192,0.6121675461989186,9.938179142878557,104277.31087367953,0.01306564565805289,0.0,5.051920126108031,12870.639263400746,0.10365992149939904,0.6251880540114185,-10.508045921912656,90612.22744534185,0.017611393855168272,0.10051419067382772,10.001161972045857,15358.31036801853,0.09738042743389423,0.7511812744140627,66.28322237924432,87980.66525790875,0.008222402719350957,0.0,0.0,7792.873168846724,0.09718373460036057,0.731070307804988,89.52662876774731,90380.25903605654,0.005841336763822119,0.0,8.276362088716802,6219.487632415769,0.1817235576923077,0.36347173602764304,-0.873671776404721,173958.6396993902,0.009287306565504805,-0.05558755258413439,-4.630888047438303,9864.503316736078,0.15880517578125,0.3627962317833533,2.6735397550141844,150769.15242287857,0.026632634089543264,-0.012777587890625256,1.079446672879847,26561.918342711237,0.1456988525390625,0.43700546499399257,11.564855961726094,136155.29988580788,0.030164147010216344,-0.06737711040790215,-2.166562841562076,31181.09404745952,0.13198695725661058,0.3774443030724146,-27.0054567659819,122381.71540312318,0.033439396784855774,-0.056937626765325086,5.300923089834376,34440.88936440221,0.11572136981670673,0.33707661790114246,6.216103107158819,108678.66123070232,0.030029381385216353,0.014054786095252412,3.4864133465105653,29307.947754999015,0.10095110614483173,0.2676725276066711,-0.06953676194397117,95939.24996883805,0.02622285813551682,-0.04425300246018675,1.7160613062932943,26599.9630858084,0.10095110614483173,0.2676725276066711,-0.06953676194397117,95939.24996883805,0.02622285813551682,-0.04425300246018675,1.7160613062932943,26599.9630858084,0.15415401282677282,0.009638666006234975,0.1073507549579327,0.013768618539663463,0.13914783653846155,0.025962620661808895,0.10095110614483173,0.02622285813551682,63.3084255375033,106.75968804413885,140.3175419500098,176.2311955433546,62.20074593038659,98.09889044308964,104.0748188402856,150.94713074155308,85.27768679163754,37.11954255934016,157.96071456449562,178.3538050028578,154.7255859670753,177.38881753188505,14.451534374346096,26.537128010592564,178.17616484742803,163.22574574378137,163.23894830499714,8.82201309320087,-8.554347333714992,10.027392856391632,-19.536373465717894,0.9546332756112467,14.86561649221123,-20.585363688952107,-19.774671955066335,26.24867903542417,-12.193754277098712,1.0976894381200848,-3.4511798026948726,1.0114962614521483,4.090559587946386,-3.481592611562556,1.3191632575923828,-3.7163198925190257,-0.21313142352283168,-4.561295104436494,3.790929195030537,-2.005721304729246,-82.33243731617613,447.39536118171543,-290.10274603608735,-239.62505246179745,465.6672170015659,-304.1446123734601,-3801.0143895832043,-2817.175819474214,6779.712813685533,49.60961556841046,-22.050215404985632,-136.23098066864833,-114.68508094907891,-46.21980941323276,57.35557240929382,-187.09520361602594,-239.13147148100364,-236.8428780203973,5.520036405459065,68.45047850979593,243.3084255375033,316.54873749336446,356.2311955433546,242.2007459303866,160.29963637347623,236.22481753319065,265.27768679163756,142.88045744065985,164.91974287616424,166.56593787330644,191.84035190623115,194.4515343743461,153.46287198940743,155.2867071419794,172.060961398198,188.82201309320087,-8.554347333715036,-18.581740190106647,0.9546332756112467,14.865616492211208,-5.719747196740899,14.054924758325459,-12.193754277098801,-1.0976894381201179,2.353490364574843,0.38139301349093097,-3.7091665744554545,1.3191632575923995,3.7163198925190257,-2.7760872141351287,1.7852078903013655,-2.00572130472926,-82.33243731617843,-529.7277984978851,-239.62505246181505,465.6672170015573,161.5226046281125,3962.536994211328,6779.712813685533,-49.60961556841485,-27.559400163416072,204.25138892358396,318.9364698726497,57.355572409290524,187.0952036160249,-162.8723631051349,73.970514915258,68.45047850979014
3,stance,-,0.01507537688442211,0.15455933556189905,0.36834228046123746,-6.291217684232533,-1578.5654674142716,0.021084843562199515,0.0076150723970862585,2.6296609426645894,-483.02856419493526,0.14928925030048076,0.27097997577373656,-12.932071413480168,-757.194911240746,0.01145468374399039,0.06470732703575716,5.490708249605531,-596.848297676682,0.15609103628305288,0.01292801138070891,6.2969814265326285,380.0589361478279,0.0032580378605769206,0.0064700786884011865,1.2875456589918362,-176.75589492914415,0.16029738206129807,0.0012538405198318223,-3.226766052245907,310.99935628802183,0.002994422325721155,0.0,0.27972742872970824,4.384441582319691,0.12379791729266827,0.38906802133413454,-5.5544812692496786,-648.157364041833,0.02416954627403846,0.006689640925480632,-0.665619272085323,-9.790994546145901,0.11968221341646634,0.6040484149639422,-15.049317072941674,-2917.39262906822,0.01310190993088943,0.0,-0.3590253671499472,-132.96697836656458,0.10616973407451923,0.5128179696890018,-16.01883430598324,581.3270044802432,0.01862158672626202,0.10051419067382769,-10.001161972045857,-4267.324267767678,0.1027684326171875,1.03258344914363,16.27969012685916,-7854.551347055289,0.008222402719350957,0.0,-3.08350916701088,-766.759283806431,0.10312692495492788,1.1135776226337146,32.84496438833388,-9316.827363893974,0.00620492788461538,0.04700220196063639,1.0770761014498416,-1556.1715157881322,0.18374384014423076,0.35993257962740444,1.5489592613809702,430.47076446767807,0.008774658203125008,-0.05192880483774031,1.2075040118877536,354.066782463655,0.16099130483774038,0.40466721754807716,-6.389852048433706,-1248.631613406847,0.026579110952524035,-0.005325552133413291,1.2713699951172128,-54.680646442719855,0.14850335223858174,0.45682399338942126,-14.86125173950227,-3339.751251620916,0.029622056227463944,-0.05393803288386376,6.704022485586262,880.7732647000721,0.13384790978064903,0.24640582275390663,-20.049363518348038,3143.2931192016467,0.0334187997671274,-0.019242995042067095,3.95453148122948,-336.9313857732957,0.11716355543870192,0.38305201603816047,-0.6223912048341148,-1825.6851748257955,0.03017063551682693,0.01456491793118889,-1.3476930988019347,-480.54034734752986,0.10230819936899038,0.2856046893780053,4.60364971689077,787.6732551515875,0.026015094463641822,-0.02251540668194105,0.9740259669377865,-774.0805612587612,0.10230819936899038,0.2856046893780053,4.60364971689077,787.6732551515875,0.026015094463641822,-0.02251540668194105,0.9740259669377865,-774.0805612587612,0.1550592510516827,0.009697996873121995,0.11110904447115384,0.014064074707031249,0.14109302696814904,0.02576339252178485,0.10230819936899038,0.026015094463641822,61.31040688112398,111.62365324878301,133.27284245513061,176.4139111772103,69.60142433497137,88.17918227651377,85.89217535171045,151.81250939591004,100.07592186386464,38.04410760871105,155.65030811872313,179.17027555429797,154.45913574209092,175.38863675308494,15.628087331687949,25.460142230922184,178.18383253111745,159.88217526006173,163.4761921020403,9.365322938093183,-8.905601583397612,9.529538658669788,-17.812777841527424,-0.6223624005399736,15.609911078706197,-19.43782241753453,-38.80332810026108,2.5619451521025405,32.41347160933024,0.9617876087694012,-2.7502317415764383,0.44717086023766905,2.7286011826264636,-3.0986807133872554,1.7113528033301046,-4.1840804422952,-1.3809504122506742,-3.852181009758946,2.7807515486191603,-1.386773805687578,33.243173607822186,-163.97497781421217,495.34926487892164,-298.13111345687406,-306.3660177846419,1285.206519082206,-2153.05547979113,-3962.4625153645025,7094.358496453198,-59.11544452818719,192.65088924937976,-27.37809621545492,-283.5206537597139,29.668471360806723,184.9540972915995,80.92797578623055,19.278008526873034,537.5405090209928,-231.69568388482597,47.19710514307976,241.310406881124,309.6867536323409,356.4139111772103,249.60142433497137,157.78060661148513,251.88843125977468,280.0759218638646,141.95589239128896,166.30558427256582,165.47585982686383,191.0167240847729,195.62808733168794,154.53985776907783,152.72369030019524,172.84151504013354,189.3653229380932,-8.905601583397612,-18.4351402420674,-0.6223624005400178,15.609911078706155,-3.8279113388283332,34.97541676143286,32.41347160933024,-0.9617876087694122,1.7884441328070702,1.3412732725694012,-1.3873279100571507,1.7113528033301046,4.184080442295217,-2.4582032668273195,1.3939777429316267,-1.386773805687578,33.243173607822186,197.21815142204338,-298.13111345687406,-306.36601778463745,978.8405012975663,3131.895981088696,7094.358496453216,59.11544452819049,-133.53544472119808,85.00226833097337,368.5229220906873,184.95409729159783,-80.92797578623112,353.0419302792465,-184.49857874175507,47.19710514308415
4,stance,-,0.020100502512562814,0.15630950458233173,0.3061734666090734,-15.335458989069968,250.5514116880446,0.021161376953125005,0.026428753192608945,2.412776897723696,-287.72204143173195,0.1503770282451923,0.18878988882211564,-7.071182166466167,1363.8295785252415,0.011881704477163468,0.07740176156850859,0.43990368652334444,-421.7666304403246,0.15620001690204327,0.06694966477614366,4.456674288236122,-1268.5928474462041,0.003323063777043264,0.0064700786884011865,-0.17941971998937245,90.27879713793851,0.16029738206129807,0.0,-0.1247571317232663,321.0632221984677,0.002980403019831726,0.0028113309420071185,0.18285937265261942,-51.642061928378844,0.12608447265625,0.3140534151517424,-6.492669773982069,1849.142862278894,0.02416954627403846,0.0,0.5672173168476757,188.896358171323,0.12242628831129808,0.46091812838040924,-19.382349792480444,3102.3994140636582,0.01306564565805289,-0.003608295147235651,3.715568584735522,441.1451222440238,0.10881387094350961,0.46419474440354674,-4.665563464824783,2330.8301943441315,0.01862158672626202,0.0,-32.88651911104639,-2159.1154822469907,0.10775815054086539,0.914796250563401,-12.656992164024924,-1745.7384900242678,0.008222402719350957,-0.03099004187950634,-7.706123455341016,153.66820254631693,0.10837546950120193,1.0611704524113588,-4.109827150785104,-4521.487756328891,0.0063137207031249976,0.010824885441706953,-7.363552642822218,-214.33814418851853,0.18534097055288462,0.37903916579026586,3.4526675649789786,-659.4977129446746,0.008765409029447113,-0.043451833871694656,-1.0724279221754374,64.5641397564155,0.16287218299278847,0.2985766132061301,-9.875521686260662,1497.5642966625485,0.026579110952524035,0.0,0.5298924372746223,-126.50131451416266,0.15029004845252403,0.2876461510291456,-22.00048325054442,1848.5046207827306,0.029622056227463944,0.0,6.685429768488901,-258.06231161380896,0.1344633976862981,0.1759431621844946,4.585428854135154,4958.396435018687,0.03324599984975962,-0.01719359177809413,1.9146780066856757,126.87593452275235,0.11957113882211538,0.3308214299128599,-12.132491614708474,-147.68353228522543,0.03017576246995192,0.0005101318359364836,-1.3431378831128513,228.0325867257007,0.10382150503305289,0.3139403639573321,7.8467773601825375,-218.97233244323925,0.025996572641225957,-0.034463796762319546,-6.063642826960589,-374.50901009427963,0.10382150503305289,0.3139403639573321,7.8467773601825375,-218.97233244323925,0.025996572641225957,-0.034463796762319546,-6.063642826960589,-374.50901009427963,0.15579598294771635,0.009836637056790866,0.11469165039062501,0.014078580416165864,0.1427265405899439,0.02573081852839543,0.10382150503305289,0.025996572641225957,57.40929886394905,113.17934870733984,129.0104456944259,175.21950446218332,71.76551271516965,86.03154148791056,73.59383566640027,156.28061989472627,107.92259864195364,38.4080810110623,155.18764524696115,179.30137297913427,155.4538245646091,176.78802981926844,14.8610463789647,23.471088032641084,176.02422188383485,158.70347628603054,165.3691748092796,8.480482755883607,-8.220245086400196,8.37940312961563,-14.557988894070439,-2.041659321945277,11.7865610370892,-7.66871525596511,-41.41342049568071,-13.575064837585911,59.106331114390734,0.5035643674850375,-1.514989960992563,0.7363395155681792,1.2411057813160944,-3.1834170199966594,3.1779984062516746,-2.9029734022051508,-0.01938259410702225,0.8411220716538866,1.462329356992084,-1.531378539472163,118.12598063917324,-127.40427476799366,591.442734574817,-345.9124791676372,-419.18038972480014,2191.254861579417,897.4943993354908,-1252.0838831186632,2126.663955637786,-58.092118439330854,283.889362698103,-25.97943607640836,-237.09481525520036,-154.13533821470182,286.9921537058985,276.54763844572807,297.6725084736602,715.4976693911398,-111.97970844881111,-58.89042787564116,237.40929886394903,304.2299501566093,355.2195044621833,251.76551271516962,157.79705420308022,264.20321853667986,287.92259864195364,141.5919189889377,166.4042737419766,167.1029007628423,191.64907619823316,194.8610463789647,156.5289119673589,152.5531338511938,173.8496575651632,188.4804827558836,-8.22024508640024,-16.59964821601576,-2.041659321945277,11.786561037089223,4.11784578112409,45.53126627680482,59.10633111439082,-0.5035643674850375,1.0114255935075254,1.2356871675710654,-0.005418613745028943,3.1779984062516746,2.902973402205145,0.7720728891738823,-0.06904918248009272,-1.5313785394721326,118.12598063917324,245.5302554071714,-345.91247916763274,-419.1803897247959,1772.0744718546214,874.5800725191143,2126.663955637786,58.092118439328644,-225.79724425877873,-104.23799976401423,132.8568154911993,286.9921537058968,-276.54763844573307,544.6275330666817,-170.8701363244581,-58.89042787564253
5,stance,-,0.02512562814070352,0.15763645582932692,0.21421706449068498,-3.7731130441516827,3158.06517238088,0.021350459172175484,0.031864086444560596,-0.26201786569452595,-441.31162002560296,0.15118663611778846,0.19991281832181526,0.7747585214468843,848.2136985191784,0.012232590895432688,0.06912846961388122,1.2518476421650815,364.21389726493766,0.15676389723557693,0.057718707744891046,-6.452695432223194,-894.0838373518574,0.003323063777043264,0.004666865422176337,2.194870253342977,207.89098008961008,0.16029738206129807,0.0,0.0,236.9263432265275,0.003022676908052885,0.0018377826397248187,-0.23928826904294354,-8.916881192751886,0.12695423302283654,0.3238150587815509,13.029869105412576,1274.1890228834761,0.02416954627403846,0.012390317476713555,1.2328365889329986,-179.10536362517718,0.12431455641526443,0.40925092961237997,16.130576535738314,3854.201647155759,0.01306564565805289,0.037342397836537915,4.074593951885469,-539.7580583390321,0.1108350078876202,0.4659278846153859,7.406594782902509,287.16242388795337,0.01862158672626202,-0.23000358933668888,-31.700815059955318,4013.988643176158,0.11196236478365384,0.9053774977463946,-1.2654203256460472,-2259.282397637015,0.007910945012019235,-0.07744847693810068,-1.5391051213192524,1731.6139282179643,0.11379195462740385,1.0722728271484372,-12.597123614971563,-4012.041544119016,0.0063137207031249976,-0.02700335223858189,-1.0770761014498424,1267.353363960852,0.18755327899639423,0.3946327561598565,-5.0791584566559616,-692.6307714844064,0.008337956355168277,-0.06270697490985526,1.856389838585397,681.7899159264068,0.16399207481971154,0.30541574331430166,8.661045405461257,1770.0194165086368,0.026579110952524035,0.0,0.0,139.36326814328726,0.15139426832932693,0.2357136089618391,3.7166841477613572,3563.404021702674,0.029622056227463944,0.013252216045672949,4.110431414090694,-237.19458965242356,0.13561618276742787,0.2924905348557675,29.783766481839777,1411.919687779409,0.03324599984975962,0.0,5.22966650155865,471.7298397375268,0.12048839393028846,0.26111742694561296,-2.106647810715778,1913.8087506795955,0.03017576246995192,0.0010660447340748035,0.9440916924111378,220.7760584106324,0.10546337890625,0.3644667733999404,2.402922757662234,-1295.9724826437248,0.025668724646935093,-0.08345654062124346,-2.789883682250954,1314.065241578312,0.10546337890625,0.3644667733999404,2.402922757662234,-1295.9724826437248,0.025668724646935093,-0.08345654062124346,-2.789883682250954,1314.065241578312,0.15647109281099758,0.00998219768817608,0.11757162334735576,0.01401628887469952,0.1440845962915665,0.025604935083633817,0.10546337890625,0.025668724646935093,54.72508312222821,112.67899220677943,126.9052083908984,175.14088252455042,76.62757000435666,80.97216808298147,61.59115049441293,137.12941147678333,138.87917611614185,37.74714343168266,155.8322961017982,179.35602387633438,155.59198354924885,174.77494151307823,16.697611527857678,23.200717169380482,177.04566575636554,161.50764387093673,163.9664474164026,8.370857299645724,-7.718405798079288,8.249093686127138,-11.868629755348358,-4.098869728857935,11.397042840265994,2.584839507886753,-29.783283885834038,-10.02181246718051,53.786978701167286,0.3779472224444679,0.1029276825250996,0.18607100017326336,0.34573871775007764,-4.647779589916922,4.595696056655718,-1.404707191584365,1.6107330899971677,3.3387503409057775,1.6553273431034705,-1.9786374024276903,-148.25439576320667,58.81482634835227,104.01284788055148,-311.08206999212365,196.59744619354868,1260.0468064213605,2392.788311493438,1374.367135212934,-2310.511194091467,43.33663826349948,192.3435453960098,-69.10118798094099,-282.8316787591942,-87.92113804414339,108.59401270641041,150.78520502137752,78.83107040516077,66.3079821425418,-7.143406144696259,78.9773223189237,234.72508312222817,302.04609091544876,355.1408825245504,256.6275700043567,157.5997380873381,276.0085875929252,318.8791761161419,142.25285656831733,166.42056046651913,167.06453659018476,191.4725530409359,196.69761152785767,156.79928283061952,153.84494858698508,172.33730471604832,188.37085729964573,-7.718405798079288,-15.967499484206382,-4.098869728857935,11.397042840265994,13.98188234815279,43.765166233986776,53.786978701167286,-0.377947222444501,-0.4808749049696006,0.2936551844888559,-0.05208353326117757,4.595696056655701,1.4047071915843319,3.0154402815815438,-0.3233100593242337,-1.978637402427704,-148.2543957631913,-207.06922211156777,-311.082069992128,196.59744619354638,1456.6442526149137,-936.144058878524,-2310.5111940914758,-43.33663826349618,-235.68018365951477,-262.1588040969211,20.672874662277504,108.59401270641209,-150.78520502137857,138.14189831674864,71.83391617422882,78.97732231891628
6,stance,-,0.03015075376884422,0.15846243990384615,0.2682527324969962,16.403889477069516,1370.322992007863,0.02148161902794471,0.023795407808744364,-2.0225157658502004,-201.6658130328839,0.1523862022986779,0.1965764066256019,1.4535786226712992,707.9948167759517,0.012576462965745189,0.08998314490685111,4.10034486506543,68.6895847895656,0.1567801044170673,0.002098454402041233,-4.52909292133028,863.281747754671,0.003369966947115388,0.02852907620943612,1.9099368638258032,-417.47468762562335,0.16029738206129807,0.0,2.2564121469353005,224.51300862006235,0.0029988731971153926,0.00040642371544487294,0.09324247624305278,19.785486380939776,0.12933889535757212,0.4450068734975974,6.313250053992558,-2542.9206184810287,0.024294072077824524,0.012390317476713547,-1.2328365889329986,-203.87190863919483,0.12653936298076923,0.6230344754732565,19.35334515380857,-5630.150234664903,0.013440946138822116,0.03734239783653789,-1.7091355191743458,-330.73859328517995,0.11349656325120193,0.53863288292518,-1.7795089533880668,-2171.565816360455,0.01630999286358173,-0.3186011563814603,7.455075292734075,5447.677915900593,0.116857421875,0.9020784583458528,-35.36334791917079,-6465.922848947357,0.00744402606670673,-0.046458435058594295,9.697031602125952,596.6633001415828,0.11915208082932692,0.9345661949744587,-44.43185271982042,-5666.021256724409,0.006042330228365381,0.0,5.373667095477794,572.715369220451,0.18930712890625,0.327992347130407,-3.5084457162713334,1002.7791391109263,0.008135188176081734,-0.02479464956430374,5.7797320368839245,60.762440409751065,0.16594168795072115,0.3856222956730774,7.91361817814774,-668.8585882216296,0.026579110952524035,0.0,1.930528298011177,326.2755277504543,0.15265902944711537,0.32499976055438534,13.812622495211079,760.5618663799924,0.02975524432842548,0.04131086848332354,4.3015645458514795,-328.449248788114,0.13740300105168268,0.4752774986853967,18.775576470008605,-4116.17665663735,0.03324599984975962,0.03536587054912846,6.6556814211331785,-234.11438069269119,0.1221954345703125,0.3096490901066712,7.101767186091473,720.4729005197199,0.030186476487379807,0.009998490553636356,0.8757169752854631,-149.29763577918254,0.10748448768028847,0.33809034142127414,-5.1780717116136845,125.66882560611883,0.025157813439002405,-0.06250282874474118,7.143043018047566,896.3870566640935,0.10748448768028847,0.33809034142127414,-5.1780717116136845,125.66882560611883,0.025157813439002405,-0.06250282874474118,7.143043018047566,896.3870566640935,0.15698153217022237,0.01010673053448017,0.12107686485877404,0.013506273475060096,0.14583179493439505,0.025509972205528846,0.10748448768028847,0.025157813439002405,55.69318597939756,120.1798596640024,121.53609093398391,173.9772353814113,75.53601339864603,92.05811513548464,56.83370672462572,142.17915564127924,148.5812661682257,38.28641969023993,155.1615648496749,179.44009124958816,155.7367619749535,172.5031250429694,18.872037192574048,23.78163476102607,179.2808479788126,163.05332471364218,165.27488295285772,7.171005551286628,-9.710239013668604,8.97050691201113,-13.51263363898952,-5.168112286690237,13.762414767677628,4.995071743244538,-17.36529676207833,0.23767018967975012,35.885113083320725,0.9391084706357858,0.4181109977613033,0.041855214252189736,-1.601423653449675,-4.067046548078502,4.269395518878914,-1.3875442060104026,0.7728894702664525,1.5075339524834521,1.3905363304122222,-0.7376366066186589,-528.1778378481721,97.11512529728401,-510.3156096438608,-114.97735350161274,-312.11352758778844,504.0829335429896,2870.641956059447,807.1732643832279,-3485.8458144874694,110.65842690895529,46.05003254756533,-94.19106746099281,-313.2180340571869,399.95591805155544,-244.8350844082432,-63.55611973597404,-330.5816637266506,-527.2092932210663,30.074860990328663,230.10888824005417,235.69318597939755,295.5133263153952,353.9772353814113,255.53601339864602,167.5941285341307,290.7604218095049,328.58126616822574,141.71358030976006,166.55201546008516,167.11192421049702,191.37516223554343,198.87203719257406,156.21836523897392,155.49921321778655,172.44588850414434,187.17100555128664,-9.710239013668494,-18.680745925679755,-5.168112286690281,13.762414767677628,18.75748651092221,36.122783273000564,35.885113083320725,-0.9391084706357526,-1.3572194683971444,-1.3990746826492457,0.2023489708004735,4.269395518878931,1.3875442060103862,2.1604336762768828,0.6528997237935633,-0.7376366066187031,-528.1778378481721,-625.2929631454606,-114.97735350162158,-312.11352758778406,191.96940595519249,-2678.672550104246,-3485.8458144874644,-110.65842690894871,-156.70845945651405,-158.09720041387297,155.12083364330954,-244.8350844082371,63.55611973597733,-267.02554399067765,260.1837492303843,230.10888824005997
7,stance,-,0.035175879396984924,0.16033246319110578,0.37908027531550426,9.99897732778664,-1789.286909791199,0.021589608999399046,0.011537294827975662,-2.2888099564772793,87.01821558142889,0.1531622783954327,0.21452164870042129,7.890284318190119,119.29566052128146,0.01313694411057692,0.11033796574519208,1.9421952279898616,-854.1243697662286,0.1567849872295673,0.012200185922476165,2.223503037672998,517.4936049875084,0.0036097881610576976,0.02386221078725979,-2.0008552504321324,-426.28057029723607,0.16029738206129807,0.022677509014425137,2.2564121469353005,-445.64056234745493,0.003026761568509617,0.0027748929537253493,-0.04043915968676485,-64.2218943164225,0.13142666391225963,0.3872648080679083,-12.52712203510028,-876.7033189274688,0.024294072077824524,0.0,-0.8161273169885578,676.5359859290548,0.13057620943509615,0.6037569110576922,-40.4538479332557,-1887.8720962559573,0.013440946138822116,0.020165156437800768,0.7505879892203432,1403.1508046147178,0.11624840369591347,0.4480433725210335,-14.418187291071918,4611.119062093878,0.015419565054086537,-0.15507820951021575,23.049716758141106,-1639.7025278326298,0.12102847994290865,0.5499669658954318,-66.24956956129789,11569.237103101314,0.00744402606670673,0.020009127103366175,4.457510960505701,-1377.4731467402646,0.12318457970252404,0.6257215435321515,-69.54206086848322,12980.102304930459,0.0063137207031249976,0.027003352238581874,4.678857257549666,-145.79655742703807,0.1908496844951923,0.3593719951923054,4.9990238459664145,185.2195321609032,0.008088763897235576,-0.004619215745192694,2.467067631648222,-529.3519469886064,0.16786767578125,0.3849495943509624,1.938848538912215,-591.1041242112644,0.026579110952524035,0.019402294452373643,3.2791510326678828,-249.9871692058819,0.1546605975811298,0.3745339355468751,11.36052200082661,-423.11711244669254,0.030037240835336543,0.05648402052659235,0.8094339388332664,-670.6114398668619,0.14039284104567307,0.4811897958608791,-11.584843132605952,-4298.796973429824,0.033601435734675486,0.06689127056415256,2.876758152888386,-937.8727539144628,0.12360044508713942,0.3324919715294469,5.134285862849248,-271.91862699419215,0.03027624981219952,0.009867220365084485,-0.5563870591384359,14.540806260329056,0.10886127178485577,0.3124258516751797,3.665926030085539,821.9995477928834,0.025040555513822116,-0.011667163555438764,6.219031460101746,-595.2249443060001,0.10886127178485577,0.3124258516751797,3.665926030085539,821.9995477928834,0.025040555513822116,-0.011667163555438764,6.219031460101746,-595.2249443060001,0.15764427771935097,0.01034077570988582,0.12449286733774038,0.013382466008112982,0.1477054192958734,0.025603892790965546,0.10886127178485577,0.025040555513822116,49.69288930941676,118.87354188075662,120.2440094692957,170.57533795936445,85.51943984276232,86.61794715719853,51.20135554881312,148.60118297274306,152.33484847840464,38.81867689108398,155.85419721360992,179.35299697227745,154.77346574907347,171.6444514406619,19.556211733293303,22.72294846144799,177.7097654706795,161.3000545726038,166.43008005310844,7.256682383519264,-13.026725776452878,9.225125096150093,-16.997429852271583,-5.2544210203314305,8.260223467524401,7.650999643997203,-0.9326109606134614,-1.909518352776208,18.753352424911306,1.4900922165043204,0.5657420799880678,-0.7605728939070665,-2.802181222523158,-0.6281221220620931,2.1350419420000066,-2.0434621638052097,-1.7116956911752008,-1.959835520612478,1.95758725255401,0.3340147406884328,-423.4149586880433,5.654060872984394,-629.2945516301802,200.2255320691614,-250.64511576089967,158.9184059587251,1523.0682801520368,-151.5380862684811,-1463.2569036857192,49.09165823797812,44.18164593703014,-265.98379622621854,-74.61383911616907,607.8447590718264,-360.52042790445415,-28.220205204989604,-315.9479650248766,-495.54769430399386,-41.566445257285885,249.38637974136745,229.69288930941678,290.81934742866014,350.57533795936445,265.5194398427623,172.13738699996088,300.9360314511477,332.3348484784046,141.18132310891602,165.32712589530612,165.97412892302867,191.2006631739552,199.5562117332933,157.277051538552,154.98681700923152,173.68676243662773,187.25668238351926,-13.026725776452878,-22.251850872602972,-5.254421020331519,8.260223467524446,15.91122311152156,16.843834072135053,18.753352424911352,-1.4900922165042874,-2.055834296492355,-1.2952614025852445,1.5069198199379137,2.135041942000051,2.0434621638052097,0.33176647263000886,2.291601993242443,0.334014740688477,-423.414958688061,-429.06901956102774,200.2255320691658,-250.6451157608931,-91.72670980218129,-1614.794989954218,-1463.2569036857235,-49.09165823798142,-93.27330417500278,172.7104920512026,247.32433116736289,-360.5204279044591,28.220205204993448,-287.72775981989196,207.81993448407988,249.3863797413746
8,stance,-,0.04020100502512563,0.1622722919170673,0.36874496694711323,-1.5788935359073628,-1455.264610257586,0.02159757173978366,0.0007922926682691899,-1.1479608353835782,219.89269518045717,0.15454219876802885,0.27587574650690966,2.6525299846942287,-1113.1579184393727,0.01368538724459134,0.10950269493689997,-4.483819655198175,-1038.0304194277476,0.15690271935096153,0.024445218599759812,0.6718478323130221,-209.8797035921562,0.0036097881610576976,0.008419978215143327,-2.3742899733323486,115.72520809352444,0.16052529672475963,0.022677509014425137,-2.222387474647162,-393.1197621272642,0.003026761568509617,0.0,-0.5522036977913444,-116.89994244149304,0.1332310039813702,0.31910614952674027,-2.497838578444316,2068.235443119998,0.024294072077824524,0.004188032883863719,5.566520053570066,743.4172198128518,0.1326072716346154,0.21646313946063633,0.37975624671351743,10083.096404232316,0.013643611027644234,0.04488599571814938,12.392882617656992,1561.832440362764,0.11799951171875,0.3937264779897838,44.563396193284085,8119.060822767985,0.014751417893629812,-0.08694571157602202,-9.024347097543616,-4574.72542199764,0.12238472806490384,0.23625363863431603,80.91039181049068,22353.723912105816,0.00764512282151443,-0.001659329927883722,-4.146919621394298,-427.0945594517864,0.12544073955829327,0.23565101036658706,86.02143677696814,23079.29349471809,0.0063137207031249976,0.04702369103064992,3.9083750610352,-740.4156348055526,0.19291890775240383,0.37823379281851166,-1.646942880483361,-521.6745492812621,0.008088763897235576,0.0,0.459611966646673,-796.8491328934921,0.16981052809495192,0.40510821063701924,1.9728732112003577,-692.7417700054439,0.026774108886718745,0.03295629178560687,-0.581905563354471,-652.5510555009085,0.15642318960336538,0.43917586106520556,9.560189204289545,-1908.5733204357812,0.03032292292668269,0.049445882943959386,-2.4382489201471347,-201.67043797123344,0.14223907940204328,0.3588469144381007,-24.428413212703205,76.20973459215273,0.033918273925781256,0.06427801278921275,-2.770175402127756,-688.4405773139413,0.1255370624248798,0.3612499530498797,4.368916663536777,-436.2149379331039,0.030285644531250003,0.004406660813551572,1.0218557316706798,573.9594776441262,0.11062444598858173,0.37493381911057605,3.083230276254491,-599.2902651402238,0.025040555513822116,0.0,1.160882773766157,-484.8507899158068,0.11062444598858173,0.37493381911057605,3.083230276254491,-599.2902651402238,0.025040555513822116,0.0,1.160882773766157,-484.8507899158068,0.15856062669020432,0.010479877178485579,0.12633265099158655,0.0133295889047476,0.14959220221103764,0.025738378280248397,0.11062444598858173,0.025040555513822116,45.66694854973074,122.48144786204116,112.32842217520634,170.85707851248327,86.64836495002362,89.01480349669758,53.98489047754934,145.2194262515723,156.45885171759954,38.958867708618236,155.88803545795523,179.37670522371172,153.50586548372652,172.89265248601205,19.37787363997615,21.55185894482804,176.69529718488894,161.5153469798401,165.30770889595752,8.320382364263304,-13.965665734151452,9.027331644402933,-19.837201997081785,-3.155795381472534,11.243368378120847,6.592241652377454,-2.0580778660779595,-1.2853256522145324,21.17901354879088,1.432491970514963,0.8621476403445208,-2.6313487679208616,-2.3513114837629323,2.041946005407192,0.6460746354170631,-1.6711643588243685,-2.402466962144368,-3.472844884742618,0.9727831117460324,1.7687591696764917,276.3020716731788,313.09215552674567,-271.15766924499854,234.36758539143366,1101.608433187234,216.786970607147,-998.3348643467584,2146.57894777251,170.15132036863346,-12.00167786622508,47.744832126251296,-354.256599221207,263.3611796691989,159.76477689650662,-104.61251160454128,166.11472391345944,83.62090840235872,-113.19941328299336,-186.61659920915858,217.32219698105592,225.66694854973073,283.18550068768957,350.85707851248327,266.6483649500236,175.6631684467212,301.6782779691718,336.45885171759954,141.04113229138176,165.1530968334265,165.77639160971478,192.27052612598823,199.37787363997614,158.44814105517196,155.1434382400609,173.62809126022083,188.3203823642633,-13.96566573415152,-22.992997378554406,-3.155795381472534,11.243368378120913,17.835610030498277,19.89368789657626,21.179013548790838,-1.432491970514963,-2.294639610859484,0.3367091570613336,2.6880206408242215,0.64607463541703,1.6711643588243907,-0.731302603320022,2.7415422814225074,1.7687591696765195,276.3020716731765,-36.79008385356918,234.3675853914381,1101.6084331872316,1318.3954037943874,2316.730268141144,170.15132036862005,12.001677866221788,-35.7431542600295,318.51344496116866,55.15226529196534,-104.6125116045457,-166.11472391345777,-82.49381551110343,30.705597771894254,217.32219698104845
9,stance,-,0.04522613065326633,0.16403844275841345,0.3632119985727167,-4.626797649676538,-45.657391667282624,0.02159757173978366,0.0,-0.07883312049278438,114.222103120666,0.15593489896334134,0.24118024151141856,-3.297232450044784,368.61683860074214,0.014237473707932699,0.06527445162259735,-8.490271298922176,71.5662964606367,0.1570306678185096,0.018952425443210057,0.11415928297796073,1225.3219239818695,0.003694411057692304,0.0,-0.8377878324067608,393.0920124969489,0.16052529672475963,0.00034195650540842776,-1.694540236253285,795.9888943552155,0.003026761568509617,-0.0027748929537253493,-1.2153129530686047,-625.4026672222624,0.13463376089242787,0.36216090275691015,8.259163825402215,658.6559741598567,0.024336162860576924,0.055944925161508216,6.655402530376789,-411.1708966164221,0.13275171837439903,0.6075735567533055,60.883804370586695,-859.1285530911973,0.013892061673677888,0.144716740534856,16.44739643507727,-1770.5466594836905,0.12020545372596154,0.895916701096753,67.1804139427772,-5281.855375296914,0.01454573880709134,-0.24577516526442297,-22.927423161433175,250.68090996257646,0.12340288837139424,1.3631367328350368,158.41097226891137,-13073.11906558816,0.007427349384014431,-0.021668457031249897,0.16510332782443032,-260.78177538006946,0.12555293156550482,1.4902585965670074,162.4106375708946,-15556.183731581452,0.006786320612980776,0.06628350360576982,-2.762505906325236,-1045.1065751460246,0.19465102914663462,0.3428198054387038,-0.2439364483176269,599.1700167423634,0.008088763897235576,0.0,-5.541466367281348,-611.749849130485,0.17193911508413462,0.4047774658203127,-5.023380305363603,-667.7856025179318,0.026910329965444707,0.013553997333233229,-3.2791510326678828,-80.03455863071508,0.15907442533052885,0.47061623910757405,-7.821119410588281,-2875.712684406039,0.030534184382512014,0.03197900625375682,-1.2174046337419444,715.2420952142402,0.1439993426983173,0.23567810528094738,-10.818916151780297,5100.289544454788,0.034247445913461544,0.03905031174879822,-4.042242624136151,841.7295349132727,0.12723109788161058,0.37640068171574614,0.7502161348783541,-557.860067150425,0.030320537860576924,0.020137127216046092,5.212049902109064,559.770166700504,0.11262945087139423,0.3434130906325113,-2.357091710017214,228.28695833648467,0.025040555513822116,0.0,1.3461591996413753,120.99301290600589,0.11262945087139423,0.3434130906325113,-2.357091710017214,228.28695833648467,0.025040555513822116,0.0,1.3461591996413753,120.99301290600589,0.159382326566256,0.01063905451847957,0.1273093505859375,0.013397526667668271,0.15158741016877,0.02585696958884215,0.11262945087139423,0.025040555513822116,42.24750925948206,126.31390853606587,106.7496311264146,169.1839695970016,79.78484486073984,97.23266530942085,62.828871104178965,130.79042702176108,163.39821204422068,39.64884601906289,156.0831511259681,178.10551190724814,152.9820813224441,173.3003262324589,19.88008339281785,21.90038974193903,176.67424351767409,159.65998430209808,167.3153748682763,7.798494605360618,-10.249820533506357,12.371779925564622,-19.72263255825147,-2.898967900819534,19.331665007094593,9.829763167687123,-10.966127185204,19.664139413781687,20.463415946204105,1.369472338451807,1.0455896390458699,-4.320940725275982,-0.15533519569703766,0.9775540276515418,1.0836599158237121,-0.3739674511071247,-0.8712845514530024,-3.0975180661702004,0.08204354190919981,2.5181574239151256,670.4073006187522,249.68849059154527,1494.971742304811,-1074.252932277624,1541.5046419224532,701.7186607552394,-891.3734023868974,3090.333179531522,-782.0214269286923,-26.89380405742409,103.4962630734127,-74.12592363577113,222.79606969939312,-395.7549491091435,170.48234402953517,189.91496305739636,319.0930370875302,158.09046812945294,-154.9611442719428,126.04875017262984,222.24750925948206,275.9336007234162,349.18396959700164,259.7848448607399,177.01751017016073,294.18863906598176,343.3982120442207,140.3511539809371,164.26800285496898,166.16249094772084,193.18040962527672,199.88008339281785,158.09961025806098,154.77385377573503,175.11386947363695,187.79849460536062,-10.24982053350638,-22.621600459071004,-2.8989679008195783,19.331665007094614,29.161428174781737,40.12755535998575,20.463415946204016,-1.369472338451807,-2.4150619774976767,1.9058787477782604,2.061213943475254,1.0836599158237121,0.3739674511071413,-0.49731710034590526,2.600200965824295,2.518157423915095,670.407300618761,420.7188100272024,-1074.252932277624,1541.5046419224402,2243.2233026776926,3134.596705064597,44.26352553305643,26.893804057420798,-76.6024590159875,-2.4765353802163745,-225.27260507960509,170.48234402954282,-189.91496305740188,129.1780740301372,-28.912394099311328,126.0487501726227
10,stance,-,0.05025125628140704,0.16592266376201922,0.32224448805589173,-2.0377617938700023,667.711603503794,0.02159757173978366,0.0,0.0,-70.04931667270222,0.15696612079326924,0.24273773193359524,6.357221829927819,1312.992255874587,0.01434141188401443,0.024173335148737384,-3.7645603942872534,858.7863076512525,0.15709319598858174,0.025592548076925247,12.98664103816096,2031.2544358496489,0.0036097881610576976,0.0,1.5763835190992992,360.27344976688784,0.1605287334735577,0.0056469538762011625,5.7775009108323925,661.2551895282726,0.0029988731971153926,-0.012214200533352813,-6.837657639723631,-548.166196310211,0.13687081204927884,0.40211282113882285,4.121819453313039,63.71315109484547,0.024856332632211542,0.07107650052584151,1.434149233304517,-849.092436811021,0.13871353853665866,0.8283606708233168,-8.254701573298517,-8080.784832751922,0.015098050631009621,0.2101864624023431,-5.401556171123819,-3715.046501239461,0.12700369966947114,1.0689065176156853,-8.520577427790434,-11805.155209761419,0.012281315730168274,-0.31737207500751125,-6.5049409672664655,2320.137336814278,0.1360845947265625,1.8283237116887017,-50.47773950195316,-28815.07732193582,0.007427349384014431,0.0,-6.767841987023138,-3467.316301962046,0.140418212890625,1.867918724646935,-70.32211831430277,-27498.570112893925,0.006979886568509619,0.0192598125751199,-6.5952086087740955,-2081.444267127397,0.19636433293269231,0.3757821702223546,4.37486633300773,-220.36906383335534,0.008088763897235576,-0.05569312931941055,-5.688627723106946,1088.1092521843427,0.17387864332932693,0.3546219764122594,-4.738539879432125,382.13090854115075,0.026910329965444707,0.0,-1.3862729867787433,252.1053909829924,0.1611530010516827,0.3605716458834138,-19.34144581486663,181.1588362649665,0.03064431997445914,0.0372106604942916,4.75011384582513,282.07036673382504,0.14460770357572114,0.25011408879206753,26.830778188852456,3970.2783505659745,0.034310739370492796,0.023652458777794136,5.6894179135835286,1183.4569817845313,0.12931998384915866,0.3687898137019235,-1.237717177171014,-92.61901595718217,0.03048802771935097,0.05678907189002459,6.647686552781273,-84.26637724658711,0.11407583383413461,0.35124445519080505,5.377571566068408,628.908370512737,0.025040555513822116,0.013529238187350507,2.3768929537260153,-122.46836824858975,0.11407583383413461,0.35124445519080505,5.377571566068408,628.908370512737,0.025040555513822116,0.013529238187350507,2.3768929537260153,-122.46836824858975,0.16012767850435697,0.010636911245492795,0.13581817157451925,0.013328586989182697,0.15323324976211938,0.02591378940680088,0.11407583383413461,0.025040555513822116,39.01272568790462,128.3343071842463,100.76148580607283,169.9169326975855,100.69365025736724,92.8315665574807,41.65083914004709,157.76949746647855,174.10488020832236,39.930896112920905,156.42198041798716,176.1418925308342,153.46623008981626,174.37473431459242,19.664266533849027,21.71723876797253,176.16608197150165,158.6940174525093,166.07008160556873,9.684744145451106,-7.22790391888761,11.53676371064962,-4.812360365877652,-13.952307263659712,26.735877342165605,13.644690504188906,-11.016604523232708,29.77329926770027,13.31950172036181,1.1622024825006505,1.902311088318518,-3.37633292506429,-0.11215500437204648,-1.9354906690565628,2.359465027673698,0.23752873722986656,0.8044982347152329,-1.8839959588184676,-0.5846153231478656,3.0355807794516663,604.7590410951127,-166.67778235933048,3974.0921566900124,-3202.6553332355643,298.96103196867074,424.91931508776713,1481.1171997775227,-1027.1026487966003,-1750.562391228577,-87.620811724119,173.2956539506335,404.41856530757883,-154.9362391796765,-630.4576607619443,295.30049240753465,47.111783613257245,269.74410826460837,222.9643229312275,-89.15886261830533,88.82686433843169,219.0127256879046,270.6784185036583,349.9169326975855,280.69365025736727,193.52521681484794,331.8743776748009,354.10488020832236,140.0691038870791,163.64712346909198,167.50523093825774,194.03900084844145,199.66426653384903,158.28276123202747,154.44884320352915,175.75482575101987,189.6847441454511,-7.227903918887588,-18.764667629537296,-13.952307263659712,26.73587734216554,40.38056784635449,51.39717236958729,21.623873101886883,-1.1622024825006836,-3.0645135708191575,0.3118193542450886,0.4239743586171351,2.359465027673742,-0.2375287372298997,0.5669694974853773,2.4509654563038006,3.0355807794516223,604.7590410951173,771.4368234544478,-3202.655333235556,298.9610319686665,723.8803470564288,-757.2368527210874,269.8657960755178,87.620811724119,-85.67484222651453,-490.09340753408895,-335.1571683544124,295.3004924075363,-47.111783613257245,222.63232465135547,-0.3319982798675762,88.82686433843337
11,stance,-,0.05527638190954774,0.16727708082932694,0.34273198054387244,2.083871732271141,-11.950840768706865,0.02159757173978366,0.0,-0.7828463533842641,-77.89321216173437,0.15837447415865386,0.3050719181941102,9.898669619046546,-865.0854737220127,0.014480421799879808,0.027439673790564643,0.14074686842709672,260.19903314445406,0.15728787935697117,0.14947143085186293,20.52877672870308,-688.0520824901898,0.003694411057692304,0.01584305044320904,2.7830508587177407,327.0478924595726,0.16058205003004808,0.05840729229266867,4.951240563025838,-868.618926642792,0.002904005784254815,-0.07149507023737994,-6.724520956186304,1212.5200945516715,0.1386750957782452,0.4035862238957347,8.899497002234833,-216.3638671981117,0.02505049954927885,0.07035848529522196,-1.8781897993822168,-827.7668459501955,0.14107695124699518,0.5246117318960339,-20.330113546518078,-91.76802729562007,0.016004488431490382,0.09042974384014424,-20.889754331148477,-360.1902008760934,0.13094823279747597,0.8102827570988592,-51.46436203472453,-2824.0336229706086,0.011356069711538463,-0.3111514563927292,0.39054002262992854,2228.4063090257114,0.1417780010516827,0.8558227679912863,-131.18779478572006,765.5198003211618,0.007427349384014431,-0.08968696946364325,-34.68229669189463,-2174.6460253201617,0.14432598407451924,0.7835036386343162,-113.95690125216001,3650.3066138246763,0.006979886568509619,0.0,-23.68154376690209,-2720.5460018251797,0.198427734375,0.38678831129807795,-2.458700908954364,-629.472612994855,0.0075290339543269275,-0.057172137920672834,5.394305011455766,1115.9883807267322,0.17550315504807693,0.35715394944411044,-1.182868661733947,135.41819570689594,0.026910329965444707,-0.0003783944936888166,-0.7454285102257481,51.35069081054443,0.16269826096754808,0.2762298490084119,-6.000427588829823,3112.2320330553025,0.03090816086989183,0.07971884390024055,1.6174734238844384,-1261.872811982957,0.14651305213341345,0.5053341674804696,29.08337882878227,-3926.3969352358613,0.034485159067007214,0.09623039128230103,7.851797393798839,-1284.271388547442,0.13093752817007212,0.3639613131009621,-0.18062824660086385,114.29147719631348,0.0308912823016827,0.08694804734450111,4.365151638324269,-989.265069170442,0.1161595458984375,0.3974590360201335,3.963595430814314,-353.9742836961385,0.025176527756911066,0.023888371394231313,0.11532132779625186,-193.10967703366026,0.1161595458984375,0.3974590360201335,3.963595430814314,-353.9742836961385,0.025176527756911066,0.023888371394231313,0.11532132779625186,-193.10967703366026,0.16088037109375003,0.010669102595402647,0.13936085298978368,0.01336365872896635,0.15503987943209135,0.025983415652544074,0.1161595458984375,0.025176527756911066,38.64043506562144,134.39306772838648,97.73988232661672,166.5074850106182,104.86981732538639,99.78220750711748,44.591302203424924,170.02112772265738,170.0395949064216,40.21242693361146,157.1265197938776,175.12333729074768,154.54475789303558,171.85110488938156,21.14185319934608,21.911535775277276,176.7338270894977,158.77038775349007,165.8094384597093,10.242465101021084,-4.17184022099266,10.696626334013562,20.21799213210042,-35.08645868710662,22.336298494216912,14.10030904796619,3.919472812560051,9.341499727383692,2.869824074560112,0.48886116534508334,2.7872545028713325,-0.25643253122996257,-1.7124833281560983,-5.358703869453428,4.0515040606230555,0.09951781133767183,1.8397115115078861,-0.8566705995246974,-0.8140254291290449,3.410889728823987,392.30769530619466,-427.1785664879734,5231.505779287623,-4412.019517493443,-1855.0758475850705,210.2503000418164,3573.6820324846767,-5276.690719177231,-1708.5774605052934,-137.0198583984944,143.10971805668345,444.99469537271466,-226.45003316174626,-412.29721371255823,187.6626918434025,8.4174604955337,135.19637005864547,63.962400935722044,-50.9138585286408,113.73036715603382,218.64043506562143,264.24736733723495,346.5074850106182,284.8698173253864,204.65202483250388,340.060722629079,350.0395949064216,139.78757306638855,162.66105327251097,167.53771598176328,192.99295808872765,201.1418531993461,158.0884642247227,154.82229131422045,176.05190356073038,190.24246510102108,-4.171840220992638,-14.8684665550062,-35.08645868710658,22.33629849421689,36.43660754218303,32.51713472962306,23.17563500223937,-0.48886116534508334,-3.276115668216416,-3.0196831369864534,-1.3071998088303993,4.051504060623072,-0.09951781133765526,1.7401937001702308,2.5968642996949725,3.4108897288239732,392.3076953061936,819.4862617941845,-4412.019517493443,-1855.075847585062,-1644.8255475432543,-5218.507580027943,58.183139149310854,137.01985839850101,-6.089859658191183,-451.0845550309014,-224.6345218691596,187.66269184339868,-8.4174604955304,126.77890956310628,62.816508627397425,113.7303671560382
12,stance,-,0.06030150753768844,0.1693672062800481,0.34318792255107905,-2.1578707463193174,453.2994603013913,0.02159757173978366,-0.007867802546575509,-0.782846353384264,342.0835671263696,0.16003217022235577,0.34222184870793226,-2.3371045391376244,-1470.1661617114507,0.014617187500000003,0.025587876539964485,-1.1494947345439996,-228.64770352996553,0.15859542142427885,0.2319119121844936,6.071544731726899,-1475.7068378882343,0.003769014798677889,0.027970360389122987,4.863297011155302,814.3961490994823,0.1611157414362981,0.05540816556490299,-2.952337547889125,-663.8081555128703,0.0022803297776442383,-0.07979732572115479,5.348473963810742,1459.1033091113986,0.1409269550030048,0.491555002065806,1.947308225191316,-2749.202120015104,0.025563453087439902,0.052200221135065485,-6.885115550114524,-341.41295106152654,0.14398601825420673,0.62403792161208,-9.176993304912788,-1972.9802122873305,0.016006892277644236,0.00023918269230840912,-9.021558189979025,1994.3381777167401,0.1351472449669471,0.5516767484224746,-36.902824894831696,3562.2662868617304,0.009154165414663462,-0.31344704965444664,15.891102339524577,2499.1964510556754,0.14468582857572115,0.5098534123347329,-42.78407316706712,10287.666678566624,0.006525972806490379,-0.34856579589843806,-28.623580934964437,5635.154417989898,0.14829262131911058,0.7226232346754791,-33.63561968289903,5652.396188262964,0.006979886568509619,-0.21874565241887067,-33.93737948138893,2536.186708202672,0.20025165264423078,0.3510716083233158,-1.9514915865385436,159.4123760117913,0.007514169546274041,-0.0014790086012622012,5.527335902287334,-538.1393299067524,0.17746813025841346,0.3427338491586519,-3.377552987905534,573.4738591144569,0.02690652700570914,-0.007491743821364293,-0.8701856419491517,-513.4791584754278,0.16392918043870192,0.3002658409705513,11.937268085186622,1793.2736066730474,0.031445514385516835,0.05346667480468795,-7.932024968073922,-850.9886615459872,0.14968643892728364,0.5424093534029443,-12.630497542161178,-6541.124346973108,0.03527787898137019,0.1025649953988879,-7.217832222571653,-1796.6729363808229,0.13297788649338943,0.36697445443960325,-0.08905911489650811,682.5391559436439,0.031361877441406255,0.10065994262695187,-3.294675951444262,-1430.891185005744,0.11807039701021635,0.3910795851487378,1.8200410766599846,-129.76652100900338,0.025280639648437506,0.014688246506910826,0.43609217951837675,317.64539273717355,0.11807039701021635,0.3910795851487378,1.8200410766599846,-129.76652100900338,0.025280639648437506,0.014688246506910826,0.43609217951837675,317.64539273717355,0.1622776348407452,0.010566025954026448,0.14260773362379806,0.01284607403094952,0.15706394762870593,0.026297767834785667,0.11807039701021635,0.025280639648437506,36.787739649772405,134.332174193135,113.02476579528096,149.43079966135645,107.74991308695098,110.03661341916946,53.19115454174157,157.42242575828917,172.82705379391032,40.40300429719271,158.13093000657616,176.52622777476765,151.7494399160962,170.99829252384632,22.192105481520912,21.95104640364086,178.02549311482136,159.15031989849837,165.8037159380407,11.120410874641431,-3.285113011287668,7.24351178614738,47.765587164651166,-58.29421196208622,8.091898974476475,15.757758846317712,24.899797813296665,-23.258768261719073,-3.85213104853559,-0.21488152150431677,3.340599712003777,1.0959755711438917,-2.38803473464085,-6.07918125913252,4.245522232130003,0.32212633014980313,2.1632557227418188,-1.2411577584594529,-1.096312393787471,4.1785995448389395,56.94536661839505,-742.8952498233573,4733.743376387826,-4363.0568209992,-2086.9092339882395,-182.14382732622389,2225.016233252235,-3156.8342532367137,-106.90286264625117,-120.07473591950392,119.10447987422484,-135.0736116732617,23.453963998772778,343.91098999865966,-231.32108627888442,68.58136820487765,-25.291266171192248,-226.54096163217878,-31.597633021504603,164.26596027760388,216.7877396497724,262.45556545663743,329.43079966135645,287.749913086951,217.78652650612042,344.59537196437884,367.17294620608965,139.59699570280728,161.46606569623114,164.9398379214635,193.19039800536726,202.1921054815209,158.04895359635913,156.0744467111805,176.92412681268215,191.12041087464144,-3.285113011287657,-10.528624797434949,-58.29421196208622,8.091898974476496,23.849657820794164,-1.0501399925025232,22.20862826921664,0.21488152150434991,-3.125718190499471,-4.221693761643363,-1.8336590270025568,4.245522232130008,-0.32212633014980313,1.8411293925919714,3.0822871510515126,4.1785995448389395,56.94536661839505,799.8406164417526,-4363.056820999196,-2086.909233988235,-2269.05306131445,-4494.069294566689,-1337.2350413299882,120.07473591950173,0.9702560452725064,136.0438677185386,112.58990371977461,-231.32108627889386,-68.5813682048815,-93.87263437607373,132.66832725609626,164.26596027760525
13,stance,-,0.06532663316582915,0.17072620567908653,0.3210448373647838,6.63964520263689,976.6389873986014,0.021518498347355766,-0.00786780254657553,2.655179446880762,155.78642432346874,0.1618138897235577,0.2815834303635813,-4.876869694636399,1647.4030502319397,0.01473758638822116,0.01588696289062493,-2.1572200012208014,-42.910178270781294,0.15961865234375,0.21049198091947005,5.697552227313766,2201.5909163102715,0.003975520207331731,0.0647204073392423,10.967936779315565,-114.63372263628398,0.161138916015625,0.028735558143029173,-1.7201981858472406,3418.95794628201,0.002102022611177881,-0.017741563063402556,7.9398339092549115,423.2928601050952,0.14361534705528847,0.42315716083233085,-18.730675058218516,-1972.406719928405,0.02557512488731971,0.0011613440880407027,-5.309475739699072,389.8268060021037,0.14734868915264424,0.432380643404448,-40.15906040367721,-682.5021564366526,0.016006892277644236,-0.0002391826923084098,-0.8461545551008065,541.7745314718527,0.1364927227313702,0.4394000948392436,-15.662690809983468,1332.907240530178,0.008205848106971156,-0.15144188514122564,25.508092294546305,-81.85215941327876,0.14690215594951922,0.4258320828951337,-27.794159825251317,290.73287631574436,0.00392417555588942,-0.37736114971454254,21.952421076848154,6475.801717322686,0.15158852914663462,0.445457209660456,-57.148899360069834,-758.9801374546603,0.0047814378004807645,-0.34107919076772847,1.8077698833760618,5896.139690658562,0.20195609224759614,0.3671753305288463,-0.8565664766750518,17.981760413534865,0.007514169546274041,-0.0016210233248201511,-0.014130464994015575,-1415.1941441509446,0.17894771634615383,0.3232086932842558,4.580687711275679,838.1868321157509,0.026835036057692302,-0.009123978834886335,-5.9060230677677445,-623.9458116331581,0.16571600811298076,0.3962023925781269,12.022422729492291,-1432.1769178749105,0.031445514385516835,0.0,-6.935176440899365,531.4285443203258,0.1519644024188702,0.37839449368990474,-36.65656435687721,-608.6418905404928,0.035515963040865385,0.023689363919771732,-10.205217042189359,344.38678643856684,0.13462571364182693,0.36306624661959014,6.679061762883006,451.1164893869612,0.03190294001652644,0.05383572622445822,-10.015664291381723,-205.1668913849879,0.12008999399038461,0.4157509061373193,2.6594092900203083,-646.5941348700518,0.025324148324819717,0.028271207369290383,3.307737335205036,210.59656904075283,0.12008999399038461,0.4157509061373193,2.6594092900203083,-646.5941348700518,0.025324148324819717,0.028271207369290383,3.307737335205036,210.59656904075283,0.1633244159405048,0.010583406888521635,0.14518948880709134,0.011698695725661058,0.15888332112630207,0.026422961895282454,0.12008999399038461,0.025324148324819717,37.265595675529745,138.79458054127176,129.41315373212274,129.05786140213527,111.31478204109712,104.38605658678505,58.0594878655788,147.2750417058809,169.63369094357748,40.02125084611129,159.18921418391264,177.2781866602192,151.7405378120478,167.41954846400583,24.351262033703232,21.83850021409063,177.9929541370992,157.72377402337406,166.1755027014701,12.255177198164347,-3.599524978596729,3.2303424161908634,67.79330244755603,-78.93627598358106,1.362336343581307,12.269717818556902,26.281445006049886,-22.385477692080816,1.7954234449495456,-0.7179201001775711,3.984284451356006,-1.6139562666396299,-1.476765097012653,-1.9023120101704105,1.7266690226443138,0.7887777932962422,1.5855279318979134,-3.1334641837677037,-1.1315895800989408,5.06180390246825,90.95700542847682,-775.5867074576199,1300.913878489601,-1869.7120433814769,-963.153013338626,-885.888456198374,-499.18625173491836,1711.7734522419275,1235.1571965862493,-14.840878043826685,42.74789145784049,-590.162286179505,256.79006656581197,877.0180571989798,-571.5528509992934,141.2904511578246,-127.60415835400248,-210.01235228399673,-106.5193225361722,199.03646803077075,217.26559567552974,258.471015134258,309.05786140213525,291.3147820410971,215.70083862788215,337.6413507623034,370.36630905642255,139.9787491538887,160.78953496997605,163.51134830975687,191.77081049770905,204.35126203370322,158.16149978590937,156.15445392300856,178.43067989963447,192.25517719816435,-3.599524978596707,-6.829867394787571,-78.93627598358098,1.362336343581329,13.632054162138274,-12.649390843911567,9.736086848169116,0.717920100177549,-3.266364351178501,-1.6524080845388271,-0.17564298752613006,1.7266690226442363,-0.7887777932962643,0.796750138601649,3.930214322369309,5.06180390246825,90.95700542847462,866.5437128860814,-1869.7120433814769,-963.1530133386325,-1849.0414695369934,-1349.8552178020796,-3061.62867004402,14.840878043821188,-27.907013414010507,562.2552727654946,305.465206199687,-571.5528509992972,-141.2904511578246,-117.49520678938609,92.517145494593,199.03646803077402
14,swing,stance,0.07035175879396985,0.17259378756009616,0.4099180250901432,7.6575964637168665,-1398.229870180555,0.021518498347355766,0.018817418025090408,0.782846353384264,-686.6507261616725,0.16286215444711538,0.2932080829326921,14.21971003605773,3244.5977694326466,0.014776855468750003,0.003907273512619777,-1.580752807617178,18.185257702181588,0.1607109187199519,0.28917374361478265,28.198086604191914,4781.6127904592795,0.004419471153846152,0.13820088078425416,3.711199296217776,-1670.0282487769293,0.161404541015625,0.03811974158653878,31.40904884690491,7000.861721496564,0.002102022611177881,0.0,9.60267356285692,320.4989797163768,0.1451797907902644,0.30330701153094675,-17.875874889667,1755.2566132062161,0.02557512488731971,-0.0011613440880406996,-2.9672582033597172,133.00860281195457,0.14833155235877404,0.22042927433894272,-16.036311460055018,5573.799985467763,0.016004488431490382,-0.008264883188101696,-3.5765880244327737,-1428.3289691443556,0.13956332632211538,0.3942627704326912,-23.50677222618671,-456.0651734513403,0.007632136418269236,-0.057084313025840897,15.068467571551928,-1646.2930650212286,0.1489655480018029,0.23051512263371501,-39.86213471163251,233.79988488295893,0.0027333984375000064,-0.1279384483924267,36.459853409987105,-1239.1227401017695,0.1527695782001202,0.1482624370868382,-41.26356076284536,4218.48029355797,0.003551955003004814,-0.20057711087740274,25.32030585186288,1636.1736998502063,0.20394185697115386,0.34246290001502383,-1.7707703763522638,488.6339895090017,0.007497877854567306,-0.0016210233248201466,-8.69572082284777,-863.8182406064496,0.18071645883413462,0.38877091158353305,5.046435274564313,-431.1182558405814,0.02681482872596154,-0.06684875957782396,-7.140997819166814,948.2557405729881,0.16791111403245193,0.4210942101111772,-2.4564697829029147,-2602.841320105915,0.031445514385516835,-0.01623359093299404,-2.591034572894774,682.3125339631608,0.15348939866286057,0.1740016714242793,-18.74750146719125,6713.227553894039,0.035515963040865385,0.0,-3.756658489520734,567.1885678587641,0.13662679349459134,0.4341007033127992,4.444774949294051,-1669.2235094991672,0.03190294001652644,0.0,-5.356654759333585,971.8753008692719,0.12224879807692307,0.4178073167067308,-4.678392439621935,-1150.00017755831,0.025564772385817308,0.047931837815504114,2.552640612088754,-507.28174104894816,0.12224879807692307,0.4178073167067308,-4.678392439621935,-1150.00017755831,0.025564772385817308,0.047931837815504114,2.552640612088754,-507.28174104894816,0.16439285043569712,0.01070421189528245,0.14696195913461538,0.011099420635516829,0.16082240334535258,0.026456982734875803,0.12224879807692307,0.025564772385817308,34.7124964115552,136.44604022662276,151.60378878746448,106.66266739746796,108.22752954619143,115.44941827617325,71.19732660646537,140.33580685804895,167.8561856421496,39.75086202119854,160.13020857690992,175.8803529505884,152.14509404139008,168.30443860800878,23.78904380190425,22.34675108858495,178.64400285115536,157.5965175765053,163.81012570978055,14.890608476284479,-2.3709722532125252,-0.5513294948337155,60.84009850625518,-77.08528777496537,-1.5880308078212626,6.854357276484818,19.8828505596794,-6.0550149728555,8.561509118160368,-0.3640360747086049,3.770226761831319,-4.83530368694158,0.1927699544627847,2.7350705720129946,-1.4987275266568585,1.742130864399295,0.8808018699377753,-3.351834665836302,-2.1668583489248787,6.178966057711005,652.6308117410607,-994.2010095174873,-4827.008213411117,1641.4200218172205,-178.9645374788494,-1704.9951188661646,-1756.603360758856,1862.9641531234035,842.935174544265,129.12506925365471,-256.80851495952965,-164.55960891869842,244.01773900103194,527.2990548461345,-479.073739222592,212.76666070656395,-279.6299062208856,184.48875622688485,-239.59655725623887,193.85551550312093,214.7124964115552,258.26645618493245,286.66266739746794,288.2275295461914,223.6769478223647,332.47962121589933,372.1438143578504,140.24913797880146,160.1189294018915,164.23857645130315,192.09348240991307,203.78904380190426,157.65324891141506,156.2972517625704,178.70073418606506,194.89060847628448,-2.3709722532125364,-1.8196427583788648,-77.08528777496537,-1.5880308078213068,5.266326468663601,-14.616524091015869,-8.561509118160412,0.3640360747085828,-3.4061906871226917,1.4291129998188876,1.2363430453561028,-1.4987275266568916,-1.742130864399295,0.6602730429499014,4.012107708786115,6.178966057711038,652.6308117410607,1646.8318212585436,1641.4200218172111,-178.96453747886255,-1883.9596563450207,-127.35629558618422,-1990.3204487095745,-129.1250692536503,127.68344570588813,292.24305462458216,48.225315623550195,-479.0737392225843,-212.76666070656395,138.7477144737639,-45.741041753121,193.85551550311783
15,swing,stance,0.07537688442211055,0.17484598482572114,0.3980056058443504,-7.412916306715442,-843.3852628525765,0.021707618126502404,0.0,-4.2458328763521385,-135.61244311876786,0.16476070462740386,0.42449508901742805,27.732153113731957,474.1116830021726,0.014776855468750003,0.0,-1.9744535921536495,-250.24616575505186,0.16252492112379807,0.4938898362379822,53.75396218167846,2616.2721411554976,0.005364473783052881,0.10201889272836573,-5.816266725980236,-668.886337851907,0.16152202899639423,0.3444043907752398,68.64022112567613,3537.6523648141865,0.002102022611177881,0.0787677189753606,11.160929182786342,-805.1925217273455,0.14666365872896633,0.24350012676532554,-1.0899050762464662,3147.0670689180442,0.025563453087439902,-0.028660346397986654,-3.9727058621919884,363.22416045202976,0.1495640587439904,0.27121168400690987,15.859029902531544,1608.9513125575409,0.015923828124999997,-0.036184790978064985,-15.201219571627016,-1157.1688320441622,0.14045516263521635,0.20315112774188934,-20.246260392409006,1083.7525602322514,0.007632136418269236,0.0,8.96243334960931,-614.8300580902036,0.14921889085036058,0.025207613431489796,-25.444412238487907,3326.4036794621497,0.0026383620042067374,-0.010930462176983145,9.498926201453466,-3937.0620431354223,0.15307860389122596,0.030748056265024578,-14.75211249014042,2956.6028566366203,0.0027655874399038494,-0.0866037550706137,18.25172666579022,-1979.612373921298,0.20539793043870191,0.34937864332932606,4.054327890249596,351.6803142606532,0.007497877854567306,-0.08901520244891849,-8.695720822847795,1746.4969799182616,0.1828549616887019,0.37392663574218865,0.2478409189080198,-711.6115185875827,0.026163189227764422,-0.0808928011380705,3.624185380202001,1355.037570668721,0.16994811072716345,0.3715142540564895,-14.136786517803378,-181.57508071894893,0.03128236271784855,-0.0260405484713043,-0.07776403925954721,-43.23854889561583,0.15371316293569712,0.18997739351712808,30.81305930034943,5223.312905308644,0.035515963040865385,-0.014065997783954298,-4.504829425518353,-30.288721437304947,0.13898853478064904,0.40773735163762087,-10.097053910475484,-1425.433757719789,0.03190294001652644,0.0,-0.24807332787143774,463.4512000409659,0.1242890625,0.36873188664363143,-8.898381439208956,-215.27238174091744,0.025805875338040865,0.05392588688777036,-1.7905716200607826,-787.8675025634811,0.1242890625,0.36873188664363143,-8.898381439208956,-215.27238174091744,0.025805875338040865,0.05392588688777036,-1.7905716200607826,-787.8675025634811,0.16591340989332934,0.010987742497370792,0.14779607496995192,0.010904673414963945,0.16253196051181892,0.026361368032602157,0.1242890625,0.025805875338040865,34.497459524175,137.8596535591147,176.2745309776152,72.9123369426755,106.74565180376884,115.56547441352397,71.98661390810304,148.43658901062165,178.11207670143193,39.62435438243627,162.01013620170352,172.98108500747543,151.59797590670487,171.2586939961795,22.52775450550036,22.878453357554818,178.85433420134027,154.91109641763506,165.84819530865337,15.216589117497037,2.959578656991831,-6.761627528708522,19.280657086640204,-62.439592347227055,-0.4363022240453229,-4.865911516781462,8.627139872795023,-3.6622198717450734,10.267133741876846,0.5798192893063979,1.4032943512602265,-3.2678216829079583,0.9756744909374209,3.3971759782329594,-3.08814242682898,2.9271361923571897,-1.2248228843923983,-1.279305829728657,-3.5395951806641595,7.010100540690574,1215.7265307814525,-1645.2819771913767,-8828.184587729178,4304.254086583144,-79.34893762966092,-2260.3041856097007,-2188.67956485904,-574.6790245054187,-423.705466125104,93.27013595833756,-486.0087267525133,630.4434722224067,159.0459803405753,-323.5734517133025,-73.17741005549887,132.55415837165563,-359.08286716114924,340.7422028810984,-201.0416291760763,48.32732166699738,214.49745952417499,256.6378059650603,252.91233694267552,286.7456518037688,222.3111262172928,330.32451230918974,361.88792329856807,140.37564561756372,158.36550941586017,165.38442440838475,193.78644850167987,202.52775450550035,157.12154664244517,155.97588084378546,181.06478442615037,195.21658911749702,2.959578656991853,9.721206185700332,-62.43959234722708,-0.43630222404543334,-5.302213740826785,-13.929353613621963,-10.26713374187689,-0.5798192893063758,-1.9831136405665581,1.2847080423414001,0.3090335514040234,-3.08814242682898,-2.927136192357212,2.1911995302977707,3.4705053600263835,7.010100540690543,1215.7265307814578,2861.0085079728346,4304.25408658314,-79.34893762965211,-2339.653123239368,-150.9735583803189,423.705466125104,-93.27013595833645,392.7385907941768,-237.70488142822109,-396.750861768792,-73.17741005549831,-132.5541583716523,188.02789537201014,-152.71430750907504,48.32732166699685
16,swing,stance,0.08040201005025126,0.17659384390024038,0.3354163536658675,-0.8186373337964558,1993.089444354668,0.021518498347355766,-0.023854269174428525,-0.5800927734375217,233.3003915381689,0.16712843674879807,0.5719231896033647,18.984651573768,-2886.701537992033,0.014776855468750003,-0.015936481182391753,-4.09578964937649,-830.3614363802524,0.1656746356670673,0.8294145695612992,54.49227897761397,-2044.6482573923215,0.005444786658653847,0.07974593881460362,-3.0112764610878147,-188.95648237023738,0.1648658916766827,0.7279712101862981,66.96334397066553,-1371.904720933162,0.002893657977764419,0.11217014254056612,1.5102864098182809,-1604.067377630414,0.1476270282451923,0.29235319166917323,13.752939873328383,818.7343412979463,0.025287081204927883,-0.0410880361703722,0.6832358715350498,649.9055907487075,0.15105729792668268,0.3798165095402646,0.1340534902720052,-4926.558359224781,0.015640822190504805,-0.16104095928485546,-15.20642553241429,2551.1530087937467,0.14160504619891828,0.19078276648888234,-12.614786696214345,598.0970310387161,0.007632136418269236,0.032990394005408326,8.889271007831296,306.26341938899577,0.14921889085036058,-0.025207613431489796,-6.430941953218981,2039.9493200002628,0.0026235445462740453,-0.03247185340294475,-3.108609335092464,-740.2861365309475,0.15307860389122596,0.0,-11.548959188608006,138.09141008935123,0.0026815655048076925,-0.01714267202523994,5.42470410391016,-2204.6248758861943,0.2074532001201923,0.3832099139873815,1.7637051438553015,-512.184175729633,0.00660325270432692,-0.08901520244891849,8.8570126436674,1540.2709776447116,0.18447451547475963,0.3912617750901463,-2.1054392841048513,-468.4322586740816,0.026001835749699526,-0.030424785907452137,6.477470227754989,-299.33526169879025,0.1716449256310096,0.2790159536508419,-4.281344966007927,2871.161745042058,0.031183800330528852,-0.01701513906625582,-3.0255928532527214,-1165.9099655785276,0.15539871920072115,0.4836806593674893,33.74810562133777,-3763.0163620957965,0.03537459622896635,-0.04527466759314922,-4.061067750197165,145.92143076325405,0.14072465632512018,0.332622774564302,-9.881192464975168,872.1801291938523,0.03190294001652644,-0.0024931992750898235,-0.6988537538967472,-242.15714853199424,0.12595464618389424,0.32837634746844996,-6.8419339646562785,681.3181722118671,0.02610674109825721,0.02993614314152642,-5.3656257453331575,-118.21342494084874,0.12595464618389424,0.32837634746844996,-6.8419339646562785,681.3181722118671,0.02610674109825721,0.02993614314152642,-5.3656257453331575,-118.21342494084874,0.1685657019981971,0.011158449613131009,0.14851737342247598,0.010773029972956732,0.16427511048928287,0.02619552768805088,0.12595464618389424,0.02610674109825721,35.45999529504572,134.3146734413709,171.2653243156763,72.41064616935114,109.57570273056342,110.69817277486366,73.61187036129652,145.80077384551396,179.13876870138338,40.171024459220135,161.82311596648006,172.47028940964816,152.2250140266948,171.88401132675125,21.426544811205627,23.920643387500014,178.68570791695205,156.1726664496224,162.38775182745803,18.833230418467434,9.84738484006839,-17.086826753038487,-27.885374737254043,-33.82645273392879,-2.3855075679183564,-15.862267704517171,-2.113928986642585,-11.830683560849652,4.303162724943247,0.5733522263802137,-1.114283054776849,1.5008116117760684,1.7912220181871579,-0.5169239175679312,-2.234178883998555,3.07433346109935,-2.7280711668576902,0.07271008673754772,-4.187377235116598,6.66466778300746,1039.913096519163,-2767.535040467229,-7255.760224186167,5650.112746947208,-1220.5537124016955,-379.45554735089416,-957.171397166221,-1504.0503900776475,-1174.6340846696637,-46.427577409557685,-508.5017407443941,940.810595580821,78.74245445181468,-650.6356285803259,154.84024082281442,-38.730012115443664,-88.42839456896152,91.28241018187354,34.27377487888761,-253.8277471036812,215.45999529504573,261.14532185367483,252.41064616935114,289.57570273056336,220.27387550542707,326.6620051441306,360.86123129861664,139.82897554077985,158.00585957429985,165.53557016465172,193.3105561379569,201.42654481120562,156.0793566125,157.39364869554794,181.22098224592548,198.83323041846742,9.847384840068433,26.934211593106877,-33.82645273392884,-2.385507567918312,-18.24777527243555,-16.13384628579294,-4.3031627249432916,-0.5733522263802246,0.5409308283966685,-0.9598807833793115,-2.751102801566425,-2.2341788839985823,-3.0743334610993167,2.550000634628393,2.47729054789089,6.664667783007488,1039.9130965191564,3807.4481369863834,5650.112746947209,-1220.5537124016778,-1600.0092597525897,-642.8378625863443,861.2125274913075,46.42757740955329,554.9293181539431,-417.05293330569964,-495.7953877575142,154.84024082281607,38.730012115446975,-128.27156204292143,-219.55397222479058,-253.82774710367377
17,swing,stance,0.08542713567839195,0.17821700345552885,0.3897780949519237,12.618133385291246,1694.1334276028715,0.02146787672776443,-0.005830078125000211,-1.9011053232047153,-492.135067861108,0.17050867638221154,0.6152956073467545,-1.2799226449819099,-337.9349974013104,0.014616689828725965,-0.0411637150691104,-10.319794661301904,-1438.9108281531774,0.1708607459435096,1.0415509314903832,33.20473346416772,-3804.511309222854,0.00616594050480769,0.07175480769230733,-7.715326850304227,-410.76852697752827,0.16883832256610576,1.0174028226412244,54.852233980619246,-1966.6347968327395,0.003229360727163469,0.09394647686298149,-4.960350994403729,-739.1484016899902,0.14960188176081732,0.3817206280048066,7.1385807659439395,-1490.858136014473,0.025150508000300484,-0.021793654221755006,2.559008617694511,1.4291059588014405,0.15338131009615386,0.272558955265925,-33.65411943641092,-1481.3215130791189,0.014305326021634618,-0.18901318828876118,10.438509159968397,3107.2001000999776,0.14237257737379808,0.07636935190053928,-14.235234954833977,1027.3838112816916,0.00796369816706731,0.08933940711388226,12.0404576650766,636.5672684666463,0.1489655480018029,-0.039424969012921994,-4.942409022404887,86.83784298473385,0.0023120117187500067,-0.04217276705228425,2.0588645277756106,665.6488809873309,0.15307860389122596,-0.08532188532902558,-13.364259122408248,1121.0295635587192,0.0025932992788461617,-0.032084115835335776,-3.9053072627142194,-833.0624003930049,0.20924928635817308,0.36710432316706776,-1.0932517653246,132.1807388422708,0.00660325270432692,0.0,6.784389505239741,-1087.498760318454,0.18678724083533654,0.35276644193208967,-4.4600209773139,1218.5047648127957,0.02585741248497596,-0.01579259784405058,0.6157907902644144,-983.0075275450492,0.17275229116586538,0.32848566143329433,14.719110417292647,1898.6112031695507,0.031111356295072112,-0.05644851684570348,-11.795452135526142,-328.2411265610895,0.15857427509014424,0.5291543344350952,-7.006200620211299,-5944.905040915834,0.035060941256009615,-0.054880749042217215,-3.0382823826715804,238.0317034988294,0.14233147723858172,0.30842888465294593,-1.3314244713413002,2221.7648975149095,0.031877882737379806,-0.007023655818057753,-2.6818135141226334,-349.07647395386425,0.1275893272986779,0.2999687312199503,-2.0509626230092937,1766.6802109997464,0.02610674109825721,0.0,-2.978646242581874,974.6595137728216,0.1275893272986779,0.2999687312199503,-2.0509626230092937,1766.6802109997464,0.02610674109825721,0.0,-2.978646242581874,974.6595137728216,0.17210618708683895,0.011369966947115388,0.1494799842247596,0.010464968637319716,0.16621398299779647,0.026102931096003607,0.1275893272986779,0.02610674109825721,41.63080130005818,129.24516179784604,143.05916425326228,55.444803755474375,109.21289199149996,100.7313867093304,70.54842262271302,135.4835498249506,176.08769374683328,40.6027325736434,159.92051313831513,175.04305249366305,153.3461061838071,169.7086344130817,21.378961197489655,25.321267710614563,175.83535413883854,156.93761033367608,161.48318718569502,20.422580631175734,13.410966561707024,-34.57605004596707,-53.641556221763395,-5.654539614089361,-12.703173705469384,-8.67953510824773,-0.992673164051407,-18.778304194133472,-1.538233943245388,0.11321047111988906,-3.707275907477397,6.187561187251036,1.7670559427144519,-3.1418755652878967,-1.5319591019765757,2.5378898394381584,-2.1135504680000508,-0.36189467212188886,-3.1951351316301135,4.459067906482725,850.3139263601525,-2151.971101664262,1397.472775489295,7670.849117696977,-1876.502662798673,1531.7853850313024,384.9389164932404,-348.6701287071757,-687.4295103342947,-86.67666099222298,-296.0128857689992,465.1363413589459,-92.49841324938953,44.33813262569414,-65.45816985286324,-276.59027705714044,375.192460621719,-241.80553656882532,349.2910784632279,-494.2658868815499,221.63080130005818,272.3856395022121,235.44480375547434,289.21289199149993,209.94427870083035,319.3958560781173,363.9123062531667,139.3972674263566,159.47675428804152,164.43370179437844,191.08759561057136,201.37896119748964,154.67873228938544,158.8433781505469,181.90576781687076,200.42258063117572,13.41096656170698,47.987016607673986,-5.654539614089361,-12.703173705469316,-21.382708813717112,-20.390035649665617,-1.6117314555321018,-0.11321047111991116,3.5940654363574858,-2.9067787245500485,-4.6738346672644555,-1.531959101976559,-2.5378898394381473,0.9020381027307226,1.2639327748526115,4.459067906482769,850.3139263601448,3002.2850280244115,7670.849117696986,-1876.5026627986774,-344.71727776736645,-729.6561942606136,-380.98606555343315,86.67666099222407,382.6895467612145,-113.61845047656195,-21.120037227181175,-65.45816985285776,276.5902770571382,-386.78034498714726,-144.97480841833078,-494.26588688155874
18,swing,stance,0.09045226130653267,0.18051121168870193,0.4622317645733174,16.207829275277657,-1384.5400525817481,0.021459904597355764,-0.042960855337290015,-5.526173857468765,359.4825853042767,0.17331231219951923,0.5590596454326923,15.588319941594023,931.3885903085549,0.014363149789663465,-0.11965301044170754,-18.557205007699903,538.9995684450715,0.17614248422475962,1.1631304837740406,16.2559844125601,-5948.854738290663,0.00616594050480769,0.0022049654447117662,-7.139603365384588,745.8453124612638,0.17509104567307693,1.2792499436598592,47.19817013315053,-7413.8317191420865,0.0038378436748798123,0.06231736872746323,-5.918340742844949,200.25983176600704,0.15146341646634615,0.3640977219801677,-1.2305589810884554,-1196.7028052989733,0.025068049504206727,-0.015369356595552946,0.6975987454928533,-331.21958687650465,0.1537965839092548,0.04158415339543065,-14.753599907508107,5362.6715485136,0.013741192157451926,-0.05613131948617793,16.021716177133275,-888.9131562453026,0.14237257737379808,0.04771507850060096,-2.2893212561973275,1206.063680576036,0.008530019906850969,0.1540000187800477,15.28693199744584,-1162.1545156156046,0.1488226600060096,-0.07488006591797115,-5.5581998126688905,890.3191375122618,0.0021996976412259617,-0.01177974759615466,3.5813291672927825,-293.87783441277895,0.15222109750600962,-0.13431416203425395,-0.28233040912337204,2271.7234818737156,0.0023591120793269305,-0.05639199124849849,-2.9477823322004544,529.1299499465064,0.21114269080528847,0.3722224590594961,3.0921547804610405,1063.9393242210976,0.00660325270432692,-0.02083038330078028,-2.072623138427635,-468.8207534978051,0.18801990685096154,0.3464374436598558,10.140839759239848,1216.950785517799,0.02584311617337741,-0.024235933743990676,-3.4020024108887363,-90.32042158331612,0.1749462890625,0.42694671161358233,14.800174663836833,-1513.2058382568437,0.030616478553185097,-0.13556239670973483,-6.324498647836541,2084.667849176826,0.16071685321514423,0.413266582782451,-25.99968373460036,-1151.0639133851928,0.03482303091195914,-0.07581016892653199,-1.668789323073248,687.5710888988701,0.14382444411057693,0.3192416240985603,12.448102987436018,1086.620022026589,0.031832350510817314,-0.029446098914513316,-4.207160024789861,153.74682649877766,0.1289694073016827,0.30776365778996456,10.91364604539145,1502.5962296177577,0.02610674109825721,0.0,4.4299472574087835,737.1550532490713,0.1289694073016827,0.30776365778996456,10.91364604539145,1502.5962296177577,0.02610674109825721,0.0,4.4299472574087835,737.1550532490713,0.1762642634465144,0.011456709641676683,0.14973526705228365,0.010379614257812503,0.1679365985576923,0.02597082832532051,0.1289694073016827,0.02610674109825721,44.59061967819545,115.54285184054477,136.64686558461992,65.69463342227061,101.63929893720689,102.88126498613059,68.98368244085073,132.8512107635746,177.31432928108785,39.76295607358987,160.29489547281113,176.41105394276232,153.4913193968415,168.96150646831234,21.078268645682837,25.214881423068093,176.95021012755842,155.6956111307585,160.9413938487789,21.197903469836074,18.393253446703103,-38.71467702102105,-13.84042221977367,43.267508247950495,-21.244830812126157,-0.4674397142528022,1.7548038424352137,-15.33490595991675,-2.605676574898922,-0.29776999464715426,-4.0892869318522225,6.1755487108609595,0.8615897242234426,-0.0713145444453763,-2.8920499377961764,0.29453168163059723,1.0427073318530597,-2.3574963109390925,-0.6769141349836486,1.697171432439112,746.2458660772986,478.99763774194207,7689.355160259264,7956.603388594627,-598.012073697064,811.2594686313607,380.03437127240585,792.5657269397203,-206.61412693196988,-71.99341178681416,65.35824766897814,-261.382659988502,-130.79305580973343,701.1742262722879,-271.1916904773931,-353.1541682206323,382.52839520380905,-124.93982566391001,344.4472320096024,-380.8561920086668,224.59061967819545,289.04776783765067,245.6946334222706,281.6392989372069,204.52056392333745,315.53688148248676,362.68567071891215,140.23704392641014,159.94214845359903,163.5310945108367,190.03977511399518,201.07826864568284,154.7851185769319,157.8349084493735,182.13929731861498,201.19790346983606,18.393253446703067,57.107930467724124,43.26750824795054,-21.244830812126157,-21.712270526378937,-23.467074368814195,-8.1321684088974,0.29776999464715426,4.387056926499333,-2.1017747580181267,-2.963364482241613,-2.892049937796149,-0.2945316816305862,-1.3372390134836458,1.0202572974554025,1.6971714324390512,746.2458660773044,267.24822833537104,7956.603388594623,-598.0120736970707,213.24739493429632,-166.78697633812482,-959.352703277845,71.99341178681856,6.635164117840435,299.18947998516853,429.9825357948887,-271.19169047739473,353.15416822063116,-161.34878566297553,-36.40895999906113,-380.8561920086723
19,swing,stance,0.09547738693467336,0.182862548828125,0.5526708514873774,-1.2968420175403768,-4099.91537330036,0.021036109337439907,-0.06136951387845507,1.7117849813608752,1027.3468117746168,0.17612736628605768,0.7719621394230761,8.0807667048528,-6851.180215832045,0.013414147010216343,-0.22766828801081773,-4.902713571401693,3627.283670579195,0.18255049954927885,1.2049276592548062,-26.58275134277355,-10182.930324059116,0.006188100961538462,0.0,-0.2193940617488204,805.0167740689815,0.18169510591947116,1.4917562913161035,-19.658637568547363,-15888.254307119485,0.003855665940504807,0.03446566537710268,-2.947689368614716,417.17869156942515,0.1532611553485577,0.369353201059194,-4.888583106407536,-651.2190732480594,0.02499604210486779,-0.014782611553485132,-0.7698314514160846,-701.1499079765961,0.15379924128605768,0.12428156926081858,20.24207703106238,2354.2046329063696,0.013741192157451926,-0.027990915151743543,1.5047085946889842,-1810.5061270692888,0.1428521259014423,0.05336109806941039,-2.1139919339693085,736.0959423605071,0.009511437049278842,0.24297691462590057,0.36051278451777335,-3554.9033849639677,0.14821298452524037,-0.09528627366286052,4.00552200786909,1496.3988121912882,0.0021936222956730755,-0.006179509089542759,-0.8946815467246769,-478.3296268029098,0.15172871281550482,-0.0881593768780042,9.467132655217007,900.8917466442362,0.0020265455979567304,-0.06171006892277749,1.4125816814717675,769.8487426429563,0.21299021559495193,0.39818125563401285,9.599605764535665,212.6361668654433,0.00639390211838943,-0.020830383300780225,2.072623138427635,412.4520045470987,0.19026902418870192,0.4546844294621383,7.770640183668991,-2365.3969837810846,0.025613835261418264,-0.04998357684795744,-0.29195214022117366,833.3491465724193,0.177043212890625,0.47723113544170453,-0.4889884596605383,-3237.771360386715,0.029748920147235583,-0.12001131732647265,9.155983534592687,1437.9488409705555,0.1627277080829327,0.26785098031850896,-18.574682161771012,3211.723707442062,0.03429903001051683,-0.0716525010329031,3.8719798173170568,480.9242172329339,0.1455399357722356,0.43353544734074495,9.589379770131941,-2173.6470386305477,0.03158194204477163,-0.04930667114257891,-1.1366192779540154,540.1928025466007,0.13068242938701924,0.40965361609825623,13.050507021390262,-1124.0357735044079,0.02610674109825721,0.04452208298903294,4.4299472574087835,-881.5595042243465,0.13068242938701924,0.40965361609825623,13.050507021390262,-1124.0357735044079,0.02610674109825721,0.04452208298903294,4.4299472574087835,-881.5595042243465,0.18080888014573315,0.01112350581242488,0.1499708439753606,0.010493767841045673,0.1698754209860777,0.025624061780098156,0.13068242938701924,0.02610674109825721,48.53442659359471,96.90097044033189,118.22661449196494,69.86007064522775,92.73718404702609,108.38839034783841,74.89994807771335,128.94642616080236,177.27920015634874,40.227995095459235,157.13399700726234,179.7294001178318,153.3842790093537,168.7535744431729,20.22955456258367,25.968447784366873,176.93865043482526,154.76297473124703,161.77492239236622,20.555004657194615,20.910925014745192,-29.7620034354953,23.63839513762611,74.3113235878666,-18.713345300414744,-0.5261736144652208,2.8267677532591997,-10.81281950127197,-3.6147578320089018,-0.6103414061345238,-3.050409096733899,3.5605997803314207,0.4525528692497957,3.9051015831773,-4.257503729890071,-1.0113982833822623,1.730956016460337,-1.617571311960179,0.2666460945970419,0.6313674842850733,-268.3361088504174,2259.935199593032,5035.4060117441595,2507.1347033007046,970.6184190619807,-484.4300334139007,-23.879355914031088,392.04974430628124,-122.49306990940669,-102.61644093886228,253.6209029799581,-469.8409673667845,-54.72804305180494,481.11783440192164,-102.9651754618122,-122.73867722651627,-158.18736657097617,251.87467709044373,133.9084617543862,-104.85709504733038,228.5344265935947,311.6334561532628,249.86007064522772,272.7371840470261,201.12557439486451,306.2256263171512,357.2792001563488,139.77200490454075,162.63800789727844,162.36740801511024,188.98312900575655,200.22955456258367,154.03155221563313,157.09290178080786,182.32992704956084,200.55500465719462,20.910925014745207,50.672928450240526,74.31132358786655,-18.713345300414744,-19.239518914879966,-22.06628666813923,-11.253467166867216,0.6103414061345459,3.660750502868445,0.10015072253706843,-0.35240214671281567,-4.257503729890071,1.0113982833822623,-0.7195577330780747,0.8980135788821483,0.6313674842850622,-268.33610885041054,-2528.271308443434,2507.1347033007046,970.6184190619807,486.1883856480757,510.0677415621131,118.01799725582757,102.61644093886339,-151.00446204109033,323.4246158883062,378.15265894012435,-102.96517546181494,122.73867722651077,280.92604379749577,29.051366707056413,-104.85709504732101
20,swing,stance,0.10050251256281408,0.18606569260817307,0.4491981764573337,-24.99735035588181,-201.8323108145451,0.02084312556340144,-0.025756986177884206,4.798919728205791,-245.57497799332907,0.1810707256610577,0.6402733811598562,-53.26776262958243,-2971.1159132666758,0.012075026292067303,-0.1689265136718754,17.89790725942774,1458.465067615226,0.18825230994591347,0.8959671536959141,-86.08502386944123,365.3146325989063,0.00616594050480769,0.0,0.9510174795298123,178.5781206500708,0.19008357121394232,1.081675696739785,-112.48277767709578,-1598.9151962773076,0.004184232271634614,0.03269234994741579,-1.7255900738054941,428.20454466248015,0.15517550893930288,0.31496623347355923,-7.775474290114189,1000.7626659780102,0.024919480543870193,-0.0231063561072724,-6.349133997990535,-319.39361944401713,0.15504564490685097,0.24502211350661066,8.906748161902682,-1713.780165832515,0.013459876427283649,-0.04100862004206751,-2.1743253009500596,-685.6008651498654,0.14290886981670672,0.02646892841045712,5.108627913255017,1864.8769026406992,0.01097199894831731,0.15762326284555297,-20.440740213247356,-456.74041445453827,0.14786500901442307,-0.03462356332632194,9.480984229454632,111.07252008524097,0.002137592022235582,-0.02077152193509615,-1.226003765399786,261.9472598512972,0.15133507361778847,-0.039167100172776324,8.771857999361428,-245.56572811656176,0.0017389103816105728,-0.04219519042968673,4.7893909606935905,207.8262309523076,0.21514451246995192,0.46870090895432703,5.229201683631328,-2184.2288976393393,0.00639390211838943,0.0,2.072623138427635,-206.2260022735499,0.192589599609375,0.424534329927886,-13.631994248610285,-1475.8918354234204,0.025340768667367786,-0.027170126108022576,4.973365896371772,292.41172894697587,0.1797425818810096,0.4220322547325719,-17.740241018441758,-567.0359448922708,0.029410334660456727,-0.04354246168870265,8.1272484975962,-479.93910535839524,0.16340882286658653,0.22658636005108374,6.278946490948048,4884.212423436043,0.0341029052734375,-0.036895798903244924,3.164619895348206,-242.40227026603344,0.14818158428485578,0.4156173001802885,-9.397595893273039,-1717.0823718343756,0.031336806077223556,-0.04086940824068434,1.221913367638295,298.9421419366532,0.13308652907151441,0.43892453237680157,-0.38319589937648557,-2482.2414269620085,0.026554199218750005,0.04452208298903307,-4.4299472574087835,-881.559504224349,0.13308652907151441,0.43892453237680157,-0.38319589937648557,-2482.2414269620085,0.026554199218750005,0.04452208298903307,-4.4299472574087835,-881.559504224349,0.18636807485727164,0.010817081157977762,0.15046602125901445,0.010645571664663461,0.17202560503054887,0.025523152669270837,0.13308652907151441,0.026554199218750005,60.33091655459082,99.77883670290677,172.18839327680942,132.74047312849345,89.35073302666588,102.23366191615006,72.29178774182014,125.84667969860968,173.44592750238607,40.03136101401993,157.54534418557913,178.45226974456855,153.67524687561587,172.7158746409429,17.57990353927363,23.78227001596854,179.38369994405662,154.27470138367548,160.926640047099,21.63268860920031,15.696408131623526,-16.001760442196577,36.7666733756451,68.46484194946515,-11.489871826578597,-5.336083266151309,1.5148103156610315,-11.394707524677736,-3.8367627046417048,-1.3290910091080832,-1.5403331330586698,1.4535289383304546,0.3115591407882163,4.764040575171935,-3.9268758218344915,-0.9390228633595181,-0.5471154477547435,0.1739074789146173,0.6688995509900842,0.6433312812096594,-1354.6541142200392,1803.8305181344867,-350.3283757851048,-3508.8130081396266,1170.3743696124798,-712.1527641392455,-189.5489182101173,-293.76170032720296,181.48064519215598,-81.13398736674307,308.43551922742984,-280.10246163121303,-14.432648145094142,-139.46778631465529,176.7655684149035,125.1084693573941,-431.93949523863574,257.3293437661233,-83.1849613481761,132.68664346329658,240.33091655459086,320.5520798516841,312.7404731284934,269.35073302666586,191.58439494281592,299.2926072009958,353.4459275023861,139.96863898598008,162.42329480040095,163.97102505583243,190.29577818021653,197.57990353927363,156.21772998403145,156.83403003997483,182.5593286562993,201.6326886092003,15.69640813162356,31.698168573820226,68.4648419494652,-11.489871826578597,-16.825955092729927,-18.34076540839094,-6.946057883713201,1.3290910091080943,2.869424142166764,1.14872389412566,0.837164753337532,-3.9268758218344915,0.9390228633594739,1.4861383111143058,1.3122308321996885,0.6433312812096926,-1354.6541142200351,-3158.4846323545216,-3508.8130081396184,1170.3743696124798,458.2216054732323,647.7705236833605,941.5322240105679,81.13398736673868,-227.3015318606912,22.86513395514701,37.29778210025873,176.76556841490077,-125.1084693573941,306.8310258812416,49.501682115113866,132.6866434632988
21,swing,stance,0.10552763819095477,0.18737710336538463,0.30144119966947003,-3.325307452862436,4301.562686579792,0.020777245154747603,-0.013139164851261244,-0.7563052497278563,-671.1525576571125,0.18256227463942307,0.23660774113581623,-21.779694735013248,9178.652704913822,0.011716393103966341,-0.04778982309194617,9.755226806640762,-2761.865201293966,0.19155519456129808,0.3397515399639406,-22.911247497558413,15066.032762284518,0.006188100961538462,0.009557964618390062,1.5753609196589242,-105.30059698957795,0.19256621844951924,0.3612761136568507,-35.728137028620786,17770.826223994296,0.004184232271634614,0.01712305157001231,1.355873894324778,291.2231197838359,0.15642664513221155,0.2912077308067902,5.169333134577479,1857.440001728969,0.02476381742037259,-0.07859300349308843,-3.9798175764815795,1409.8292156325056,0.15626177509014422,0.213796626164363,3.0181557664140066,292.05560869187485,0.01332904522235577,-0.0498434307391813,-5.385752361591062,-677.9234674424824,0.14311814528245193,0.10470409217247582,16.628489499605536,736.0126934697035,0.011095590444711534,0.0375423396183897,-4.229843139648435,2819.1311882899217,0.14786500901442307,0.0,5.121828742394124,-361.01343990735234,0.001984863281249999,-0.01850115497295768,1.7379542306752922,305.15343417830275,0.15133507361778847,0.0,6.999135387713877,-564.1499833444577,0.0016024733323317386,-0.013575486403243978,3.5012875201884244,-342.1436913252954,0.2177007774939904,0.4507360464242774,-12.35244345797023,-1427.5704792503675,0.00639390211838943,0.0,0.0,-210.1849495250935,0.19453570087139424,0.317679462139422,-7.062443589430692,2673.806374577478,0.025340768667367786,0.0,2.6468592059795855,-440.8028768040572,0.1812847430889423,0.29893725585937553,-6.187842177170791,3138.1871872323436,0.029311307466947115,-0.03833042790339534,4.332474938025907,-107.47431802720934,0.16500495793269232,0.33095597017728323,30.512879882812275,1568.1316064335874,0.03392821796123799,-0.0398472759540267,1.4357760960503916,79.61831417670669,0.14971699406550482,0.3390872474083527,-7.66772949453513,1154.5326171687339,0.031171194223257218,-0.037026134784405106,1.8678243596002844,-344.34516199317625,0.1350937312199519,0.40580240102914583,-11.896642998328385,-591.5666180490198,0.026554199218750005,0.0,-4.4299472574087835,318.9912498051518,0.1350937312199519,0.40580240102914583,-11.896642998328385,-591.5666180490198,0.026554199218750005,0.0,-4.4299472574087835,318.9912498051518,0.18851519775390627,0.010716492872971755,0.15100132962740384,0.010555157940204327,0.1738894841120793,0.025449931609324922,0.1350937312199519,0.026554199218750005,62.01435615409819,93.59499040158232,148.35322276756153,116.77258852007742,89.17394916983771,100.47001910393396,72.1235895406008,123.80881690821788,173.71156182495304,39.27995617692424,157.40044933918023,179.15281176567188,153.94396873763216,172.7003719475642,17.52244203302728,25.006677518380044,176.3921097775952,155.56414794296742,161.95857503292441,21.078489728132922,7.296310801478484,-11.633053504495455,20.11750693878084,39.04687124475481,-6.950788821897373,-7.683487826919941,0.9217534998911886,-13.765198399032801,-1.790831749675678,-1.4257583645942522,0.04944536786338231,0.7454996634348107,0.30750112909809596,2.5034152885576506,-2.480965353860892,0.24597326794833024,-2.6101444381993133,0.9686532485033692,-0.5693836676961843,1.964901589443831,-1064.6825392004944,284.6064017267236,-3875.213944072436,-5224.502884999642,509.5846030870272,-254.57576225391074,104.88631802325853,-539.7216375147528,380.4692900070062,113.45089356064378,128.52233632657718,-31.47817965588014,-81.65389908477171,-294.2145088221274,188.60465249260326,92.29397310333981,12.350711064115053,-77.01350108031343,-292.3453432113282,239.7629322992009,242.0143561540982,328.4193657525159,296.7725885200775,269.1739491698377,189.6439682737717,297.52037873317084,353.71156182495304,140.72004382307577,163.31959448389554,164.16678271822363,190.22281398059147,197.5224420330273,154.99332248161994,158.60121270402476,183.0370647610573,201.07848972813292,7.296310801478539,18.929364305974016,39.046871244754854,-6.950788821897373,-14.634276648817336,-15.55603014870848,-1.7908317496755897,1.4257583645942302,1.3763129967308478,0.329951063794827,0.022449934696819406,-2.4809653538609195,-0.24597326794833024,2.364171170250983,1.3955179217476137,1.9649015894438422,-1064.6825392004998,-1349.2889409272366,-5224.502884999646,509.5846030870294,255.00884083312076,150.12252280985814,689.8441603246196,-113.45089356064489,-241.97322988722206,-187.26375541429317,-105.60985632954343,188.60465249260164,-92.29397310333542,-129.59591199243522,-52.58241091211738,239.7629322991976
22,swing,stance,0.11055276381909548,0.18909525240384614,0.415778001051681,18.234435438890035,851.2291583417089,0.020711073655348564,-0.03335804396409383,-1.9463321075440934,346.83337884055436,0.18344869290865384,0.42138197678786343,38.980003248948584,3079.561468353209,0.011594726562500005,-0.07088403320312386,-9.85953194955689,-1505.1121960954251,0.1916668982872596,0.665703359750603,65.33239082688584,2367.191459871702,0.0062620004507211585,0.015832773061898762,-0.10727997765187738,-313.49682301212675,0.19371448692908655,0.722598942683294,66.11849090576173,3817.1281411179793,0.0043563232421875014,0.04631922325721257,1.201275451660198,-92.8502628760989,0.15810221980168268,0.3669193303034837,10.89226442072975,-585.1472035803554,0.02412960111177885,-0.06310452270507728,7.820003847562307,918.1427667940338,0.15719435471754808,0.27535533728966605,11.841980410062233,-258.03456198360345,0.012958937424879816,-0.09513678448016873,-8.987626481276527,667.3231086801476,0.14396117225060096,0.1935894258939301,12.505740410437978,-1467.0952026284922,0.011349308894230775,0.11511227651742793,7.892236553485569,152.641466226433,0.14786500901442307,0.016852102426382902,5.852708451491287,-137.36066982562346,0.001951650766225957,-0.0033046452448921818,1.8408649198092912,-70.16031519374536,0.15133507361778847,0.031175969050478838,3.102008920522648,-1005.0638586695353,0.0016024733323317386,-0.007006371131310552,1.3507608971227774,-205.00501854175818,0.21967452298677884,0.3445557485727165,-9.118240318884949,1619.3574239079342,0.00639390211838943,0.0,-0.03978841458838346,131.431498825069,0.19578235802283653,0.3535549973707935,13.240431626540289,1435.1183786832446,0.025340768667367786,-0.0005685260479261981,0.5431862299993311,-105.68446687493497,0.18274697641225962,0.35984288611779,13.799328702486367,1669.880250748827,0.029025104229266824,0.0,7.047104597825251,-391.3067862830644,0.1667350135216346,0.533248469426082,22.039063138521815,-5764.504694544854,0.03370243013822115,-0.022465888390175638,3.9648039574256613,295.99143125156854,0.1515894963191106,0.33855469219501066,2.205746992844908,1323.8238615558623,0.030964684119591343,-0.022097304124098542,-2.238842029278054,-541.0715408383876,0.1371649451622596,0.3193602811373201,-6.328589045597799,2463.695424066398,0.026554199218750005,0.0,-1.2240050483117755,-223.1856513055657,0.1371649451622596,0.3193602811373201,-6.328589045597799,2463.695424066398,0.026554199218750005,0.0,-1.2240050483117755,-223.1856513055657,0.18948133263221154,0.010731030977689307,0.15169156588040864,0.010398394305889427,0.17561555207081328,0.025330181415264424,0.1371649451622596,0.026554199218750005,58.22640688523529,91.20561565465343,170.0350877962737,137.05587902685554,85.35365453371517,101.58149401051178,74.37689237043334,118.30433810811911,174.25391806567447,38.41497573351151,157.36750080214668,179.49862943762977,153.46985149276057,173.2446411765773,17.001660232633718,24.554479419603965,176.55160286329823,155.19486499142707,161.9132725003793,21.78578022529146,4.996081104482863,-13.141394595696838,-2.1802004341281855,15.95727526605158,-6.368418529221532,-7.894633640562477,2.5689441651410183,-16.819045590152648,-0.012950744772290095,-0.18888102357397307,-0.24865136093226411,1.1371653236984929,-0.5090830610687872,1.807110838266127,-2.031351676180184,-0.011445244230473342,-0.42298769836665234,-0.6000975570684335,-2.2692446018875905,3.053008992759421,164.18857881055717,181.17583124578468,-1378.1503602414004,-1395.137612676631,95.55920184119398,-175.6212075766644,177.32813810978297,-324.7026330081133,67.31248916285976,249.01622258904854,-51.42115097233277,-101.96636054393858,-191.48054868145152,52.51537038683468,131.02746423224096,-191.83352289626302,646.1090208767349,-296.5601213079766,-301.9975966670587,104.23503990891308,238.22640688523526,327.0207912305819,317.0558790268555,265.35365453371514,186.93514854422693,292.5582561737936,354.25391806567455,141.5850242664885,164.2175234643418,163.71615290197158,190.24630140921101,197.00166023263372,155.44552058039605,158.89391771709785,183.69905272567075,201.78578022529146,4.99608110448284,18.137475700179635,15.95727526605158,-6.368418529221509,-14.263052169783986,-16.831996334925027,-0.012950744772290095,0.18888102357397307,0.43753238450623716,-0.733323898982817,-0.22424083791416233,-2.0313516761802006,0.011445244230473342,0.1836668338033971,0.7837643908718748,3.053008992759421,164.1885788105517,-16.987252435235085,-1395.1376126766354,95.55920184119618,-80.06200573546371,-257.3901438452535,67.31248916285097,-249.01622258904638,-197.5950716167136,-7.937714062373148,183.54283461906078,131.0274642322481,191.8335228962641,-494.3226780661145,-197.76255675814676,104.23503990890755
23,swing,stance,0.11557788944723618,0.19155577674278845,0.4847018573467566,5.229759465144677,-2571.4842379033744,0.02044198843149038,-0.032700291560247084,2.7294573516847462,496.67213240993385,0.18679726938100963,0.6283665677584146,9.170671781099367,-5373.271907275938,0.011003990760216353,-0.14688059645432686,-5.371528933011735,1737.9038444120029,0.19824568058894232,0.9963584829477171,0.8796214458757521,-9538.15841491001,0.006347224308894228,0.008479773888220441,-1.5753609196589287,-108.2605575514321,0.19982851938100962,1.0257835599459126,2.634959867037256,-9344.72499218988,0.004649752103365393,0.029196171687200213,0.4227054232082073,92.05477347503924,0.16011427659254807,0.4006777249849785,-0.7115432833155324,-1679.9903660431792,0.02412960111177885,0.0,5.2477479189358345,-1078.9749988878673,0.15902916541466347,0.33281150465745063,0.4248435856742766,-2040.8650577990868,0.012372896634615382,-0.14017133507361865,1.3210125497671972,2282.0000949496116,0.1450637676532452,0.23038992544320913,1.8838140963041257,-1422.4830470346276,0.012252497746394225,0.116861299954928,-2.6957580519455924,-437.0751764714334,0.1480343768780048,0.05882119046724904,3.7413194979154976,-965.3726375098892,0.001951650766225957,0.0,1.0328254347582542,412.4150050400836,0.15164839993990384,0.031175969050478838,-3.102008920522648,-445.07631986526866,0.001532057542067311,0.0,1.4409355750451285,50.134332017170436,0.2211636493389423,0.35909544020432826,3.9225055260290884,1180.950265183604,0.00639390211838943,-0.0003998835637023459,1.3209195861815966,348.78510283602975,0.19808901742788462,0.45074912672776646,7.360856698843106,-1957.8289141611647,0.025335054837740387,0.005459158090445532,1.5847037600003409,200.9026982004913,0.18490125450721154,0.43762397648737905,10.594873910757096,-1653.7854651935263,0.029311307466947115,0.032494743934044286,0.39974341759310356,-665.5286325894843,0.17036423903245193,0.5524540921724771,-27.421840665377143,-5428.419672494802,0.03370243013822115,0.0,4.4105643498349965,14.915426268944966,0.15311955378605768,0.36125555889423117,5.637032933161964,312.38683780138797,0.030949110764723564,-0.05952705970177246,-3.570080573448831,812.0975547256407,0.13830338228665864,0.3421984910231379,12.864115032489657,1852.1953216082934,0.026554199218750005,-0.012301558274490192,-6.6730191298265265,-371.2761781680423,0.13830338228665864,0.3421984910231379,12.864115032489657,1852.1953216082934,0.026554199218750005,-0.012301558274490192,-6.6730191298265265,-371.2761781680423,0.1941068115234375,0.010610738900991588,0.1527779972956731,0.010447740760216345,0.17765684939653445,0.025374334090795276,0.13830338228665864,0.026554199218750005,63.24339299482261,85.37796429288284,155.13313329664015,132.99856199857993,84.72669880787342,95.7672489744016,74.40718270423113,112.70923692441407,173.3775281536298,39.38136720320208,157.3972578046157,179.9708992491898,154.12088595681684,172.54948520611782,16.521903078437347,25.6211598920826,175.26169444337162,155.51617020744155,159.8046734240305,23.796302033073676,8.946447271936343,-9.812190878909682,6.266749549420046,25.025387700266073,-5.990394833543665,-9.448525088996968,2.703945842703076,-17.02854144434047,-1.114324320903219,1.0769172393157804,-0.46735011929574044,-0.27928787972034963,-1.616926495841113,3.0312079557620186,-1.1641064168534467,-1.6820018365367229,3.883413560561834,-2.0118504832350856,-3.6045353929932533,3.012489930236926,581.8396705344695,769.1000877273467,980.0155594650198,792.7551422721274,34.62226895254998,40.21231807870793,146.689879390432,443.0820157646091,-514.9373081237899,116.86538693740953,9.47897628071525,-305.27423943747806,-194.36998817490203,130.11816617960835,307.64140040799515,-146.15592018426105,358.99129022578757,45.386295554810864,115.24273626838173,-363.6091263004119,243.2433929948226,337.8654287019398,312.99856199857993,264.7266988078734,180.49394778227503,286.0867650780439,353.3775281536299,140.61863279679793,163.2213749921822,163.19227424137202,189.07138828455518,196.52190307843733,154.3788401079174,159.1171456645458,183.60097545710423,203.7963020330737,8.946447271936343,18.758638150846025,25.025387700266073,-5.990394833543643,-15.438919922540588,-18.142865765243688,-1.114324320903219,-1.0769172393157804,-0.60956712002004,0.2501750430674588,1.8671015389084833,-1.1641064168534025,1.682001836536734,-2.6038959459913684,-0.5920454627563714,3.0124899302368817,581.8396705344674,-187.26041719287514,792.7551422721319,34.62226895254115,74.83458703125783,-71.85529235917647,-514.9373081237854,-116.86538693740953,-126.34436321812476,243.38957841269763,437.75956658762163,307.6414004080001,146.15592018426273,-202.9800944772166,-248.36639003204064,-363.60912630041355
24,swing,stance,0.12060301507537688,0.1939666278545673,0.4683383976863008,-7.609627253606158,-1098.5893625489073,0.020382427509014422,-0.005926311786357719,3.045347615168804,-212.90903822974474,0.18976393479567308,0.5135495323768017,-15.022729487492947,-723.4143613280554,0.010118539663461545,-0.12486924861027691,7.606838346041108,1437.430847872233,0.20168055138221153,0.6745437762920679,-30.528497765174443,-671.245056424634,0.006347224308894228,0.0,-1.195325782188882,121.76537761512428,0.20402386944110576,0.7490809513972363,-27.79834318659875,-534.217382162252,0.004649752103365393,0.050567518967847815,2.1264490544244103,-955.780515313926,0.16212913161057693,0.3597681415264432,-5.9920608661363515,613.5998244816304,0.02412960111177885,-0.010363337590144335,-3.023965990506698,-617.8362680358807,0.16053919396033653,0.27962512207031204,-8.669226200983841,-916.8107845411678,0.01155018028846154,-0.08186027644230746,13.947047839825071,678.9964531461158,0.14627664888822114,0.21252223088191124,-1.7905716200607735,472.79820050284025,0.012523794320913467,0.08801923076923106,3.499521212064133,348.69260406846774,0.1484561767578125,0.05445330341045821,-3.8495291114221604,-580.0320217344051,0.001951650766225957,0.00707550987830634,5.98573934232269,857.3710765075383,0.15164839993990384,0.0,-1.3711199223443684,162.43708571095792,0.0016024733323317386,0.007475393442007304,1.8546235304611731,241.47728259041097,0.2232835223858173,0.38397791466346104,2.7506065673824125,-455.778427271904,0.006389883188100964,0.01327557373046829,3.4655895033616604,-57.38623539380831,0.2003125,0.42753345665564874,-6.436240877591995,-1507.0084208303379,0.025395634577824525,0.015358144906851076,2.562308824979141,9.245251817558884,0.18714520733173076,0.46632403094951946,-2.821630746694782,-2332.393423515889,0.029351684570312495,0.004017521784855307,0.35837462205154624,1023.6514860106325,0.17228731595552885,0.25765208082932706,-32.51791849459171,3791.2839854619097,0.03370243013822115,0.021861391507663468,4.114707739023098,-99.3159267285101,0.15522020545372597,0.3952082895132213,5.34531320190408,-95.56047676555264,0.030366422213040867,-0.05797751089242846,5.922942440326366,1202.1417328315183,0.1406041259765625,0.44864786940354767,12.286439312274473,-1498.6650319965318,0.02643056546724759,-0.06706551889272883,-4.955423924372497,1208.921892493627,0.1406041259765625,0.44864786940354767,12.286439312274473,-1498.6650319965318,0.02643056546724759,-0.06706551889272883,-4.955423924372497,1208.921892493627,0.19735874586838942,0.010374485896183897,0.1538099102313702,0.010351539963942311,0.1798088128505609,0.02527277002579127,0.1406041259765625,0.02643056546724759,67.73266447945211,85.29395987946181,161.64216264617906,144.08086724616933,82.79647070830947,93.29836606358506,74.44607372795879,107.89117442350299,173.75758862043278,39.603655953142095,157.11898777386423,179.59864779843411,152.61888309901892,175.98856512545444,15.071260250086175,23.148015857645806,179.7833994018272,153.2860040242426,159.16039678048523,24.18898273945356,10.843715984226268,-5.41174547280894,7.6692021735604445,23.924663630595564,-6.020456027185854,-7.490489740273955,4.043214309768474,-12.365960004578692,-5.188200072649569,0.9856454783095382,-0.15338526765874413,-1.9309174847183685,-2.4625502789069964,3.114831101377767,1.0605216947544367,-1.4803489646753063,3.184964967219148,-0.14395388315073693,-1.1110261469289815,-0.6013540856366743,9.905868558861474,1030.408313200677,631.6810183239044,-388.8214263179156,-431.69071588406206,998.6053755632917,612.4976713992984,1101.1723189714287,-1146.755330691502,-87.82006267924207,230.62472579379116,-435.3778171213463,-40.06764065225928,-126.28885635191762,404.5267003150904,128.0541651655,-462.0934915790353,512.3174971193974,567.1454837115698,-680.4252465068159,247.73266447945213,342.43870459999033,324.08086724616936,262.79647070830947,176.09483677189453,281.64876304393573,353.75758862043284,140.3963440468579,163.2773562729937,163.67870847455958,191.05982537554064,195.07126025008617,156.85198414235418,156.6353835441814,183.34937951993876,204.18898273945356,10.843715984226224,16.255461457035164,23.92466363059561,-6.02045602718592,-13.510945767459788,-17.554160077228307,-5.188200072649525,-0.9856454783095382,-0.832260210650794,1.7128025172251966,4.175352796132281,1.06052169475447,1.480348964675323,-1.856334115716365,-1.7123802325657165,-0.6013540856366908,9.905868558854758,-1020.5024446418244,-388.8214263179156,-431.6907158840664,566.9146596792228,-45.58301172007093,-1146.7553306915065,87.82006267924207,-142.8046631145535,238.17020331091788,278.237843963186,404.52670031508603,-128.05416516549946,399.03773432414675,-113.27976279524182,-680.4252465068116
25,swing,stance,0.12562814070351758,0.1962626953125,0.40822319148136815,-5.8113396559498565,1228.1801358995422,0.020382427509014422,-0.002093782865083262,0.5896680227425904,-261.55414008921355,0.1919585712139423,0.47738436185396305,1.9001756873500748,1589.9243160706576,0.009749023437500004,-0.07042995981069772,9.075012251633806,-223.72676909576663,0.20502501502403847,0.6895394099308889,-5.866560025728602,1913.5220045001854,0.006347224308894228,-0.0035335505558889133,-0.3515882803109473,-462.336589891895,0.20735697115384616,0.7464032264122572,-2.7340590491662757,967.9256034945367,0.0051579683743990384,0.05056751896784753,-9.183128901554857,-1125.3030066199346,0.16373003680889422,0.34045600773737705,5.455289123535017,1594.012761596752,0.024025446965144234,-0.030391617995042156,-0.9616618100679845,601.7692321108303,0.16183946814903846,0.2456836031400252,-8.789335153432926,757.2134109942539,0.01155018028846154,0.0,8.145097506009558,-1063.8930748373268,0.14719966947115384,0.21239423076923153,6.635554804875379,704.6463613903186,0.013137113131009612,0.15203236741285894,0.8086902301495569,-1327.9215569586754,0.14858164625901443,0.020132455679086666,-2.0881480572041453,1250.8978332120591,0.0020227614182692366,0.060158184344951585,9.649620173527472,-271.8631277336507,0.15164839993990384,0.0173958693284249,-1.4694753957894044,-354.233280245259,0.0016071871243990427,0.01863943246694644,3.867842937762824,97.7434476799785,0.22502272385817307,0.3867397273136992,-0.6581821852463225,-785.222037811205,0.006527324969951925,0.034430161696213796,0.7441735018217147,-685.6933639174233,0.20238583608774038,0.38606328876201784,-7.784956575833638,616.6707835646916,0.02548940805288462,0.031211005577673045,1.6776208636943999,-461.59659975135605,0.18958792818509615,0.4092658785306476,-12.846266024075932,36.574012692988326,0.029351684570312495,0.03609649892953721,10.68769805086578,521.0918070455689,0.1729537071814904,0.2256408409705507,10.68151597243095,6530.912483034634,0.0339221426156851,0.041353846623347665,3.4124143324630367,95.70847479365307,0.15709149639423076,0.4149772996168852,4.67662613149812,-1020.1134081514413,0.030366422213040867,0.0,8.511745887169429,-238.193576342059,0.14281240609975962,0.4656802931565495,-2.197845088078484,-2231.3107703270084,0.025880173903245193,-0.062104813795821764,5.47694963895363,1061.5852305866647,0.14281240609975962,0.4656802931565495,-2.197845088078484,-2231.3107703270084,0.025880173903245193,-0.062104813795821764,5.47694963895363,1061.5852305866647,0.20015081317608174,0.010409160907451923,0.15459984412560096,0.010468537785456733,0.18164234963441506,0.02525619272085337,0.14281240609975962,0.025880173903245193,67.96318409711596,82.55597908717736,167.57202632310177,152.97923133304036,81.38266038482058,92.43071659187582,76.7255042077637,104.80498895390991,172.28288381502279,39.95166226978634,156.84160992352554,178.57032053721528,152.00167892048216,175.19289290396256,17.441835445028108,23.50746450646462,179.86895264984207,153.99751519053208,158.48457642747044,23.879396525374908,9.046003739864599,0.5436715653182151,12.615302497398977,21.117634671945318,-10.328994993182475,0.5877098412873577,8.859701334153304,-5.961482962215569,-12.639503523832873,0.19430354404701694,1.8504863208428612,-4.654944333201212,-2.0196163516427132,1.761973218556818,2.9014885611876577,-0.3950253022100913,-0.7607421336998217,3.1370690858040775,2.09541921717327,-3.825954758273779,-349.362143388582,911.35805380087,-1.6556370766213377,-1262.3758342660647,-778.6779903719003,1481.0092282575001,755.3218767722241,1850.5200717639605,-1903.510710650589,-67.82161802865305,376.67388862975224,-285.01339133657103,54.93632074209005,-353.4281136608783,213.54546196007757,246.10046920781053,-772.2877068573414,474.16614841070185,563.7615220187547,-456.5973004336205,247.96318409711594,345.4072050099386,332.97923133304033,261.38266038482055,173.81337697669642,277.0878727689327,352.28288381502284,140.04833773021366,163.20672780668812,164.63640726947284,192.63472834899065,197.44183544502812,156.49253549353537,156.36148814337744,182.3639729528453,203.87939652537491,9.046003739864531,8.502332174546295,21.117634671945318,-10.328994993182496,-9.74128515189514,-18.60098648604842,-12.639503523832918,-0.19430354404701694,-2.0447898648899225,2.6438454281018067,4.6634617797445195,2.9014885611876577,0.39502530221010784,1.4065335447035685,-1.730535541100509,-3.825954758273779,-349.3621433885798,-1260.720197189443,-1262.3758342660735,-778.6779903718892,702.3312378855977,-52.990638886621916,-1903.510710650598,67.82161802865305,-308.85227060110356,-84.94633095871123,-139.88265170081442,213.5454619600726,-246.10046920781053,581.3303699958333,107.16422158514463,-456.5973004336189
26,swing,stance,0.1306532663316583,0.19806937349759615,0.40993297400841255,4.733891700158137,866.0474609046848,0.02036138446514424,0.0,0.4166627901515708,-173.91618276507455,0.194561767578125,0.5326467754657472,0.956409367488606,-955.6602669161872,0.009410700871394229,-0.03366309532752469,5.35832810387259,-733.8112228017761,0.208610595703125,0.6155833740234384,-11.297120835524252,-532.7744013883371,0.006311711237980772,-0.003533550555888933,-5.841924675574782,-1230.0208613739107,0.21152540940504808,0.7216029710036053,-18.0704476740908,-1914.1139966125158,0.0051579683743990384,-0.041725233811598386,-9.18312890155488,1164.6889818467214,0.16555080003004807,0.41459516789362955,10.02816789363007,-156.48941495687782,0.023824157714843752,-0.02002828040489799,3.023965990506698,293.97033318035636,0.16300837590144232,0.19129009540264405,-1.0590411658656795,1910.2660478820776,0.01155018028846154,0.0,3.254655127892092,-335.7982758706878,0.14841126427283655,0.27921122389573444,5.291301358736429,-569.4131632186036,0.014051757812499996,0.09614677077073418,-9.846424084003013,-491.020457712054,0.14865851299579327,0.03346689077524058,8.722308408297081,1012.5562588418765,0.0025562556340144177,0.10405661714993965,3.2534466012809626,-1399.4693536658508,0.15182323279747595,-0.014768596942607144,-4.931253392145981,559.663793117783,0.0017898043118990403,0.04634818678635746,2.8369697383001573,-337.97199690830854,0.22717035381610576,0.3773630183293271,-5.141072204589531,864.3269838280507,0.0067359149639423105,0.020754704402043345,-3.4258010887732766,-279.5220256875908,0.20419253305288462,0.3492926870492802,-0.23854456035888616,1953.74046863494,0.02570931302584134,0.03221865609975969,-2.0768529815671717,-485.8960259892396,0.19125843224158653,0.3372158297025246,-2.4540527296798222,2802.8606550762483,0.029714463454026438,0.11143157254732591,5.595478210449246,-1998.3479992904724,0.17455506310096153,0.3650040001502416,33.119392892691316,1133.054403341407,0.03411804668719952,0.05615701293945293,5.076601958054791,-251.9111435711041,0.15939083158052886,0.4422095571664689,-4.907082859919495,-773.7336908804737,0.030366422213040867,0.02756767390324456,3.5290371504564164,-963.1017927662563,0.14528432992788462,0.42655897404597487,-10.138794560358873,277.82004836447385,0.025806396484375008,-0.012020798903244874,5.713774372980963,-425.9475747340365,0.14528432992788462,0.42655897404597487,-10.138794560358873,277.82004836447385,0.025806396484375008,-0.012020798903244874,5.713774372980963,-425.9475747340365,0.20319178654597356,0.01031044123722957,0.15549043719951924,0.010754431152343749,0.18364192395332532,0.02540842613807091,0.14528432992788462,0.025806396484375008,72.23925377695342,84.67875135108311,170.84482542642218,158.40532785229246,78.297289305456,91.97812342006044,79.04326782016611,104.84625488596193,166.38589001938843,39.547394013760105,157.65817395530726,177.5635270703366,151.3349759817545,175.98213828290437,17.91379069593715,24.110855773590107,177.44640648151153,156.4648381003248,161.3140596733903,20.66383997118329,7.332538663737991,3.7476319523254715,7.652562604951185,11.237469316363704,-13.84636547815976,7.394025116585406,11.634388950695381,6.232231671441093,-24.31896098371085,0.3040211765140272,3.6322819547508423,-4.795373679055778,-1.9104264523533252,-0.43721024194765806,3.206707242091909,0.9930225851519461,-4.576720528834568,4.621535045600056,4.5549187979831505,-5.190271677934388,-380.76164242632575,628.4945575930699,-859.2492108873956,-783.5076789824371,-508.90402651102795,1158.969050566294,507.56810037531153,1536.0523757221515,-1393.5554520421924,21.536642281628318,196.82583999599728,188.86894290979043,-66.92067566109672,-258.4058569141925,-85.25714311127221,-29.96621127712284,-90.03759541767937,-110.56377374795849,119.65557330584826,101.05673157262356,252.23925377695338,347.56050242587025,338.4053278522925,258.297289305456,170.27541272551645,271.2321449053503,346.38589001938846,140.4526059862399,162.79443203093265,165.23090496059606,193.8959289788415,197.91379069593714,155.88914422640988,158.4427377448984,181.97789964457357,200.66383997118328,7.332538663737969,3.5849067114125637,11.23746931636366,-13.846365478159715,-6.452340361574353,-18.086729312269735,-24.318960983710895,-0.3040211765140272,-3.9363031312649137,0.8590705477909092,2.7694970001441903,3.2067072420918925,-0.9930225851519295,3.986182165648819,-0.6353528799511928,-5.190271677934388,-380.7616424263168,-1009.2562000193801,-783.5076789824327,-508.9040265110324,650.0650240552706,142.49692367995456,-1393.5554520421792,-21.53664228162502,-218.36248227762232,-410.5836756865692,-343.66300002546797,-85.25714311127112,29.966211277117342,110.14853113050619,220.71230487846904,101.05673157262957
27,swing,stance,0.135678391959799,0.20038262469951923,0.45579999248798253,2.892654926006765,-795.5079007639657,0.020382427509014422,0.002093782865083274,-1.158233311579765,-200.31995596486414,0.19731180513822116,0.4869965163010847,-7.704450110802548,-260.7910252569434,0.009410700871394229,-0.016577416053184316,1.7000250877968694,-596.432053222685,0.21121178260216347,0.5760005070612986,-11.221076622596305,-769.756243875388,0.006311711237980772,-0.06224636136568564,-12.713606987586418,192.6656829493835,0.21460926231971153,0.5647906869741589,-21.971385648287015,1155.7721006539732,0.004738619290865387,-0.041725233811598386,2.522288001427253,631.5538352649348,0.16789682241586537,0.4412416147085334,3.8825311842699155,-1644.4245899165553,0.023824157714843752,0.0,1.9928139002873524,506.04225756366424,0.16376198167067307,0.23503997333232993,10.40931859412562,204.92176965101814,0.01155018028846154,0.032710101787860185,4.770240462083051,-30.256346868657552,0.15000581242487981,0.26557313889723577,0.912809445894445,-155.9899216121044,0.014103412334735582,0.053073331392728275,-4.126188741830879,521.0455576617774,0.14891799692007213,0.10779384671724819,8.088296755277012,-1302.1421504399602,0.0030685565655048097,0.09285614013672001,-4.415398456280057,-746.2430571618139,0.1514999718299279,-0.032164466271032144,4.155286344087806,1159.8512963033402,0.0020729980468749964,0.0471516911433299,0.471139451247164,-289.7986387634558,0.22881531700721153,0.3350706599308899,8.028521169809453,1195.990564788769,0.0067359149639423105,0.0,-2.0650930880033154,340.8672083329414,0.20589631535456732,0.38366585599459185,11.850626023512472,789.8839756962287,0.025813213641826926,0.010338111290565817,-3.205756281926093,-8.602385383048151,0.19297703200120192,0.3846020320012022,15.323187795785826,1089.0064902296585,0.030471599872295668,0.09233246084359992,-9.396201439490703,-1521.5723517825845,0.1766220890925481,0.5584990609975987,22.06899741304809,-6010.865912062535,0.03448653470552885,0.09237497182992842,0.880644045316265,-1283.3510258102576,0.1615358135516827,0.3656598839393024,-3.0995918673006018,1812.2081043923781,0.030643484262319706,0.035467710054838314,-1.1676691155065027,-594.8873238044273,0.14709943096454328,0.3637828603891238,0.594316202016727,2311.5164516776895,0.02575936185396635,-0.004679945725661395,1.1960694908728664,-124.97508484941937,0.14709943096454328,0.3637828603891238,0.594316202016727,2311.5164516776895,0.02575936185396635,-0.004679945725661395,1.1960694908728664,-124.97508484941937,0.20587886868990385,0.010210864727313702,0.15641651705228368,0.010923860990084137,0.18549099966195914,0.025651684883313305,0.14709943096454328,0.02575936185396635,74.36387412205907,86.93237139816625,167.72354359323555,155.15504631712838,71.3824283598389,98.10276679835043,85.11521959272969,105.45562942555003,158.9143461399096,39.77329064062412,160.0548069869211,173.96455271615864,151.91588373182793,175.59974005987564,18.69172586459258,23.975909444956844,176.28449700513124,157.75665729691326,161.2708701528733,20.712066100125348,5.219253564725651,6.860199782333985,3.9796320362191313,13.24318563694596,-15.443608324951594,12.23563999773251,13.96088827259864,9.476229356600005,-26.645085956417706,0.41075221019403496,3.828635466531274,-2.7567640024495517,-2.6921859562768504,-0.8350705695255157,2.0446328515266314,-0.6961932547439889,-1.6656425901589098,2.0258753797944458,3.2979877931114423,-2.8103092148303275,-441.39553181594437,411.8240077117254,-534.3053779553476,627.0348850138342,134.0100290060638,542.9899811692595,570.9164026868318,-100.11216410715276,206.1957715956488,53.024644973141946,-175.94960241286577,381.0846596870159,-125.989298122729,119.83011362672767,-252.00051775128753,-411.3614724651949,715.1449202850736,-570.0724079218368,-587.4148145586389,728.9233122856085,254.36387412205906,347.43150272389283,335.1550463171284,251.38242835983885,169.48519515818933,264.36997556545964,338.9143461399097,140.2267093593759,160.17190237245478,166.20734965629615,194.29146592446824,198.69172586459257,156.02409055504316,159.73959354991192,181.98293625299866,200.71206610012536,5.2192535647256735,-1.6409462176082672,13.243185636946004,-15.44360832495166,-3.207968327219061,-17.168856599817722,-26.645085956417617,-0.4107522101940018,-4.23938767672532,-1.482623674275768,1.209562282001127,2.0446328515266425,0.6961932547439501,2.5135539580754886,0.48767857828108696,-2.810309214830267,-441.39553181593993,-853.2195395276741,627.0348850138298,134.01002900605283,677.0000101753234,106.08360748850276,206.19577159565765,-53.024644973143054,122.92495743973151,-258.1597022472888,-132.17040412455106,-252.00051775128753,411.361472465191,-428.56391019487006,141.50849772696242,728.9233122856058
28,swing,stance,0.1407035175879397,0.20265027794471155,0.4390048828125006,-3.2611625788766845,-760.2658703237959,0.020382427509014422,-0.011640535794771492,-1.5966030989425388,-116.31720020587792,0.19945620492788463,0.4552151160606966,-1.664605961726902,723.9878536870242,0.009244093674879814,-0.016577416053184316,-0.6359638883151915,-258.24730914896384,0.21439954552283655,0.5028087346003601,-19.03336449256332,220.55406136853836,0.005686119666466344,-0.13130849515474727,-3.905586153470427,1178.5452972271244,0.21720169771634615,0.5007850247896657,-6.45464766751822,1985.3010481261722,0.004738619290865387,-0.01637560565655065,-2.8358541752741355,-1369.5645021139287,0.16998538912259614,0.45361558180588996,-6.498712407038811,-1823.8536992281445,0.023824157714843752,0.0,8.109817825317387,608.6418905404893,0.16537058668870191,0.29590636268028836,1.0004741070088718,-1873.1740420907677,0.011878925030048074,0.04794211519681452,2.950571239764881,-293.48008971227966,0.15108034104567308,0.2883851881760806,3.72356345308714,-637.6495040470649,0.014585158128004802,0.05467753718449424,-4.609785313532895,-72.80577994591883,0.1497418682391827,0.1147563054011401,-4.364547375019085,-1073.0227031953889,0.0034894831730769293,0.05968075326772807,-4.246483621450827,422.9413647883499,0.1514999718299279,0.02699307485727025,6.725543555626267,-541.3675368945167,0.002263690655048084,0.051083256648137995,-0.07557939500090256,92.6560154641633,0.23053789813701922,0.45805167330228636,6.878933471679489,-1209.180889042852,0.0067359149639423105,0.0,0.0,324.75392302410296,0.20804847130408655,0.4683944561298074,7.699987858698679,-1905.6781090111124,0.025813213641826926,0.0,-2.163309116070168,68.53233688471501,0.195123779296875,0.49121771709735684,8.490736116849396,-2681.0212784470955,0.03064242788461538,0.01699738722581142,-9.69670622957671,633.4778096301791,0.18016811899038462,0.586802969125599,-27.29131979135419,-5664.865022129856,0.035046438363882215,0.06500770686222945,-7.821398301344767,-686.95597209461,0.16306580528846154,0.41105788010817146,13.306063917893328,752.3664755742698,0.03072288161057693,0.015832305908204346,-2.449729922954906,-11.701094096285777,0.14894043907752405,0.43253200120192187,13.092526562029942,393.85975226774354,0.02575936185396635,0.0,4.457743369469212,520.9808085244936,0.14894043907752405,0.43253200120192187,13.092526562029942,393.85975226774354,0.02575936185396635,0.0,4.457743369469212,520.9808085244936,0.20842693152794473,0.010012815035306492,0.15753563138521637,0.011208282940204328,0.1876474186823918,0.025786706386468353,0.14894043907752405,0.02575936185396635,73.99901521477081,87.39164276555701,174.7105309958445,161.3179034450583,68.87695488924507,100.39957513733364,86.15489253661542,118.006782345471,145.1148551444923,40.307227490752226,160.18059752480295,175.92035512708816,149.40439569098987,174.82643249345608,19.36099167291071,24.395028298762927,175.46152026322844,157.51061426915842,164.24277510983322,18.390062059016966,2.896402665587802,7.8865667031970785,2.282659308917547,17.53932745720625,-12.49953101578726,12.851210856979968,17.372242244030367,5.226079268354131,-22.246641671191767,0.836932181269222,1.863944242058726,-0.9653770992867787,-3.1766505540892935,0.7671125080697041,0.6740387219784696,-3.141263570277143,2.610665604683751,-1.1078358882877448,-1.3487476799931128,2.135590757096845,-168.34730667402155,377.25121763748285,-813.2636032122132,414.2210172044243,639.9588342407025,-94.99930712743519,515.909439389356,-829.0856118468716,858.1356995707806,-48.873328090936305,-284.2610851958496,222.95690904506952,-18.123424881411648,462.60745826309335,-334.3065291399614,-330.93781555138366,581.3776339264001,-433.4186082910781,-739.9380379462996,788.2987026891404,253.99901521477082,346.6073724492138,341.3179034450583,248.87695488924507,169.27653002657874,263.12163748996335,325.11485514449237,139.6927725092478,159.5121749844448,163.59181985735668,194.1874241663668,199.3609916729107,155.60497170123708,160.14345143800864,182.63283716885022,198.39006205901697,2.896402665587824,-4.990164037609277,17.539327457206163,-12.499531015787326,0.35167984119270845,-17.020562402837548,-22.246641671191725,-0.8369321812692331,-2.700876423327915,-1.735499324041136,1.4411512300482014,0.674038721978453,3.141263570277121,-0.3209928111840405,0.7868430771037043,2.1355907570968173,-168.34730667403034,-545.5985243115153,414.22101720441987,639.9588342407111,544.9595271132671,29.05008772390653,858.1356995707672,48.873328090931906,333.13441328679477,110.17750424172519,128.30092912313683,-334.3065291399609,330.93781555139026,-385.0579435482284,48.360664742849664,788.2987026891274
29,swing,swing,0.1457286432160804,0.20479473407451923,0.42302448918268926,-4.748208092322833,63.361655778231466,0.02026543719951923,-0.013952479435846746,-2.327250399076024,-340.18271745302536,0.20188683143028846,0.4702668081430254,-0.4281902747520629,-499.1973487641621,0.009244093674879814,-0.02296901292067367,-0.8954252554087941,264.86097102944746,0.21626513671875,0.3847104116586524,-9.004452890249189,1334.812715141898,0.004992027869591353,-0.10149848351111702,-0.8689306335449825,-588.9396530503714,0.21964227764423078,0.49991985614483014,-2.0186112952601833,-1162.617009453377,0.00457404033954327,-0.0702262807992781,-11.242179356501662,-729.0660360260196,0.17245577298677883,0.3759279221754801,-14.447656747671212,1407.683244225148,0.023824157714843752,0.08150570678710932,8.109817825317387,-1556.8143822226882,0.1667359149639423,0.24509498948317285,-8.416551175630818,476.66464898680823,0.012032010591947112,0.062364084097054934,1.8206918217586359,-11.062852600088952,0.15290415602463941,0.3029958871694683,-5.495728283221777,-1005.1193579300474,0.014652935321514418,0.006743830754206771,-4.857905123196897,449.8677560248813,0.15007132662259615,0.06392904897836296,-2.695851015530903,1910.2752977588877,0.0036683631310096138,0.05017791278545547,-0.16473147348257589,1166.3724594163612,0.15177125901442307,0.03542893629807599,-1.2855934236962754,536.9738454355407,0.0025863976111778902,0.04639209923377309,1.4023556870678997,900.3090044086405,0.23341885141225963,0.40420566969651284,-4.124050579364924,507.3002408025282,0.0067359149639423105,0.0,1.1987654348519865,72.49128413625735,0.21060379732572115,0.46105266864482974,-7.301917785644412,-1810.2748801503706,0.025813213641826926,-0.011403688870943382,-2.5169890770545864,-35.48715217413542,0.1979138934795673,0.46993606332632165,-11.62174967604425,-2060.5210459054624,0.03064242788461538,-0.005121873121995036,-3.02959028742861,933.0720678781331,0.1825196063701923,0.28421443997896395,-34.864319392277025,5475.020551591209,0.035139878493088944,0.013767953725960992,-6.023436076237597,505.61676323291044,0.16566704852764422,0.49938916954627033,4.461880249023709,-1934.963218820342,0.03080260291466347,0.010847308819110649,-1.2852680511475656,168.44025572556941,0.1514464862530048,0.49536604191706274,4.552705672044295,-2427.704153608922,0.02575936185396635,0.04012149517352662,6.4320575162446545,-377.7002175750499,0.1514464862530048,0.49536604191706274,4.552705672044295,-2427.704153608922,0.02575936185396635,0.04012149517352662,6.4320575162446545,-377.7002175750499,0.21064724496694714,0.009768899770883417,0.15878768592247594,0.011352772874098558,0.1902616138947316,0.025815566625350565,0.1514464862530048,0.02575936185396635,75.21974029148116,91.69415784790858,170.58117863379235,172.94440380978023,64.12399246516736,105.14646682972422,93.73146671564366,108.01475137875717,147.52424120049076,39.901407729571766,160.93319600809045,175.45115250697773,149.281478519014,174.90600514880586,19.526760087540207,22.02061051730264,178.97642307134086,156.45146090355829,161.25317098392034,21.298334523877866,3.527320834333477,10.651669306328783,-4.193871513652348,17.406210935482882,-9.011861247155597,11.280873091929143,19.145907763948944,1.1437106445711538,-18.020606563746554,-0.08043701685055042,0.9717401379297732,-0.5159910472227249,-2.8743309299593793,3.814250619048281,-1.3152317629453387,-4.022201451240303,4.177348705583798,-2.3300905326786956,-4.138575402328746,5.1122908121962,-11.542781031112034,451.4657894749732,-1506.3046516253703,-816.1944486995015,342.40921587824084,77.16076058556692,103.38495759177188,-128.70053827329062,444.8855571453242,-257.7261503397818,75.77257440106,14.612089024480182,172.08453699167427,368.70229926113166,-373.44534933857517,66.3192241351674,-110.20640846708405,52.270235722005815,-252.5698014200939,294.13114169617285,255.2197402914812,343.52558244357255,352.9444038097802,244.12399246516736,169.2704592948916,255.53899257924792,327.5242412004908,140.09859227042824,159.1653962623378,163.71424375536006,194.43276523634603,199.5267600875402,157.97938948269737,159.0029664113565,182.5515055077982,201.29833452387786,3.527320834333411,-7.12434847199535,17.406210935482882,-9.011861247155576,2.2690118447735665,-16.876895919175446,-18.0206065637466,0.08043701685053938,-0.8913031210791454,-0.37531207385642057,2.499018856103003,-1.315231762945322,4.02220145124033,-1.3563751228112246,0.9737154098675151,5.112290812196129,-11.542781031109868,-463.0085705060831,-816.1944486994752,342.4092158782497,419.5699764638078,316.18501887201825,444.8855571453157,257.7261503397829,181.9535759387186,167.34148691423837,-4.743050077440285,-373.4453493385675,-66.31922413516298,93.83157599808747,41.561340276086064,294.13114169618
30,swing,swing,0.1507537688442211,0.2069017803485577,0.3912841984675473,-2.624362018291441,1619.4499226755536,0.020242201585036063,-0.03502998704176681,-5.015524882390045,-63.20903281168473,0.20418250450721154,0.45091169621394217,-6.681664743276292,-424.1253490131123,0.009013249323918268,-0.025576664851262688,2.025955418513438,342.31018910688914,0.21826598182091347,0.4123117206280061,-5.618161325308005,-1947.0990571242703,0.004666034405048078,-0.14004146634615416,-9.824577641413883,236.37135062114731,0.22222601787860577,0.4804974740835331,-18.139240727351204,-3568.2694568762927,0.004032827524038468,-0.12936233285757287,-10.163151019756777,1163.7824939246746,0.17376355919471154,0.3084130014272842,7.648857886681331,3409.9485663217515,0.024643310546875005,0.08150570678710978,-7.536557875413213,-1556.8143822227012,0.16783385291466346,0.2113179086538476,5.791073594313498,3223.8225462388077,0.012505699744591342,0.06624052546574562,2.8393867915227804,-106.06833676030543,0.15412552584134614,0.23315173809344944,-6.378138636662124,2676.8588339069074,0.014652935321514418,0.005854370117188534,-0.08850133338331466,1745.0077497605196,0.15038437124399037,0.08766232534555302,14.834199336125597,3062.957939576378,0.003993783804086534,0.05802516056941072,7.475852654090543,1331.3810108654525,0.15185604154146634,0.014072537935699587,12.122265620305091,3273.3648861435468,0.0027299429086538457,0.06517728365384559,8.972752307598538,524.8287572549987,0.23460026667668268,0.4166039287860558,11.97742835411698,1136.7913535509251,0.0067359149639423105,0.012047893817607958,0.728555619459876,-660.5244492645205,0.21268216646634616,0.3950083477313708,-10.493729529747336,1624.518855137735,0.025698603703425485,-0.025296372633714547,-2.5199639117901236,47.67386480009356,0.19984675480769232,0.3744162128155046,-12.218018113356345,1631.84475752848,0.030590951772836536,-0.013450756366436051,-0.3190975071833725,-872.4946250035297,0.18302454552283653,0.23640779935396916,27.73401238544212,7363.586388603722,0.03518480975811298,0.004470660869891537,-2.7398227914662483,-207.31748773076026,0.1680847919170673,0.4559008976862994,-6.140802602914215,-1000.7071667175718,0.03083189978966347,0.002915039062500114,-0.756863031240633,131.1077531386235,0.15391899226262018,0.47828783710186473,-11.306510157657819,-1820.1722482793368,0.026162592961237977,0.06464379413311239,0.6617612832877894,-1010.8450316420182,0.15391899226262018,0.47828783710186473,-11.306510157657819,-1820.1722482793368,0.026162592961237977,0.06464379413311239,0.6617612832877894,-1010.8450316420182,0.2128940711388221,0.00948857820951022,0.15959267014723558,0.01170513446514423,0.19202625294220751,0.025867462158203125,0.15391899226262018,0.026162592961237977,76.38695489924856,93.54109516088639,171.93050931452547,170.91535042383668,63.96264862432413,107.13503073756065,100.4377592277592,111.31524204262942,139.34467809149618,40.865086424070874,159.99976900401754,174.40922777918442,148.4816826095268,178.0010684439467,18.243165739253584,20.639587517875174,179.26443380831736,155.85623587683511,159.00178246973013,23.766827943876923,2.7803948160288865,12.423911321036025,-12.856080908422923,9.33636817379414,-9.058232363744624,13.626695887990694,18.411287043947677,3.9326065218888933,-17.7754300415905,-1.7532803849597522,2.625477653124659,-0.8185219332116004,-1.4471577200021075,4.472663254412752,-3.079180869364011,-2.474738704597066,1.503063509537173,-0.5825068860565283,-3.8871376440141683,5.091682633440303,-564.0487860600307,25.010743529039324,-1240.91188915916,-1371.6480858655768,76.49478166036336,-91.57046705507614,-752.8017702584664,1746.908845564319,-1009.1827607005632,-204.32344217034455,-61.64195746947813,207.21681611321242,236.9746723872046,-301.34816475448474,-200.17403813135564,389.92925895968636,-570.6996035200821,319.83490278283136,335.7972619526546,-270.60636497319854,256.38695489924856,342.8458597383622,350.9153504238367,243.96264862432415,171.09767936188481,250.6599201341256,319.34467809149623,139.13491357592912,159.13514457191158,164.72591679272716,196.24423418320032,198.24316573925358,159.36041248212481,158.62484629044215,182.76861041360704,203.76682794387693,2.7803948160289305,-9.643516505007117,9.336368173794316,-9.058232363744601,4.568463524246071,-13.842823519701673,-17.775430041590543,1.7532803849597522,-0.8721972681649063,-0.05367533495330596,1.3934823850488014,-3.07918086936395,2.474738704597088,0.6220381033696066,1.204544989426179,5.091682633440348,-564.0487860600198,-589.0595295890589,-1371.6480858655857,76.49478166036778,-15.075685394717066,737.7260848637649,-1009.1827607005587,204.3234421703435,265.96539963981724,-264.5475304986357,-501.52220288584914,-200.17403813135564,-389.92925895968636,385.0257997622901,65.19089697945434,-270.6063649731915
31,swing,swing,0.15577889447236182,0.20872723858173076,0.3966489915114185,11.527670527531956,1171.8298867022838,0.019913377028245194,-0.06435976468599788,-2.9625170604999904,639.679851995034,0.2064186072716346,0.40311439866286175,-4.69075659649188,361.041189537564,0.008987041766826923,-0.0026076519305888893,2.5448781527006403,-161.58609704943208,0.22040897310697116,0.32824647874098406,-28.573287635216705,-2555.5744498830772,0.003584575946514429,-0.20023795729417102,1.5066608299841335,2343.6227738976304,0.22447139798677884,0.31761592923677806,-37.88061588698168,-1221.871719951928,0.003273916391225956,-0.17236850210336618,0.45412711510309334,2321.8115645071425,0.1755554011418269,0.452800865760217,19.823183114858914,-740.0641394888157,0.024643310546875005,0.005761406531700236,-7.5365578754132585,635.8087785726848,0.1688597130408654,0.3032967341496401,23.983675419734045,2279.8541235421835,0.012697744516225962,0.09090063476562556,0.7546783869816982,-1059.7398801739248,0.1552473895733173,0.23889399132361788,21.40737557513907,5039.508604291485,0.014711773212139428,0.005854370117188534,12.679861206054534,3138.029939327524,0.15095235501802884,0.21301647949218788,28.087645864633664,1267.6771096472974,0.0042515305739182635,0.12531211031400355,13.215982203557132,5.901421370251258,0.1519126915564904,0.157260751577524,31.61254613553531,1150.3331731215221,0.0032414456881009607,0.1365705143855171,6.677016564002553,-1396.3336454456182,0.23760582557091345,0.5245818340594974,7.300988149790089,-1539.8269835604945,0.00685699932391827,0.007322167029747488,-5.439671241173338,-520.1668193699742,0.21457373046875,0.3555880502554094,9.024904879056422,2933.246917827854,0.025558978740985575,-0.03672995934119585,-2.0378547574556567,4.09307046449944,0.20167687049278846,0.3471419114332932,4.778700148362563,3038.2885182682903,0.030507244403545672,-0.008328883244440987,-11.798380488469098,-2092.2111236713167,0.18489556415264424,0.5629482327974774,39.141573960524106,-5043.3843026522645,0.03518480975811298,-0.013767953725961067,-8.107028917752773,-1009.7951706302619,0.17024896709735576,0.4376725604717557,-5.595478210449363,230.08143442707743,0.03083189978966347,0.003240645188551533,0.03239780954211621,104.13511251830857,0.15625339918870193,0.3817327740009039,-13.740482752873639,1250.1393433179674,0.02640904822716346,0.04677236234224811,-3.7271890329213453,-480.05010387951035,0.15625339918870193,0.3817327740009039,-13.740482752873639,1250.1393433179674,0.02640904822716346,0.04677236234224811,-3.7271890329213453,-480.05010387951035,0.21500655423677884,0.008939727783203125,0.16050551006610578,0.011909160907451925,0.1942090594951923,0.025891496707231575,0.15625339918870193,0.02640904822716346,78.06941976811015,99.18379425977201,163.258606353376,175.62701915496214,60.72864572969891,110.85514287823109,103.90711802181812,114.12294237918904,133.55372820692287,39.0764758807077,161.91432722690752,174.5842998849951,147.87315868633854,179.01426378204724,17.53747453900391,20.782953215569272,179.69799904952137,155.38577880262713,159.362428509054,24.16683852227096,-2.1415111863703418,10.903033562902042,-16.665347786608713,3.6208030373363966,-8.24306947167456,10.36056689037059,11.580060826677935,18.700583464313034,-28.163146872294917,-2.133938948210795,0.3522229774325063,1.5665900192417188,-0.49267593109300417,0.7856258476464282,-3.3270311411499156,-0.10331442651984162,-1.5583257016532004,0.8843306008170932,-0.7637285485332266,2.3926288526665695,-1039.7666275157005,-379.35516594718234,-736.8452985927447,-532.8846381284205,550.5657493418204,-1676.8875003183964,-1657.9894382794569,3031.194002574269,-2499.52631527139,28.215031480180212,-682.2915277484358,406.7365671318337,413.30880065542544,-872.8365102195951,89.56829521266432,308.86411283283695,-316.75930672789394,97.89317462364916,479.83174389715066,-415.5186610900227,258.06941976811015,338.88562550833814,355.6270191549621,240.72864572969888,171.58378860793005,247.67667058611187,313.5537282069229,140.9235241192923,159.00919689238478,164.4248970073897,196.55173832105115,197.5374745390039,159.21704678443072,158.91504583395212,183.52926703132496,204.16683852227095,-2.141511186370298,-13.044544749272317,3.6208030373363083,-8.243069471674493,2.1174974186960083,-9.462563407981838,-28.163146872294917,2.133938948210773,1.781715970778311,-3.034081224596475,-2.541405293503515,-3.3270311411498987,0.10331442651986923,2.5132309049504804,1.6289003041333872,2.3926288526665695,-1039.7666275157094,-660.4114615685245,-532.8846381284468,550.5657493418225,-1126.3217509765784,531.6676873028896,-2499.526315271386,-28.215031480181317,654.0764962682589,-369.9594143515131,-783.2682150069429,89.56829521265222,-308.8641128328408,162.20625743077716,64.31308280712358,-415.5186610900271
32,-,swing,0.16080402010050251,0.21088820237379807,0.5071401836688734,9.152822772686271,-2657.748588529264,0.019595369779146637,-0.06480402785081191,1.4134183537409426,768.119015689571,0.20823390549879808,0.4037684138371394,-3.05311007455706,-1648.5130354426358,0.008987041766826923,0.0,0.40197454364477575,-156.55416409419726,0.22156494140625,0.12514300067607975,-31.302326650766037,1681.6645937359933,0.002653592623197115,-0.12489914644681616,13.729420086200465,475.9061590928678,0.22541813777043268,0.09978776667668247,-30.419358515812778,2875.7866834200554,0.00230048076923077,-0.12479824124849656,13.171638573279806,798.5696099700663,0.17831432166466346,0.5076409724308911,0.21102733905505133,-2653.4566457144433,0.024701214130108173,0.005761406531700236,-1.1465198998083483,203.63603678191288,0.17088206129807693,0.4523598726712749,28.70418036358165,872.9478689645086,0.013419273963341347,0.07382523287259685,-7.811265270526703,-643.698923445504,0.1565264704777644,0.44830124136117855,44.270189044659276,376.53473310378916,0.014711773212139428,0.13329016113281184,31.449488006591764,186.66713787315436,0.15252524038461537,0.36995022348257445,27.574672799917515,1235.5985370576373,0.005253201998197121,0.19084910231370333,7.535163421630757,-1705.0852816819859,0.1534365516075721,0.3317865694486169,23.683403038611832,1584.9571322526228,0.004102510892427885,0.13228297776442394,-5.060751666729267,-1405.2505266383575,0.23987244591346155,0.4899806941105792,-3.4982197218678683,-973.0500352173804,0.006809504582331732,-0.04262216890775216,-4.499251610389104,1338.4016673231786,0.21625591571514424,0.48571090932992766,18.986138991135583,-1528.7641309603302,0.025329458383413467,-0.04577732496995228,-2.47882752521224,146.24980138809133,0.2033356182391827,0.4224433499849775,18.317544884314877,215.87362372994687,0.030507244403545672,-0.1320274446927585,-21.34634498126693,1440.9411761011147,0.18868231670673077,0.6297904522235577,-22.953267038198664,-7099.5024072218675,0.035046438363882215,-0.07700701669546287,-12.888517973679923,79.07257144811565,0.17248351111778845,0.3996649357722355,-3.828426377516455,964.0036557500011,0.030864469088040872,0.003240645188551533,0.2897210141695022,25.603658860424595,0.15775550255408655,0.3401925330528836,1.2577043480503813,1452.3878985865974,0.026632666954627404,0.0271846078725964,-4.162862876305274,280.0908931080605,0.15775550255408655,0.3401925330528836,1.2577043480503813,1452.3878985865974,0.026632666954627404,0.0271846078725964,-4.162862876305274,280.0908931080605,0.21652629676231971,0.008384121234600361,0.16233692908653843,0.012437594839242791,0.1963975517077324,0.025864963629306893,0.15775550255408655,0.026632666954627404,75.95249820060943,101.36444907952772,159.82408286024037,174.76396626084133,56.62410611844082,118.23116531265002,107.78494102005186,118.69221213468302,128.37811827635605,38.103348293547974,163.7350076747282,175.37320215474176,148.31273473032184,178.44474856356445,16.030958583095813,21.35754741443344,177.33650294142785,157.57000935174747,159.41844477901805,24.317495513373185,-7.6695210384002515,8.611296587898519,-20.261561296289695,3.9807436699909253,-3.5249082497564856,-3.2264448187268377,1.748076608978282,34.39686785429357,-42.896297531755195,-1.469712229380052,-4.231723630779211,3.269282761580693,2.7066995730172385,-4.299562978950003,-2.1789969978799486,0.6294232334213923,-1.6804471108436674,0.4013441151861757,0.9352919428918622,0.9156156878119399,-1014.9491317395516,-736.9968363740866,-284.49084344534424,6.538548079872651,1642.2220711532225,-3268.204452410518,-2277.57724309,1501.6523587964039,-850.0574969637105,116.44313984599297,-639.7932590377712,239.18681046027316,796.079562101398,-720.9897961841294,165.65275923941687,79.6246978561946,79.40911639609196,-273.5542287732687,204.09570326809202,-139.5196804132673,255.9524982006094,334.5880491210817,354.76396626084136,236.62410611844084,174.8552714310909,247.07033041103904,308.3781182763561,141.89665170645202,158.16164403172385,162.78844187698206,194.47570714666023,196.0309585830958,158.64245258556656,161.3059496441387,183.7359402923912,204.3174955133732,-7.669521038400296,-16.280817626298813,3.980743669990837,-3.5249082497564412,-6.751353068483345,-8.499429677461583,-42.896297531755195,1.4697122293800409,5.701435860159296,-3.7718604038127297,-6.478559976830012,-2.1789969978800094,-0.6294232334214088,2.252251745889978,1.8509076307038022,0.9156156878119399,-1014.949131739556,-277.952295365476,6.538548079885863,1642.2220711532157,-1625.9823812573004,651.5948618326912,-850.0574969637125,-116.4431398459886,523.3501191917738,240.74252515668053,-555.3370369447174,165.65275923940752,-79.62469785619844,-208.97820591845274,64.57602285481154,-139.5196804132673
33,stance,swing,0.1658291457286432,0.21382412484975963,0.4886371600811297,-15.183370563214385,-2372.7783854323043,0.019262080265925477,-0.050154555100661795,4.75727204190775,355.90750793810145,0.21047658128004806,0.3724298753004793,-21.258726801945485,-1727.9324772690354,0.008987041766826923,0.0014322932316701582,0.9714694683368508,474.9164222799654,0.22166669170673076,0.013650230994592118,-11.672135939377597,3360.128730114251,0.002329308143028841,-0.06225383582481976,6.2896373032792825,-1247.8638736361002,0.22547429011418268,0.01189373309795655,-8.978237159141962,3114.1190079134617,0.002019662710336545,-0.03999022498497635,8.479952340932895,-1304.158623572722,0.18065732046274038,0.45492174353966475,-6.844722872220883,590.123637275083,0.024701214130108173,-0.005761406531700236,-5.489964540921674,-383.4628907940444,0.17340604341947116,0.5917809589092543,32.757020836462765,-1927.4153193875507,0.013439706655649045,0.012395456167367322,-5.714657527043459,714.1922342024749,0.1597529296875,0.6838205143855196,25.191644249549007,-4679.706898239196,0.01605137282151442,0.3219296264648441,14.555912842970656,-5416.066462087188,0.15467044771634617,0.4901488694411073,40.50572161395664,1669.8062517347746,0.006169612004206737,0.20104239595853368,-3.920553290734163,-2328.3974767573286,0.15524722994290865,0.3952849027193512,47.54176354510939,3747.5598180365905,0.004570922851562506,0.08570868858924312,-7.446104306734691,-163.36207338656078,0.24253025465745193,0.48942384690504653,-2.4784091890780435,-75.95998791966647,0.006428635817307696,-0.037896442119891696,8.011601797250552,1198.0440374286297,0.21945524714543269,0.546403517503003,-6.339558748685573,-3149.3795381070017,0.02509890512319711,-0.06164279879056506,-0.5680075073240874,730.3656437102103,0.2059225323016827,0.5312378399188696,6.948284306452479,-3610.411895376322,0.029180335411658653,-0.222865013709435,2.6834403768687216,4189.59292844919,0.19122511643629808,0.33226213191105897,-32.21020902663027,3385.491892179022,0.03441086989182692,-0.14330079768254306,-7.312329707218948,1460.5370400085783,0.1742657001201923,0.3991959134615401,4.093000741811943,421.2208877117131,0.030864469088040872,0.006152414175179692,0.2897210141694988,-89.73767934768806,0.15967241962139422,0.3943730187049278,0.8563805495042078,-910.0306248790754,0.026682260366586538,0.004934544489933842,-0.912205182589082,543.7216305289672,0.15967241962139422,0.3943730187049278,0.8563805495042078,-910.0306248790754,0.026682260366586538,0.004934544489933842,-0.912205182589082,543.7216305289672,0.2178604219876803,0.008149523221529446,0.16474679424579325,0.012986565692608176,0.19884521171374203,0.02544424594976964,0.15967241962139422,0.026682260366586538,71.95471298733415,102.70591368938092,153.89803446625734,175.35076483169584,57.22254227878682,111.94832490331467,106.38896668837874,132.94324380742532,109.83865668629744,38.976742981570126,157.80642638424658,177.19347952830088,148.59932333733542,175.81950227581711,15.991484549331627,21.124173818661923,178.2123292403965,156.26537821621645,159.51715925178001,24.8809594729451,-12.342004972697483,3.496030182257964,-19.524552243345838,3.686517088390393,8.261674962026147,-22.48570901325267,-11.31016272196526,33.79256696980451,-36.706438299065866,-0.9636561356882539,-6.077860027972222,3.970477561556019,7.508123688016514,-6.460502757219186,-1.6621792894974867,0.6969337931404047,-0.7602441298331817,-1.8649581305725382,1.28748454963855,0.9904210093171512,-659.3667482121798,-802.7417153999132,62.70806327017732,80.66690391755846,1721.934259528764,-2487.8560375870547,-2378.360212201843,-1340.7211711687248,2953.159605312279,-8.142198038075145,71.95944382044686,32.12867544840498,864.3225669592987,-216.17996597374534,55.07313183562666,97.09566619285594,101.41801758017988,-376.160316059725,201.48596266187448,-143.36150328771745,251.95471298733415,329.2487992979532,355.35076483169587,237.2225422787868,169.17086718210146,242.78190049372273,289.83865668629744,141.0232570184299,163.2168306341833,160.4103101624842,191.81098682514875,195.99148454933163,158.87582618133808,160.6634969409416,184.39811872472512,204.8809594729451,-12.342004972697483,-15.83803515495549,3.6865170883904375,8.261674962026147,-14.224034051226589,-2.913871329261331,-36.70643829906589,0.963656135688276,7.041516163660454,-0.6145583587001912,-8.122682046716749,-1.662179289497564,-0.6969337931404157,0.41294742838311876,2.277905558955613,0.9904210093171512,-659.3667482121731,143.3749671877399,80.66690391756724,1721.934259528764,-765.9217780582887,1612.4384341435496,2953.159605312279,8.142198038078458,-63.81724578237722,703.2157328211819,-161.10683413811276,55.073131835632715,-97.09566619285155,-318.03585668556525,58.124459374164175,-143.3615032877191
34,stance,swing,0.1708542713567839,0.21579912860576922,0.35454349459134205,-14.694196176382086,1794.80908621462,0.019091303898737977,-0.016992248535156188,4.990378232515827,-188.60036211512679,0.21197691932091345,0.19011286808894384,-20.419265624999607,3295.083596766501,0.009001436673677879,0.009763512244591453,5.175003913292663,432.5427368610043,0.22170212965745192,0.007835101787862848,2.467811340331923,1496.149065518805,0.0020279259314903847,-0.06168671123797923,1.18807462252108,-234.1051308159985,0.2255376727764423,0.009554227388823666,0.8783199556792615,1015.2849724848448,0.0018985689603365358,-0.03957258958082938,0.06451672832784165,-645.3824010150579,0.1828863994891827,0.4388497877854552,6.1419181659403,1220.613736713176,0.024643310546875005,-0.04941411649263813,-5.000418299748489,739.6247703428935,0.17682960862379807,0.7815761624849706,9.33317212853091,-5594.954453608429,0.013543851412259611,0.01639148888221039,-0.6334538715068636,406.3285861347188,0.16339903846153847,0.7014835956280024,-2.7620410883979054,-4094.032451683566,0.017947246844951928,0.27958074246920017,-22.983340758103523,-4216.232573506264,0.15745135967548077,0.7770429030198266,44.35664517916146,-2472.751053410305,0.007273728590745196,0.15144655667818416,-15.865816244272017,-1109.2637203251404,0.15740926419771634,0.8095932382436856,61.34732080782375,-3305.748704666041,0.004963904747596157,0.05744775860126131,-6.702581550011283,172.14020642796305,0.24479127854567306,0.46507205904446824,-4.261636685884616,-498.66085591234423,0.006428635817307696,0.03789644211989148,7.541391981858415,-913.8970733630784,0.22174740835336537,0.4219967510516808,-12.665916668231235,466.9892779001419,0.02470993276742789,-0.05148594313401345,4.861530703031071,566.2404554912615,0.20867469200721153,0.49227535306490183,-17.9680018028843,-2041.1148044714587,0.028267395019531252,-0.10505819467397742,20.760116611187193,643.8237967816617,0.19202163461538463,0.30606975848858053,11.071777104304031,5239.444690371015,0.03360622934194711,-0.15049776752178387,1.7902462475118004,1415.6011387281922,0.1764955303485577,0.44080062161959166,0.4049493783801541,-1385.0580456801176,0.030926302396334135,0.006152414175179658,-0.6121652104303767,-369.8424472708912,0.16171905048076923,0.3487993727463932,-7.888332082895089,60.29069669520446,0.026682260366586538,0.01801671659029408,1.3016761239858476,-87.60558275544514,0.16171905048076923,0.3487993727463932,-7.888332082895089,60.29069669520446,0.026682260366586538,0.01801671659029408,1.3016761239858476,-87.60558275544514,0.21875396259014424,0.008004808866060694,0.16759513408954327,0.01367440842848558,0.2009082657251603,0.025103459284855772,0.16171905048076923,0.026682260366586538,69.25248018091521,104.89508479525712,146.28901239894012,178.06838298671795,61.37943451095807,100.46812999052034,100.97573202732912,151.9159061376162,88.95592633653308,38.425875368166025,156.79732097905764,177.44776987276654,152.43137108246208,173.76828786642216,16.024914576658595,21.385702436466648,177.84711284921232,155.66996281297182,160.46277879053056,24.634443110818623,-14.29632252796989,0.5435406542310582,-19.631329504629623,4.791466322428698,13.780963705306446,-28.230023085933386,-22.155041101592975,20.92228321943203,-13.216301498465993,-1.5515433654411086,-3.508513140121454,3.5921840223686825,11.393358537432292,-6.472225953560506,-1.6254981854615909,1.6052590745556217,-0.661170552248896,-3.3791615738562824,2.9602764922574325,-0.5252034407078316,-75.41280874798024,-29.52857302708815,14.993741043225217,-60.87797676412432,395.365518800446,334.77560150416093,-1792.6498293681682,-2301.0545120841734,4823.84546175696,-90.00509250564401,606.0302526335134,-171.9310677412749,337.18704275958305,173.85724687992936,-42.158585158953606,113.25065526829567,-24.137674141581154,109.57150239173038,187.18776298325548,-420.6611371248953,249.2524801809152,324.35739538565804,358.06838298671795,241.3794345109581,161.84756450147842,240.8718324741493,268.95592633653314,141.57412463183397,164.77680365277635,162.22457352554284,189.79320244308076,196.0249145766586,158.61429756353334,160.76718471432105,185.0972219013492,204.6344431108186,-14.296322527969867,-14.839863182200926,4.791466322428698,13.78096370530649,-14.449059380626942,7.705981720966033,-13.216301498465993,1.5515433654411308,5.060056505562541,3.2956343984101943,-8.097724139022098,-1.6254981854615909,-1.6052590745555941,-0.9440885223066539,2.4350730515496726,-0.5252034407078483,-75.4128087479781,-45.884235720881385,-60.87797676412437,395.3655188004416,730.1411203046179,2522.790949672782,4823.845461756955,90.00509250564181,-516.0251601278716,468.885704480561,131.69866172098224,-42.1585851589426,-113.25065526829347,-123.90187174990666,-233.47337414162826,-420.66113712489255
35,stance,swing,0.17587939698492464,0.21738737605168268,0.34095679649939953,2.85491171029946,1762.860011899511,0.019091303898737977,0.0,2.86179101562506,-224.89687850541753,0.21238726337139424,0.16721112530048232,11.857691256009446,3219.9190982477644,0.009085167518028847,0.05344238281250117,5.318632652869576,-280.73375954263975,0.22174543644831732,0.038452355018028635,3.3645380859370904,-523.783521181524,0.0017093411959134691,-0.050313387357271165,3.93682191819386,345.1869007779473,0.2255703125,0.020721069335939115,1.2256319110575287,-221.88604362138062,0.0016219482421875042,-0.03934181565504829,1.9936970543493704,240.95003961534783,0.18506787109375,0.5166495643028841,5.4227518686151095,-1514.611819523696,0.02420458984375,-0.056016866830680245,1.9434502363938713,878.6920424300315,0.18126108022836537,0.6855816838191131,-23.473677189752838,-3424.8223681453364,0.013604445237379803,0.006029085599459118,-1.6309531437799358,84.6918715773347,0.16680301607572115,0.6560613074669476,-15.954410541240776,-747.4917905238084,0.0188612295297476,0.0909412771371695,-27.81828387568545,942.303444880542,0.16247992412860576,0.9359442983774053,15.65395223294844,-4789.160689892094,0.007691687950721157,0.04158695631760819,-15.068932389479341,311.17510394638754,0.16338384540264422,1.011840890737683,14.318158473088738,-6618.749312708952,0.005148287259615386,0.018346059945913346,-5.716051980825507,485.27628424659446,0.247204345703125,0.44659332744891955,-7.490076082669465,79.67843837557606,0.006809504582331732,0.037896442119891696,-1.1732934124286687,-809.2069682394075,0.22369642052283653,0.41910787259615584,-1.6461991717997053,1200.00501130083,0.024581458458533656,-0.012783193734976205,5.122851341834345,-40.98157896715846,0.21087002328725962,0.35065490722656434,-13.565432321401465,2907.3842624182607,0.02812447415865385,-0.014220625657301502,9.154031299297511,-2054.120131190373,0.1943011944110577,0.44353627366285875,20.4475265549882,-516.7536148469693,0.03289832951472356,-0.12530837308443443,6.9148174156775175,652.8378016803155,0.17869585712139424,0.40326575646033563,-9.82718062180739,-513.6456562569957,0.030926302396334135,0.0,-3.427288506140982,-747.5056653389637,0.16317794095552884,0.31509329927884616,1.4623171997072704,1166.6869552260077,0.026863332895132208,0.018016716590294177,-1.7926633007342632,-690.8224205785797,0.16317794095552884,0.31509329927884616,1.4623171997072704,1166.6869552260077,0.026863332895132208,0.018016716590294177,-1.7926633007342632,-690.8224205785797,0.21927259709284858,0.00787694021371695,0.1717991473858173,0.013902047964242789,0.20299096366686697,0.025033900334284858,0.16317794095552884,0.026863332895132208,63.44848917478807,101.69258893078832,143.06479921388026,178.69110103011948,70.24545121757365,89.77386988422055,91.17789717811462,139.27627751041626,109.56514641326332,37.08922228920049,158.35244423190255,179.36877559195182,156.72488814481767,172.53013528759277,14.672085638438316,21.95875894570657,177.87405909030866,154.06408976802336,160.54223814224264,25.560854053718785,-13.099922648556584,3.1992606040962728,-19.373861378589805,3.0746781259368796,12.235197764040697,-19.1211301036631,-29.32674392164542,10.666390968958448,11.774420613064594,-1.8682299297148308,0.012896279902310475,2.24252713199546,10.896938188112841,-4.7131937433505415,-2.0858836629543087,1.8351313335252908,-1.00283381969832,-0.763737001007404,3.168768599721528,-3.237329112541111,316.6233855211242,826.6916622779945,-47.48622335554627,-462.5820534013286,-911.2113426437115,2207.9199266924948,-818.6023860389224,-1705.6286642200803,3820.9396343077874,78.02161460237959,242.72163100097796,-298.798864889604,-532.4845354492168,502.3992347533406,-56.47449990973578,16.21644787662542,-50.097625140171886,554.5508871870767,-82.16172494798803,-438.50798497554666,243.4484891747881,321.75590024399975,358.69110103011946,250.24545121757367,160.0193211017942,248.8414239236796,289.56514641326334,142.9107777107995,164.55833347889697,163.92710907084876,187.2022209260311,194.67208563843832,158.04124105429344,160.16718196398477,186.10309219596138,205.56085405371877,-13.099922648556563,-16.299183252652792,3.0746781259369236,12.235197764040652,-6.885932339622357,22.44081158202302,11.774420613064528,1.8682299297148308,1.8553336498124762,4.09786078180798,-6.799077406304861,-2.0858836629542754,-1.8351313335252797,-0.8322975138270038,-0.06856051281955552,-3.2373291125410835,316.62338552111976,-510.06827675687913,-462.58205340133736,-911.2113426437248,1296.708584048783,2115.3109700876985,3820.9396343077833,-78.0216146023818,-320.7432456033553,-86.5598006056163,445.92473484360494,-56.47449990973578,-16.216447876632557,33.881177263530546,-520.6697099235506,-438.507984975545
36,stance,swing,0.18090452261306533,0.219225830078125,0.38323607459435166,3.0229898728592106,-650.7288297800508,0.019091303898737977,0.011769470214844382,2.73010809678299,211.5354315314477,0.21365743314302885,0.3092856445312497,11.941730337289448,-2110.7663764437207,0.00953854604867789,0.06321710674579316,2.353559093768649,250.94915638849668,0.22208858548677884,0.04164955491285869,-2.796344651442181,-542.3202742003599,0.0015222637469951977,-0.022120661808895256,4.657289705716527,-172.7136987867738,0.2257459247295673,0.02187213604266816,-1.3516905329778277,-250.63466057880095,0.0015031738281249957,-0.019535433255710107,2.4861251666730433,-175.9974050351404,0.188078857421875,0.4933498065655065,-9.080311176006376,-2655.7506151499565,0.024080326960637014,-0.029881953312800254,3.8306575035684,40.73183229474818,0.18371987680288462,0.5456598088191132,-25.087153179462376,2124.696690838012,0.013604445237379803,0.0,0.21772071721006694,-467.06327691416624,0.16999261944110577,0.5411377610426682,-10.27452139516984,1521.40122906256,0.0188612295297476,0.0,-13.51295437739457,-1249.1033571213918,0.1668578350360577,0.9343690561147856,-3.7756230609600294,887.2296786755782,0.007691687950721157,0.0,-12.738428264911342,112.92249543644155,0.16757851938100962,0.9534943284254818,-5.172772787241013,2027.1937399537492,0.005148287259615386,0.0,-1.82543296461838,530.2584349106917,0.24927965369591346,0.3897949124849762,-3.460848360501943,1482.2927501384866,0.006809504582331732,0.02610454852764357,-0.5913413672813486,-67.79234674422202,0.2259595477764423,0.4054520357572114,-0.6055647958610982,258.460056314307,0.024581458458533656,0.0,4.449655537531991,7.270403130171326,0.21219886192908655,0.3559393498347365,11.251940532977585,1842.3904522469638,0.02812447415865385,-0.01305788010817341,0.11569318213824527,-781.5498367391593,0.19647928560697114,0.5115725379356979,5.878273437500326,-3896.436584423403,0.032346848707932696,-0.08100211510291443,8.351430183997374,-37.008756900497865,0.18054845252403845,0.34203498722956777,-4.7573185237001985,1332.185750143164,0.030926302396334135,-0.02829269643930253,-8.124784962580756,92.80863843065593,0.1648858173076923,0.3634960280198331,3.8371649545522115,250.2276660014902,0.026863332895132208,0.0,-5.641262776301376,-538.6249484364395,0.1648858173076923,0.3634960280198331,3.8371649545522115,250.2276660014902,0.026863332895132208,0.0,-5.641262776301376,-538.6249484364395,0.220179443359375,0.007913821880634015,0.17524554161658654,0.013877195387620191,0.20489193647335738,0.024941986866486382,0.1648858173076923,0.026863332895132208,59.76166844299033,103.31674626468973,136.7439816248004,179.70094055350017,67.40796274559465,91.63794661171792,84.72293464910533,148.50265158498385,105.8203231232234,37.31056084808948,157.12799499405256,179.40344328855977,159.86932144065517,170.55327441025955,14.542291595503,23.296064900367103,176.53259372923833,153.93375921276208,163.50727591463018,22.730306243002264,-11.114177949868143,8.851999571597828,-20.10857798056476,0.14240045909876747,4.623060764163627,-6.039873068923418,-30.3822007602756,3.780286594104609,25.185101861411223,-0.7674065352664403,-1.0690997632272063,0.5891803551364851,6.041755166083386,-1.4229874133259337,-2.1930810991272764,1.768238450200098,-1.1646642722506229,2.194214176767598,2.1345305128806693,-4.9323188675977425,287.8262617433635,945.6900642724083,-107.14532970944128,-550.7184728195966,-335.6227452220475,1774.3407814388504,-607.3450844804604,-605.3425011045159,2651.405621801775,180.74185517400014,-261.54098501810455,-331.14897930068577,-921.2291999078709,543.6070392825344,127.27231116875079,-36.75959181346714,62.98558153866337,329.58925141160245,-119.64093451133967,-236.1743066254634,239.76166844299033,316.4449221783006,359.7009405535002,247.40796274559466,159.04590935731258,254.32297470820725,285.82032312322343,142.6894391519105,165.56144415785798,164.96488744641775,185.09556600576255,194.542291595503,156.7039350996329,160.17134137039457,186.23758215763246,202.73030624300227,-11.114177949868164,-19.966177521466037,0.1424004590986791,4.623060764163538,-1.4168123047597914,28.965388455515743,25.18510186141118,0.7674065352664403,1.8365062984936467,2.425686653630132,-3.61606851245321,-2.1930810991272764,-1.7682384502001423,-0.6035741779495634,-2.7977883547171616,-4.9323188675977425,287.82626174336576,-657.8638025290558,-550.7184728195966,-335.622745222041,1438.7180362168006,2046.0631206972653,2651.405621801794,-180.74185517400235,80.79912984411095,-250.34984945657916,670.8793504512961,127.27231116874415,36.75959181346164,-26.225989725192942,-355.81524113680416,-236.17430662546445
37,stance,swing,0.18592964824120603,0.2212389948918269,0.37133860426682874,-3.6850765286960177,-366.62811509824763,0.019209590031550483,0.027438272329477254,4.987775252122019,409.00642545552887,0.21549566180889423,0.28722851562499924,-9.356041170560585,-1798.8420324800638,0.00972051532451923,0.07709624305138203,7.840734727125821,569.061667901856,0.22216402493990384,0.010348388671876095,-2.0859169311519468,569.662909890953,0.0014870229867788437,-0.00350645564152723,2.2010058499850804,-411.1107724174856,0.2257901329627404,0.0071362398587750345,-1.2933094012922266,203.12729356029695,0.0014256122295673024,-0.014355633075419743,0.22487891329268522,-210.55494459536237,0.19002616060697117,0.42539015549880005,-21.268209087665827,-702.7131371483753,0.023904268704927886,-0.017517796443058183,2.3528153850848073,-227.26484695496114,0.18674509840745193,0.4334494910606976,-2.1199416034411858,3383.9934121446104,0.013604445237379803,0.00821723351111808,-6.3250564293494405,-813.7116582195648,0.17224158653846153,0.5527997859074518,-0.6639459275467222,-306.9849097759354,0.0188612295297476,-0.04486730957031345,-40.372086459820025,-1828.6358855109283,0.17187056790865385,0.8979983379657468,24.570833425667807,2204.116132664579,0.007691687950721157,-0.08643744835486745,-13.934032937856815,1592.542031192473,0.1729667029747596,0.9598532245342558,34.69196490478468,3041.7387222982734,0.005148287259615386,0.0,-0.3868214792105227,143.14184279808197,0.2511218825120192,0.4118109318659855,7.407338491586664,359.85720531290804,0.007071861853966341,0.031953312800481165,-1.8546235304610499,-180.36334686398192,0.2277713153545673,0.41302179424579305,0.9513893338717186,-205.66175979141534,0.024581458458533656,0.031936962421124156,5.195920720027021,-417.7105594828832,0.21444730318509617,0.46373973670372587,4.951054635854432,-2142.4564542095254,0.02799323918269231,-0.01305788010817341,1.2992590707632559,323.6716874436693,0.199442626953125,0.502614398662862,-18.712640122633893,-2525.7343474684812,0.03208423790564904,-0.04137440138596845,6.542870110144876,-421.3503859863069,0.1821333946814904,0.35545350999098696,3.561620887169115,1113.4631643723526,0.030641953688401447,-0.08165613027719343,-2.4945383711595164,1616.832207553568,0.16683116736778847,0.35365777118389347,3.9771681142951087,302.23047312343516,0.026863332895132208,-0.0386793917142422,-7.205979365422091,462.8129585447908,0.16683116736778847,0.35365777118389347,3.9771681142951087,302.23047312343516,0.026863332895132208,-0.0386793917142422,-7.205979365422091,462.8129585447908,0.22117220365084136,0.007960685143103965,0.1787700232872596,0.013841983736478367,0.20695794834234774,0.024872680664062497,0.16683116736778847,0.026863332895132208,58.81526503550635,109.81100991373297,129.97450775703928,179.0297473647341,72.33045203573117,87.74654684109879,71.97949310465619,154.78280545024185,113.31470032193188,36.86466985945525,157.49803083386945,179.11179626648507,159.9859529126237,170.8924219775641,13.870720682972541,22.384020809933745,177.79444196574647,156.68221779183216,161.9467445503223,21.192574882165342,-10.207196399879567,12.703683360602877,-20.4506988631068,-2.460180897375643,8.862104847236203,-1.28855943593598,-35.4307146199415,4.582546736752265,38.421713294489436,-0.051728872689706,-2.615656333344968,-1.0856033132375589,1.6383532644156575,0.7501935861221589,-0.8067649577407345,1.4656881997216014,-0.36981289971175424,2.5487177870488975,1.9663471473462564,-5.610940234405062,-75.25719127946569,210.94852009870507,123.07615733944506,-409.2818687176137,1110.8302082929608,541.8547413095938,-824.345667932676,-211.29577135460846,2688.3263888898273,89.40470833859543,-155.87943655753529,-129.54288707102626,-581.708103710965,236.24250597240203,282.3974388864684,-126.87346035144263,273.14909924814907,-298.4997414272155,155.46698687823363,-94.88935841322244,238.81526503550637,309.0042551217734,359.0297473647341,252.33045203573116,160.07699887682995,268.09750577217375,293.3147003219319,143.13533014054474,165.6372993066753,164.74909557316036,184.76314266053666,193.87072068297255,157.61597919006624,159.8215372243198,183.13931943248764,201.19257488216533,-10.207196399879523,-22.91087976048249,-2.460180897375599,8.862104847236225,7.573545411300245,43.00426003124174,38.421713294489564,0.05172887268968391,2.667385206034696,1.5817818927971372,-0.05657137161847621,-0.8067649577407677,-1.4656881997216455,-1.0958753000098471,-3.644593087058789,-5.610940234405045,-75.25719127945703,-286.20571137816404,-409.2818687175917,1110.830208292974,1652.6849496025523,2477.0306175352366,2688.32638888984,-89.40470833859322,66.47472821893767,-63.06815885208424,518.6399448588721,282.39743888647007,126.87346035144868,-237.92211296218952,60.577628465026024,-94.88935841322518
38,stance,swing,0.19095477386934673,0.22295787635216346,0.34620012958233143,-0.6617148014950326,-179.1701127624414,0.019367065429687497,0.06189786470853296,6.840725438044582,-555.5799725300424,0.21654415189302884,0.2152550800030027,-6.137084059495094,1305.5646048396563,0.010313382662259618,0.1420184607872586,8.072771836500863,-806.0620101423707,0.22219258939302886,0.020685565655050205,2.928910724346284,312.5533355829585,0.0014870229867788437,0.0,0.5255231487568773,-83.48938759906416,0.2258176457331731,0.008874051607570422,0.6897898043115867,304.08044847462486,0.0013588961087740437,-0.017275343674879103,0.36999507023724304,148.65476934459923,0.19235413536658655,0.2795989614633376,-16.142754765437275,4147.23774278385,0.023904268704927886,-0.006235567533053475,1.5465886899507029,-110.63777587771203,0.18807615309495193,0.5243538630558853,8.922830862191955,-1312.5020124064536,0.013687030498798075,-0.06356840632511992,-7.960285898061931,1344.2845889399543,0.17554839618389423,0.5344649376502388,-13.359796870304866,-492.1304429227006,0.01841030179537259,-0.4057496126615073,-31.891204483032016,7989.497799047569,0.17588294396033655,1.1813121056189844,18.376297870342242,-11009.295813680612,0.006822969876802892,-0.1400405320387618,3.267019284761735,2772.872554633494,0.17722528545673077,1.302157292292664,25.397465627816977,-12291.809725644485,0.005148287259615386,-0.003887653057392183,-0.3868214792105227,121.26588427030488,0.25341845703125,0.4642405254657466,0.1558069692760231,-1929.6537895625693,0.007130643404447121,0.007465116060698366,-2.4040383206882,528.7692047529507,0.2301105205829327,0.41501373760516835,-2.6725171555738125,-418.24242739634644,0.02490243295522837,0.0522203087439901,0.2515594623271402,-837.2248449331341,0.21685956280048077,0.40569869290865035,-10.28028513746988,-1581.821424032265,0.02799323918269231,0.0,3.368674965491702,624.3805558407129,0.2015306865985577,0.323505803034855,-19.50599136117785,2442.485456665057,0.031931025578425476,-0.015244626558744898,4.116752937903843,33.271806691122904,0.184120849609375,0.3778301720252372,6.433266042856096,-5.6609245745639525,0.030105637770432694,-0.053363433837890606,8.12478496258071,1023.1843672344464,0.1684401667668269,0.40346756685696983,6.874657146747536,-701.048159332248,0.026474595289963945,-0.07242190317007118,-0.9898762582632833,982.2305378975306,0.1684401667668269,0.40346756685696983,6.874657146747536,-701.048159332248,0.026474595289963945,-0.07242190317007118,-0.9898762582632833,982.2305378975306,0.22187806584284855,0.008131591796875,0.18181738281249998,0.013594571627103366,0.20908004056490384,0.02475626236353165,0.1684401667668269,0.026474595289963945,54.68584032166007,112.06858991394569,124.64151540464364,177.9757350030707,67.2808217396076,92.0615062303042,67.68855190331163,142.93986464579294,128.71391142080725,37.32472461273968,155.80485284006497,178.7225647074194,159.607504461428,172.94777485231572,13.037707940870968,24.015091839653113,175.9147597019263,156.84236378443606,162.74569719541435,20.482087478570183,-11.870531631068802,10.97208520073054,-18.871631675645716,-3.9709851561536262,15.78718346057528,-0.5940967743546426,-38.667081845026104,1.6567110026010088,52.203457528645636,0.13113324703100004,-2.6357272663180114,-0.7127582083914155,0.19544256597319137,0.9513091291102646,0.6450841158121012,0.493128295914244,1.580552805620219,-0.8057832245109463,3.69701279306392,-5.885980761197967,-125.32409560517567,-168.5005736338259,227.32036080798977,-184.14388277933404,352.52902162211313,387.4730384082767,1104.8303534172787,-864.2768931355632,499.44859974867364,23.393495107669505,151.16122383173592,160.830615600091,-191.1898847484095,-172.62368047921476,350.08946188831754,-140.9567025637414,311.19750329888797,-544.1085400444179,342.5382534871638,-60.31698824337985,234.68584032166007,302.6172504077144,357.9757350030707,247.2808217396076,159.34232796991182,271.6537760666002,308.71391142080734,142.6752753872603,166.87042254719532,165.5929872546147,185.9854827931867,193.03770794087097,155.9849081603469,160.0701484584206,183.22778467398453,200.48208747857018,-11.870531631068737,-22.84261683179934,-3.9709851561534935,15.787183460575324,15.193086686220614,53.860168531246735,52.20345752864572,-0.13113324703097795,2.5045940192869893,1.7918358108956178,1.5963932449223823,0.6450841158121178,-0.49312829591422747,-2.9947511926449324,-2.188967968133986,-5.885980761197994,-125.3240956051877,43.17647802865606,-184.14388277934725,352.52902162210876,740.0020600303832,-364.8282933868892,499.4485997486609,-23.393495107667306,-174.554718939412,-13.724103339316603,177.4657814090885,350.0894618883252,140.9567025637458,-261.88727480064,282.22126524378666,-60.31698824338154
39,stance,swing,0.19597989949748743,0.22471839317908654,0.36468820425180326,-5.4857811795748335,-1124.4150184513946,0.019831679124098556,0.09618928175706129,-0.595943064762853,-1458.881312069221,0.21765902944711538,0.2255492788461538,3.7652111393857655,610.6398639197901,0.011147836538461534,0.15822962834284834,-0.26039100294829104,-1201.8272370218,0.2223719200721154,0.03978467735877355,1.0553226224456396,-258.9595496591276,0.0014870229867788437,0.0017751840444715596,1.3619165273814169,151.35573335734065,0.22587931941105768,0.014068800706127694,1.7627755080004988,14.170811190143965,0.0012519906850961549,-0.010637089655949948,1.7188966956504728,-10.147114801241917,0.19283620042067307,0.2631514141376207,20.412572246845407,3306.4239456693167,0.023841599684495188,-0.0019741915189304495,1.2408779390776463,54.85639410108053,0.19201498647836537,0.5231261831430292,-15.310916602501077,-746.0210601196205,0.012965566781850957,-0.07178563983623835,7.1853414494441274,2213.4400084346044,0.17761309344951923,0.41853047062800536,-5.6099805297849406,2614.6626626000007,0.014783343975360574,-0.36538192749023457,39.92437383211569,6790.547273696893,0.18374305138221153,1.082684748722956,-86.07535565654987,-10474.911933736917,0.006284245417668269,-0.0536030836838951,13.934032937856815,205.61551040769072,0.1860537109375,1.2151041353665883,-88.84381123234635,-13459.82866312354,0.005109215369591344,-0.0038876530573922047,0.8319311265211901,207.46548575886246,0.2557876164362981,0.41337683105468925,-11.986166931152809,-733.7372237877656,0.007146888146033661,0.007792123647835834,3.4596398338902365,975.0757582268598,0.2319423076923077,0.3861623253455536,-3.252052147498616,-563.7614885207014,0.025106285682091348,0.03446519822340698,-3.2183993295522524,-130.7978822672824,0.21852467698317307,0.3604202880859377,-10.946648118238754,-123.1343593749929,0.02799323918269231,0.02079814969576344,7.5744405364990905,566.6012006847587,0.2026939415564904,0.30657428448016916,5.83495240666327,3090.84631799551,0.031931025578425476,0.0,6.877260127141088,513.3681599543623,0.18593068284254807,0.42010945012019424,3.504727172851889,-1385.5205395179605,0.030105637770432694,0.0,7.78872160104602,-523.9222693328795,0.17088611778846155,0.42274980280949714,-3.068542029747615,-1092.3179461083444,0.026135474571814907,-0.048627896822415945,2.6656843320405716,13.278198083145929,0.17088611778846155,0.42274980280949714,-3.068542029747615,-1092.3179461083444,0.026135474571814907,-0.048627896822415945,2.6656843320405716,13.278198083145929,0.22265716552734374,0.008429632333608772,0.18645220853365382,0.012596794245793266,0.2109608905498798,0.0247364251552484,0.17088611778846155,0.026135474571814907,50.89127384764918,114.88649726645038,119.83845941547389,176.1663171657249,85.68197529941182,87.12430974309487,47.00533280264874,152.75546407083385,153.04548816902405,36.98569633106016,155.15701145451328,178.1742625728732,159.8169783120599,171.43160247275023,14.782974002489611,23.77172440620474,177.85303728758115,155.55842305668583,164.7007030705197,18.116112179008525,-11.46673504917782,11.010210258755373,-18.16607212131795,-4.310873186615189,12.405110089669517,2.6056419551019934,-24.326891972531612,-4.103653194258457,43.441297211561555,0.1833816309049634,-1.0964480536290226,0.5307847832457748,-0.28315311496535067,-0.9847177754779969,2.711722096413226,0.04903792269906854,2.7578001987695453,-2.919709751085979,5.408942659780078,-6.217141121273204,246.8183525532958,52.40364278283307,392.08884508172804,-197.67413531126087,-807.3565097233989,227.39678201496918,3991.9254511419163,-948.1687061519453,-3623.7164726983874,-79.7590533069873,533.5508910901118,164.27722326267585,-196.10499238822362,-307.91189669866446,343.9719021706379,-66.79898026987475,40.147059765155305,42.67142701927412,-56.76596027007341,132.39292782102268,230.8912738476492,296.00477658119877,356.16631716572493,265.6819752994118,172.80628504250672,305.80095223985796,333.0454881690241,143.01430366893985,167.85729221442656,166.03155478729977,186.21457647523985,194.78297400248962,156.22827559379525,158.3752383062141,182.81681524952822,198.11611217900852,-11.466735049177897,-22.476945307933182,-4.310873186615278,12.405110089669494,15.010752044771465,39.33764401730314,43.441297211561555,-0.1833816309049634,0.9130664227240151,1.443851205969834,1.7270043209351846,2.71172209641327,-0.04903792269906854,-3.7279082125791048,-0.8081984614930818,-6.217141121273204,246.81835255328483,194.41470977046697,-197.67413531128724,-807.3565097234076,-579.9597277084251,-4571.885178850346,-3623.7164726984,79.75905330698511,-453.79183778312233,-160.0449869162667,36.06000547197009,343.9719021706346,66.79898026987586,118.29839457021401,75.62696755093111,132.3929278210265
40,stance,swing,0.20100502512562815,0.22662308443509616,0.2910666503906246,-11.96236825326783,1182.670742260283,0.020333791879507207,0.05590848717322791,-7.821398301344555,-309.4731266233249,0.21881097881610576,0.2530963979867792,2.7616797737550804e-13,-1159.9160454406847,0.011903630183293268,0.13940146578275317,-4.005893862210682,-289.4471434467266,0.22259243539663462,0.03129182316706667,0.32630218505857217,156.5264144639485,0.0015048640324519247,0.01368760329026548,2.046686298076882,-85.67235851349137,0.22595904071514422,0.02659038837139451,0.8322100172778575,322.5802019864437,0.0012519906850961549,0.0,0.2680140169584299,-285.3309482903081,0.1949988731971154,0.48475044133113043,17.08763664832466,-2973.5948802373237,0.023884427584134615,0.006235567533053509,2.097909233680155,-15.549042826745948,0.19333370267427885,0.37047530423677916,1.4251317655123596,3985.4203988154322,0.012965566781850957,0.008646080603966693,14.285342327411449,303.8307018021857,0.17975473257211538,0.47808322378305357,12.918219839242846,1602.208152402418,0.014738121619591343,-0.004499624399038496,36.355501785278385,-4361.284515854464,0.18676419771634614,0.3162331542968761,-86.8991989511342,7711.289255859303,0.006284245417668269,0.0,5.333506826547569,-1538.3377534027086,0.18943738731971155,0.409254666841948,-109.87719430307273,17381.23991478787,0.005109215369591344,0.0044734637920670044,1.6982587796725144,-40.86595550771332,0.257572998046875,0.3437765362079296,-7.218436485877391,1549.3728563726077,0.007208956204927883,0.04223536564753487,7.395718043400831,-306.3559181565068,0.23399154897836538,0.3823297964242778,-8.33846176382206,-155.8789230909726,0.025248816856971154,0.019874586838942377,-1.0629921182485609,853.9023727240884,0.22048187725360577,0.29568212890625095,-11.517816387469807,1801.7464937814186,0.028202265812800484,0.07612503051757871,9.063159394484245,-520.0419460337865,0.20461183518629808,0.38214854079026467,11.557790729229254,7.307402637168704,0.031931025578425476,0.05387356567382876,9.27623193242004,-364.8937632065074,0.18834305513822117,0.41305356069711546,-7.491563500037963,-1181.801253845237,0.030105637770432694,0.024915175217848192,2.859234517024138,-983.8168917611822,0.17268890850360577,0.3726279484675466,-4.103412663386567,216.3731170748387,0.025985872708834137,-0.04563110586313079,-0.8564270312969927,-75.72874100083843,0.17268890850360577,0.3726279484675466,-4.103412663386567,216.3731170748387,0.025985872708834137,-0.04563110586313079,-0.8564270312969927,-75.72874100083843,0.2234963848407452,0.008748569195087139,0.18885777869591344,0.012596315354567306,0.21294837051782856,0.02478042915539864,0.17268890850360577,0.025985872708834137,47.179186373456844,117.19565613186616,114.27907978928332,175.70445045230736,81.3289716233121,91.23387503255027,42.89928804236101,153.3919793459575,156.27157926754384,37.41606849534052,154.91576668574314,179.1096793795344,160.37592521209763,171.65749084302166,14.74442814333152,22.760245830157352,179.2044206705071,153.6655546122224,167.13994744011433,15.638672788013016,-9.389945173246737,11.49875497744243,-14.931040267789157,-5.957659882899964,7.6730476844607285,1.691298019765648,1.4527719352946122,-7.872622727569284,15.78419649650108,-0.6704652786673638,2.7265932471504426,0.9382691610827116,-1.7754618801396065,-2.1432827975094755,4.102088157728056,-0.17821823946138085,1.9840408434609753,-0.3769246615031667,3.126500629545595,-4.555398572041962,83.97053158770241,-430.30549476031933,797.8743695971966,-283.5983432491793,-574.8676997988699,-363.0767653240446,5611.078555574085,-3102.203944099348,-3446.8190765976406,-96.39579580973576,513.939826560078,-6.198305838298525,-328.34727424445964,2.703895262356687,121.54680989487224,-7.943519538781844,-274.85073048135024,600.2130453658626,-627.4852827799748,493.3594355652409,227.17918637345684,289.98353024159064,355.70445045230736,261.3289716233121,172.56284665586236,309.6635586135014,336.27157926754387,142.5839315046595,167.66816481891635,166.7778441984508,186.40191898635314,194.74442814333153,157.23975416984266,156.44417484034975,182.77862022812735,195.63867278801303,-9.389945173246781,-20.88870015068912,-5.957659882900097,7.673047684460684,9.364345704226398,7.911573768931754,15.784196496501037,0.6704652786673638,-2.056127968483079,0.18334348007886891,1.9588053602185638,4.10208815772804,0.17821823946140847,-1.8058226039995668,-1.4288979424964885,-4.555398572041951,83.97053158771337,514.2760263480195,-283.5983432491705,-574.8676997988655,-937.9444651229079,-6549.023020697001,-3446.8190765976406,96.39579580973906,-417.54403075033014,-204.09656908722908,124.25070515723499,121.54680989486513,7.943519538782944,466.0871981511211,-134.12584721474587,493.35943556524205
41,stance,swing,0.20603015075376885,0.22764368614783653,0.24446339768629757,6.400356933593827,2329.6369602426435,0.020393573467548082,0.01758226365309601,-3.7062257443942555,796.409763747561,0.2202027118389423,0.22554927884615658,-7.892236553485423,-319.69424043867156,0.012548856295072117,0.11796938852163551,-3.1694075200008167,-53.029543441793905,0.22268641075721154,0.04306409630408583,2.62845241605316,30.746590336743296,0.0016245868389423157,0.022344895582932664,0.5008877986026101,-158.97763180424624,0.2261465594951923,0.022432720477764442,5.004787588266261,442.1256091801502,0.0012519906850961549,-0.007943481445312464,-1.1487510258601579,-247.276955316403,0.19770806415264422,0.43488645582932567,-9.472803433931679,-1646.5150620633483,0.023904268704927886,0.019110323392427863,1.0846061518741696,-234.7063728050881,0.1957383563701923,0.5374491154597363,24.743559767503214,2523.4033785259094,0.013052462064302883,0.07178563983623835,10.238916341928402,-1074.0679392688548,0.18241794996995192,0.548361825796275,10.492613966721754,2745.5854182034523,0.014738121619591343,0.0,-3.9076313523512285,-8960.258489767808,0.18692127403846154,0.20932596529447278,-8.574961125300693,23484.197599832343,0.006284245417668269,0.0,-1.5266480008638565,-682.5854053274368,0.19016682316706732,0.11081072528545674,85.84201705697875,29005.83753027342,0.005154174804687495,0.013180274376502392,0.42121800584065466,-269.78190546359025,0.2592426570012019,0.34082973069411254,3.585419565054285,789.8099766821729,0.007571364182692303,0.08212094820462802,0.38068588256856384,-1548.891862781254,0.2357848182091346,0.30235868952824657,-4.818674490121454,1677.0026558508932,0.025306030273437502,0.023781860351562163,5.363534064659681,447.94840659802685,0.22149635667067308,0.2446633394681508,7.161356844388548,3456.3644478829547,0.028758314866286064,0.11188517878605725,2.3478883150540057,-1337.6709270594577,0.20653463040865386,0.42273298527644293,5.908393639197628,-1821.3377327505602,0.03247246844951923,0.0932284616323621,3.2099861250656407,-890.9805037002624,0.19008197490985576,0.34481735464242586,-8.372672363281131,714.0164865441516,0.030356041541466344,0.02873602529672497,-2.098885351327658,-568.9876688878041,0.17463112229567307,0.3815094745342553,-0.893937838040696,93.62725252356171,0.025676870492788467,-0.05723520366962189,1.904591457660287,596.7974233545265,0.17463112229567307,0.3815094745342553,-0.893937838040696,93.62725252356171,0.025676870492788467,-0.05723520366962189,1.904591457660287,596.7974233545265,0.22416984205979568,0.008954751821664667,0.19059049353966345,0.012626654522235575,0.21462859324919872,0.025023514967698317,0.17463112229567307,0.025676870492788467,46.513008739107846,123.70420237053585,108.95485504430569,173.85395132426638,79.71226554498797,93.07545302225657,54.74378494459953,137.2415849626485,160.80234865999648,37.090119750454825,156.49299098030357,179.64161811426195,158.72838205813005,170.48159525681595,16.84853006855758,23.72358036737158,179.26891101113046,154.8151964271488,166.8965019247278,15.295810269621409,-10.622810108597898,6.685531919455687,-10.147234235918997,-7.161107792134576,6.627545267570328,-1.043370761722571,32.06585732972043,-35.28158228068403,8.799899456811442,-0.7854203370320783,4.068776333909444,0.46849025220759877,-3.583125720437303,-0.9575429487206433,3.9332980752561615,-0.030796444524869498,-0.004518700540503634,3.1125821621387635,-0.8974420917774499,-1.2587548341853612,-295.8611665637307,-992.0067243411185,1160.2972115360612,-464.15165375868446,1467.37421127139,-176.50660365553827,1328.5160533831292,-24.785177732566616,-12.863268034709625,61.499872512199424,56.862038510129324,-215.27599552068997,-289.4861794335707,333.68921365158144,-119.63030531731368,-90.38189368590906,-194.2143405229104,341.04638931728914,-543.3362282999942,510.05355985271933,226.51300873910785,282.80880636857205,353.85395132426635,259.71226554498793,172.78771856724455,298.04393362264494,340.80234865999654,142.90988024954518,166.4168892692416,166.05850738350355,187.33012532537353,196.84853006855758,156.27641963262843,157.00750862149798,182.1923121943492,195.2958102696214,-10.622810108597864,-17.308342028053595,-7.161107792134576,6.6275452675703495,5.584174505847779,-26.48168282387267,8.799899456811442,0.7854203370321113,-3.283355996877288,-0.6073705939018125,2.975755126535535,3.933298075256134,0.030796444524880544,0.9563852361758751,-2.156196925962888,-1.25875483418535,-295.8611665637263,696.1455577773834,-464.15165375867133,1467.3742112713899,1290.8676076158497,-37.64844576726758,-12.863268034709625,-61.499872512202714,-118.36191102232765,-75.42727109928215,214.05890833426662,-119.63030531730604,90.38189368590191,307.76372087002517,-33.282668447250735,510.05355985272155
42,stance,swing,0.21105527638190955,0.2290800030048077,0.3553918457031253,11.45106853309037,-430.10076939745176,0.020510498046875006,0.018659987229567097,0.1827199272741393,423.50098233209343,0.2210778057391827,0.17377743765024237,-3.2130074415944088,1674.0796947960032,0.013089252178485583,0.10754812387319726,-4.5388540978066,-565.5097152275525,0.22302524038461538,0.05770843036358081,0.6353131432167959,447.26854065647143,0.0017294358473557703,0.018721651517427385,0.44892115431561536,38.52573668848861,0.22618449519230768,0.07688976111778903,5.275683476374839,-979.9504432772155,0.0011721567007211553,-0.011545236440805594,-2.2171815138596878,-359.0339662815882,0.19936959134615384,0.38954638671875186,0.5397465773362558,1180.1177762756201,0.024076491135817307,0.017136131873497412,-0.26094878446143144,424.745090755766,0.1987352013221154,0.6191542968750021,26.785969740647097,-751.4414878986473,0.013687030498798075,0.11154976243239273,3.4906896714430706,-681.3366719654009,0.18526590670072116,0.5835366304837746,40.51204313776997,4451.817684603159,0.014738121619591343,-0.043772301307091,-53.697347358116566,-4897.7172434997465,0.18886797626201923,0.23005264047475868,149.12288747934133,20584.601733642594,0.006284245417668269,-0.015343195988581455,-1.526648000863848,-1006.2663426478562,0.19055106295072116,1.2719885066105776,181.63876077505176,-9830.491519904514,0.005241680438701921,0.008706810584435388,-1.013117154634922,-98.42793855990813,0.26099842247596156,0.3798109036959123,0.719352224496196,-737.67767128576,0.008034292367788465,0.04606135441706817,-8.171034346360498,-956.9090002782084,0.23703032977764424,0.3339009070763235,8.515836284930613,1278.6844629868285,0.02548783052884615,0.07377945181039638,3.4390019179125075,-951.3729490397386,0.22294080528846155,0.3676555645282463,23.219514747032203,513.7936542851288,0.029326739971454324,0.09972189800555864,-4.380769520686168,-958.5786030326196,0.20886040790264424,0.44152938138521564,-6.747111107459772,-2991.040147798956,0.032867995042067305,0.08613473275991557,0.32165400578424835,-378.13496178258515,0.19180855618990383,0.32890609975961677,-0.3155184091419765,1734.6293880403803,0.03039444204477164,0.0038208500788767786,-2.859234517024138,267.5064357816133,0.17652317457932692,0.3636436485877406,-3.162435251089465,559.6360434875473,0.02541064453125,-0.026489483173077675,5.141537022517337,-273.45410653567615,0.17652317457932692,0.3636436485877406,-3.162435251089465,559.6360434875473,0.02541064453125,-0.026489483173077675,5.141537022517337,-273.45410653567615,0.22484188608022834,0.009125335693359379,0.19255794771634616,0.012805513822115384,0.21636028270232374,0.025253657414362977,0.17652317457932692,0.02541064453125,42.84287241654484,123.11510983084007,109.73158436623801,169.9961782194667,86.5058053127921,89.03209878324519,62.45977917304228,144.85370186487805,148.22442305811697,36.062065089494695,159.17909297791056,178.87607940655283,157.6289708936986,170.1952375878394,18.058554044503875,23.75536192009264,177.92633824104703,156.93444893763558,165.95096238295363,15.432888518271081,-12.36342423418875,1.5288381498935113,-3.269761759889058,-10.62250062419327,22.42052719472594,-0.08263769536538788,14.804692069798406,-8.121719991213169,15.654917420775355,-0.05237610769048596,3.298071021121591,-1.2253086833463305,-4.684870718667952,1.2103776411998814,2.899773531423397,-1.08657898002328,0.03213792363273264,3.050677241183152,-2.334164981509618,0.5707678586386289,-90.53106736068352,-645.7781335219546,1721.118634910014,-1165.8715687487472,2562.804120431612,980.5169514326352,-4601.154363081283,6244.189671778454,817.69809339363,269.4966065975665,-404.77887603970055,-227.4649896174838,-137.88915209345524,441.1159793275875,-212.0712237293987,-350.5106315588592,-178.0480349149091,-425.9723870993684,29.768876387907714,153.0281605611126,222.84287241654485,279.7277625857047,349.9961782194667,266.50580531279206,175.53790409603732,293.078124922995,328.22442305811705,143.9379349105053,164.75884193259475,165.88276252604192,188.25379163234328,198.05855404450386,156.24463807990736,158.31829983886036,181.38385090122475,195.43288851827108,-12.36342423418875,-13.892262384082262,-10.62250062419327,22.420527194725892,22.33788949936055,7.533197429562231,15.654917420775313,0.05237610769045282,-3.245694913431094,-0.5747195460445689,4.110151172623251,2.899773531423458,1.0865789800232357,1.2872801183122404,-1.7633971228708674,0.570767858638662,-90.53106736069255,555.247066161271,-1165.8715687487384,2562.8041204316073,3543.321071864244,8144.475434945527,1900.2857631670597,-269.49660659757416,135.28226944212636,91.15560350473798,229.0447555981844,-212.0712237293987,350.51063155886135,-243.17535015033434,182.7970369490296,153.02816056110873
43,stance,swing,0.21608040201005024,0.23121546349158653,0.3595495135967534,2.0777361356294923,-1433.619898648732,0.020581111027644233,0.019418644831730572,0.5500655353252716,-46.90612502933766,0.22194921875,0.1932577467698309,8.93268500225328,2308.3807434575383,0.013629741962139424,0.07235276442307677,-8.85292224590586,-255.84234119238695,0.22326639498197115,0.04944915301983251,7.123613628681008,2267.810784005952,0.0018127441406250028,0.02685666597806447,0.888081132155259,-195.43139609937367,0.22691932091346154,0.07545466496394367,-4.8439605853740835,-505.431765697808,0.0011359581580528827,-0.030226712740384673,-4.757132596529382,195.81989092313447,0.20162310321514423,0.44031104454627296,2.3876767296423793,-630.7305962336468,0.024076491135817307,0.01648772254356926,5.353401033841663,402.1106423339915,0.2019610126201923,0.8066548414963902,17.191384009727873,-4969.422288111656,0.01417356520432693,0.10686794809194756,3.3913115985575466,-542.283274693425,0.1882826397235577,0.9555180382361738,55.23450024414039,-4206.825448845388,0.014298198993389424,-0.5396718327448895,-53.130920231745606,7595.943292712804,0.18923336087740383,1.708048452524032,198.30545830829297,-24016.69450491781,0.006130042442908656,-0.01534319598858137,-11.639877575214157,-1435.7751199329116,0.20295062725360577,1.9363259089543166,-12.956892690805184,-28897.040479869826,0.005241680438701921,0.002998192420372533,-0.56800750732425,-320.97072343091696,0.26305985201322113,0.34805940129206425,-3.8284263775161578,79.62293911514865,0.008034292367788465,0.0,-9.236489999624474,209.69470605704274,0.23914060621995192,0.38794498384915715,8.03242564039942,-665.0106394911252,0.02604753230168269,0.05834469369741647,-4.198003111619089,-633.3529362939801,0.22519138746995193,0.4780252967247556,12.325112163837073,-2958.739578167137,0.029760544996995195,0.06785734440730185,-7.286067494319044,-51.40619007111331,0.21097211162860577,0.3549228233924252,-24.152311363806916,-335.8260255008846,0.033338144155649035,0.09646116520808319,-0.590365249633703,-411.7767635439377,0.19338756385216346,0.3416463153545668,9.06078882305433,748.6850246253279,0.03039444204477164,0.0,0.5896215409498587,507.6101116737979,0.17828583233173076,0.34972620567908486,4.730545011080377,1081.4030915363553,0.02541064453125,-0.005561464749849723,-0.8436910200851985,-753.7585820259741,0.17828583233173076,0.34972620567908486,4.730545011080377,1081.4030915363553,0.02541064453125,-0.005561464749849723,-0.8436910200851985,-753.7585820259741,0.22583759953425483,0.009289888822115386,0.19681014873798078,0.012783995643028848,0.21833955891927082,0.02549760006635617,0.17828583233173076,0.02541064453125,36.87656712742852,120.51637309867665,106.85649668428356,169.50369734446826,91.95429856562072,87.52365158695113,82.83896101251862,100.34442217824268,176.29456696181055,36.982877512111585,157.92254079196562,179.21718458187027,156.3740437486751,171.2396898084087,18.26366355696875,22.723407121436782,179.12331361242255,157.66654846830542,164.33934709603488,16.14738370180038,-11.532670082072103,0.19529942174760745,7.150440486794689,-18.878409990614433,32.38437059854127,8.811070961218475,-14.176900088181853,27.474092812566692,17.017970747199673,1.9230882719886873,0.0006469264752721998,-1.8175900454555523,-4.968946344492128,3.475783476682241,1.8019289925486393,-3.553516359689279,-1.7939461871225024,-1.1685473564478481,-0.5982574044617949,0.27921662874039166,782.6286515430988,503.7353220193542,2660.7773964589487,-2381.8840669351903,903.3276596643744,1982.539291068062,-3406.959906075274,4901.556794932778,-419.3764743723408,310.92645956371325,-538.28041327547,-15.49968357051857,-29.621971987257552,207.88430311970473,-79.25252891215968,-318.8229299748493,-361.105778603105,-617.1423694361531,297.258646810228,-79.0354570401369,216.87656712742853,276.3601940287519,349.50369734446826,271.9542985656207,179.47795015257185,276.63898914005324,356.2945669618106,143.01712248788843,165.0945816959228,165.87739711405257,189.50335336537745,198.26366355696874,157.2765928785632,158.1532792661407,180.48673079783524,196.14738370180038,-11.53267008207216,-11.727969503819722,-18.878409990614344,32.384370598541246,41.195441559759736,55.37234164794157,27.898248835374833,-1.9230882719887314,-1.9237351984639595,0.3087661247387692,5.277712469230853,1.8019289925486117,3.553516359689312,-1.4875881321691906,-0.3190407757213866,0.279216628740364,782.6286515430988,278.89332952375344,-2381.8840669351775,903.3276596643833,2885.8669507324344,6292.826856807703,1391.2700618749345,-310.92645956370666,227.35395371175895,99.00980222026998,128.63177420754946,-79.25252891217289,318.82292997485365,-398.9191796660686,218.22318977007572,-79.03545704014348
44,stance,swing,0.22110552763819097,0.23269356595552884,0.376273615910457,-2.957171654334136,-1094.1124221989576,0.02070566030649039,0.024188284067007036,-0.2886984147292563,-247.45732791314077,0.22302009465144232,0.26355316631610487,19.986799025315623,1188.183668806854,0.013816415640024046,0.018574030949519885,-7.110133908785374,705.8303456150713,0.223522216796875,0.12930253718449577,23.427381324181237,776.3791556325872,0.001999352088341344,0.02764709003155063,-1.5152134798489527,-15.780289745627176,0.22694283353365385,0.028206740159255318,0.19596723820589315,992.1972801020607,0.0008683706430288457,-0.05935561429537245,-0.24914240910455906,1060.9701137824366,0.20379482797475962,0.41354313777043417,-5.799254389836101,-706.6535846463796,0.024242196890024034,0.070939157339243,3.7803642038199077,-1234.6827992589042,0.20684228515625,0.7919320256159865,-23.15797285344011,-4944.984113722564,0.014761080228365392,0.14563329608623757,-1.9593934913049424,-1779.2415436342533,0.19486910306490385,1.1386572359525247,-1.7676096144451638,-10295.519823932329,0.009314284104567305,-0.5777513991135818,22.643791262112945,8522.799443411013,0.20603429236778847,2.223072321965149,-92.25092664043673,-38144.99326143948,0.006130042442908656,-0.13232689021183983,-15.956548703707242,1241.638706579381,0.2100116248497596,1.1417684795673089,-108.78375661057586,-5523.02741195447,0.005271813025841343,0.0029981924203725495,-4.2389535710260615,-1773.922864499602,0.2644965069110577,0.3413342566856995,1.5195827683670402,-50.48582733396102,0.008034292367788465,-0.04676769080528877,-6.063549863375135,1183.1794854818681,0.24092927433894232,0.41462880295973514,1.832312269944401,-1844.3329263657315,0.026074209359975967,0.0315884657639732,-2.9263542257456114,104.96760142632345,0.22774507962740384,0.49152603853665966,-6.516561415451714,-3547.9752272738015,0.030008723332331733,0.02649508901742723,-4.897414647029017,773.1463237064261,0.21242747145432692,0.19879258375901443,-10.122247042142044,5664.587525827254,0.033837453988882216,0.08020141366811953,-3.8168059293307213,-437.27867376006554,0.1952421875,0.41996930401141946,7.208954200157834,-1574.0330278038844,0.03039444204477164,0.009746694711538701,2.2423746455266174,105.43472020252017,0.1800380108173077,0.4111868145282471,7.705937528170433,-819.3355832872116,0.025354750413161056,-0.03496878990760232,-2.433926113422133,424.0513499990562,0.1800380108173077,0.4111868145282471,7.705937528170433,-819.3355832872116,0.025354750413161056,-0.03496878990760232,-2.433926113422133,424.0513499990562,0.226544677734375,0.009347449669471156,0.20431042668269234,0.011943883338341347,0.22014642177483976,0.02561731191781851,0.1800380108173077,0.025354750413161056,35.45767736356502,123.0245700332979,110.72888893759955,161.70421839266757,107.81864461421952,96.64291894504794,40.3793794897257,176.2587819931711,167.82340207637066,37.43283043464896,159.18367064427213,177.4173787564544,154.63709810213274,172.99033690824555,18.338685154246186,21.883342000826914,179.40553668388247,156.08428087990217,165.6648067272676,15.7731070758857,-4.497809645815863,6.591504702851867,23.471719611557777,-34.56103396022544,31.4991971411016,19.842380305318738,-19.436111006335146,41.14015734479486,11.440078482359851,3.0725129331508665,-2.1117823786318994,-1.3810843976228997,-4.982578979846421,3.2996671197898877,2.1032657031604822,-4.2908295325343415,-3.597065881423615,-3.1517586325470566,0.6533591070354,-0.2235583427697856,1448.3017499621467,1524.4966470793038,3378.657139376003,-3454.8520364931537,-1030.091434365618,1198.9368891229058,1449.0368006507792,314.4437050573992,-1240.1062476512925,60.63170350180527,-197.8091094948087,226.74299058292158,103.97902092560446,-317.96107752701545,83.13279987564931,21.885584339346224,-119.24858866120111,45.896228549166324,-128.51226382494033,163.58454121289938,215.457677363565,272.4331073302671,341.70421839266754,287.8186446142195,204.46156355926746,344.08218406954177,347.82340207637066,142.56716956535104,163.38349892107894,165.96612016462453,191.32902206249176,198.33868515424618,158.11665799917307,157.52219468305557,181.43791380315335,195.7731070758857,-4.497809645815863,-11.089314348667642,-34.56103396022531,31.499197141101643,51.34157744642032,70.7776884527555,29.637531107960644,-3.0725129331508336,-0.960730554518934,0.4203538431038774,5.402932822950387,2.1032657031604103,4.2908295325343415,-2.7219578682814314,0.4298007642655813,-0.22355834276981873,1448.3017499621556,-76.19489711714837,-3454.8520364931665,-1030.0914343656116,168.8454547572818,-1280.1913458934864,-1594.6350509508811,-60.63170350180087,137.17740599300342,-130.84925672576662,-234.82827765136227,83.13279987565316,-21.885584339349492,80.96850593711655,35.07227738796341,163.5845412129038
45,stance,swing,0.22613065326633167,0.23499710787259614,0.32982919546274203,-8.91836861008866,657.7772358679683,0.020824209359975962,0.016517153226411417,-1.9369427854098085,-134.798453964219,0.22459799429086538,0.394130098783053,20.8742294123724,-1890.7858074340909,0.013816415640024046,0.000894132173977617,-1.7591499281664578,698.6061918687237,0.22456591796875,0.2849002216045683,14.926419212928106,-3261.5435436495627,0.0020906043419471193,0.01162838979867803,0.729485255314785,1660.167880155128,0.2272028057391827,0.07742418494591244,5.127871375450636,0.20349728865724329,0.0005394193209134618,-0.03273065655048074,5.905883622389566,419.46341112811814,0.2057793156550481,0.3820270808293273,-4.714369347205649,340.04396930164296,0.024789447490985578,0.054481332632211506,-7.055471320519169,-915.8210477283184,0.20992012845552885,0.5739113957331733,-32.50694879150387,72.13053894275376,0.01563721642127404,0.08717555119441048,-14.490512960580656,-1062.191097514209,0.19972643103966345,0.9377531174879812,-48.23806080040551,-6810.351259831411,0.008491652268629815,-0.3120960411658652,32.525355581430304,632.6360708454092,0.21157579627403847,0.78090346116286,-185.0613081383345,3096.0262489787897,0.004800123948317303,-0.17571051964393034,0.8389033954328744,939.3064848116331,0.2144256873497596,0.8430218224158671,-68.46470587627718,3060.0812279051615,0.005271813025841343,-0.03960435603215065,-18.396378004807666,-1612.2072691756318,0.26649034705528846,0.36333158991886866,-4.335821627103705,-831.8784161681949,0.0075642653245192315,-0.06094019963191083,2.6547611107460463,1001.6136546396059,0.24330772986778845,0.4063601825420657,-10.503583669808913,-1181.6162563100559,0.026365004319411064,0.028934098463792267,-3.143052343515337,-261.61426428810273,0.23013134765625,0.4125322171724771,-23.33293032132672,-1192.6606091567455,0.03002682729867788,0.01863709669846756,0.4842473168008066,446.59329965328027,0.21297002704326923,0.2531916973407465,32.77821653395436,3354.227308743951,0.0341441885141226,0.05810130662184483,-4.985125789935864,-170.5122281188963,0.19760836087740385,0.4140981163611781,-6.758638592060067,-1934.4082262150728,0.03049239877554087,0.022536428598257434,1.6492669701209144,-312.2573395268424,0.18241836313100962,0.4271728140024057,-3.503983464167972,-1516.4062956144646,0.025059199406550478,-0.030023033728966607,3.4181315929706377,-71.42754830931858,0.18241836313100962,0.4271728140024057,-3.503983464167972,-1516.4062956144646,0.025059199406550478,-0.030023033728966607,3.4181315929706377,-71.42754830931858,0.22784095646784858,0.009317662165715147,0.20828547175480766,0.011798050631009615,0.22215436260516827,0.025608647273137025,0.18241836313100962,0.025059199406550478,33.97539005682553,124.13212405574089,120.31001464036545,149.53325136071922,114.3437807405648,100.68585433989396,52.3334346289774,153.2983007371933,170.6021002857119,39.041510433925446,156.4895308865055,177.9604120762319,153.1363456788509,173.69094991777263,19.6812510067137,19.456861899474823,174.69065090410288,153.64668614260188,166.14916136921448,15.437941492811689,3.0231263999595033,15.516873764253155,41.106793646352465,-53.60054101064608,22.031692866223512,20.860687937328066,0.38628383795661514,30.634331054349595,4.554591373819864,2.5324521262781867,-1.987384324728833,0.4612339805034559,-3.9239310588076624,0.2801947578177678,2.6374345189370736,-3.333560738188312,-2.992424465124522,-0.7072787278130113,-1.8898379454159677,1.9232823695735493,983.9732113536459,1457.3835421607382,2365.312789314638,-2838.7231201217432,-2316.524941265256,-822.3475792953219,4261.211145200265,-4952.638816777349,-432.2007784658439,-169.99062402804756,132.8800790583408,332.1389652802416,282.11476734334764,-740.8841612398528,163.740973585967,378.2148047511851,369.18085079192457,778.560575453615,-522.4671536662657,411.3896848918431,213.97539005682555,269.8432660010847,329.53325136071925,294.34378074056485,215.02963508045877,342.69620045148133,369.39789971428814,140.95848956607455,164.46895867956908,166.50854660333718,193.37220092448632,199.6812510067137,160.54313810052517,155.23378900462808,181.58710286202617,195.4379414928117,3.0231263999595366,-12.493747364293574,-53.600541010646126,22.031692866223555,42.89238080355151,42.506096965594985,11.871765911245392,-2.5324521262781867,-0.5450678015493537,-1.0063017820528537,2.9176292767548526,2.6374345189370847,3.333560738188312,-0.6738343036554574,0.03344442415764219,1.9232823695735657,983.9732113536481,-473.4103308071076,-2838.72312012176,-2316.524941265251,-3138.8725205605715,-7400.083665760843,-2447.4448489834813,169.99062402804103,37.11054496970456,-295.02842031052825,-577.1431876538892,163.74097358597695,-378.2148047511818,667.4831066791928,-111.07746877441777,411.38968489185237
46,stance,swing,0.23115577889447236,0.23600843224158655,0.2866417705829329,3.653654836801216,1997.788381746726,0.020871661846454323,0.0047215224045969225,-1.643456746027938,-81.91690855053908,0.226981201171875,0.4733444166917066,0.9839265887921205,-3857.143107964167,0.013825401893028846,0.000894132173977617,-0.088966151310773,166.18328579714085,0.22638553560697117,0.2793168006310092,-9.35195077279925,-846.40072267503,0.0021162203275240377,0.0349786001352168,15.169890843318143,1832.6225823927516,0.22772096604567307,0.07974313589242747,0.19801243708687047,462.7898338529373,0.0005394193209134618,0.0,3.96657026554989,294.67332381380436,0.20763429612379808,0.3661625413161061,-2.381727060171351,445.38156579822714,0.024789747971754802,2.9897836537860804e-05,-5.423867431640568,295.51506259862254,0.21261023888221153,0.46522902268629973,-22.433042813814446,777.8406361599974,0.01563721642127404,0.0,-12.634680903508036,554.3451139831628,0.20429375751201923,0.6538526047926708,-70.21335091928339,-1136.1993614385083,0.006177640474759619,-0.25086340332031276,29.001942727895944,-752.6624716303867,0.213882568359375,0.36315967735877425,-61.13508494215748,15242.279913992146,0.004364107572115389,-0.12389570030799185,-6.516282524695865,-488.8837361814277,0.2184842059795673,0.453680983323318,-78.0291714054989,2409.2968988647617,0.0048737792968750054,-0.18189002873347312,-20.442041703444453,2202.0996595318165,0.2681480806790865,0.29775815993088844,-6.8410043288007385,707.5600725684906,0.007421828049879814,-0.020086674616886322,4.002919027475164,-222.78328166669937,0.24501329627403845,0.30906514798678136,-10.043227994478256,1241.906953005211,0.026365004319411064,0.0,-5.555643314068249,-33.16080817002477,0.23189113206129808,0.25702422626201954,-18.50310020094663,2835.1057254474254,0.030196030836838944,0.03136189622145543,-0.4090397761417834,-358.6732210881452,0.21497211162860577,0.5282218956580528,23.588580181415214,-5364.83601967447,0.03442138671875,0.030099646935095824,-5.530496664193999,198.02598652943595,0.1994039776141827,0.35204328801081586,-12.232334505521267,178.76311818522302,0.03062093881460337,0.02632224214993983,-0.8958900733361165,-424.6988413719736,0.18433120492788463,0.37597090031550373,-7.534326749361857,-215.37413038513301,0.02505301138070913,-0.0006157085712140416,-3.151790920550962,-944.8471609884372,0.18433120492788463,0.37597090031550373,-7.534326749361857,-215.37413038513301,0.02505301138070913,-0.0006157085712140416,-3.151790920550962,-944.8471609884372,0.22927403376652644,0.009338175846980167,0.2113810133713942,0.011168498347355772,0.223959967197516,0.02567970002003206,0.18433120492788463,0.02505301138070913,37.974034117545415,130.8862553596264,136.82571882191596,130.262059936003,118.53153080324503,110.147825085225,59.38921116027889,162.9698951962052,173.67975046801402,39.31123187327597,156.9639757211886,177.74701350610604,152.25920926596098,173.44418852657745,20.274381106890917,19.60945218252768,176.14503028697237,155.5096137450817,165.26983311498705,15.756131244375915,5.391368357738355,21.238575478336656,47.24370744386567,-63.09091456446403,8.217539439943279,11.577580513405964,23.390131658994093,-8.6351071454297,7.096352065617707,1.364064450456923,-0.7763041971410385,1.9569956554448515,-2.147254684938408,-4.146404852469931,3.748903628647586,-0.48967571593952075,0.11329442804295922,4.672970768996803,-4.597567060464752,3.9110113546356673,-148.7687275734368,-160.92456716335005,258.9670321825349,-1195.6105355325453,-2481.1897565588915,-1668.7506092467413,1293.565556081346,-3887.43249956917,-78.34912754618662,-238.49088931356138,326.0988421392643,70.31224735235904,314.94028036133096,-603.2970295463124,130.4365490069162,445.837968494958,559.4538870717306,684.51623322913,-126.50975477149048,188.86410850183591,217.97403411754541,267.087778757919,310.262059936003,298.53153080324506,228.67935588847004,349.29014472819114,366.320249531986,140.68876812672403,163.72479240553542,165.97777889942935,193.71856963346835,200.27438110689093,160.3905478174723,156.53557810444468,181.02596435936297,195.75613124437592,5.3913683577383775,-15.847207120598366,-63.09091456446407,8.217539439943367,19.795119953349285,-3.59501170564485,5.0400954397849835,-1.3640644504569561,-0.5877602533158734,-2.5447559087607248,-0.39750122382236125,3.748903628647614,0.4896757159395539,3.986415063167735,-0.6865557058290682,3.911011354635728,-148.768727573439,12.155839589893318,-1195.6105355325383,-2481.1897565588956,-4149.940365805622,-5443.505921886987,-1556.0734223177994,238.49088931356468,-87.60795282570403,-157.92020017805868,-472.86048053939845,130.43654900691843,-445.83796849495906,746.8705869594809,62.35435373033775,188.86410850183702
47,stance,swing,0.23618090452261306,0.2378779296875,0.36654934457632204,11.15990658334575,-111.86800948622388,0.020871661846454323,0.0,-2.760228298480552,-89.0624383445243,0.229355224609375,0.40401880821814967,-17.891027954101595,-551.9771455336235,0.013825401893028846,0.0,-0.088966151310773,8.852132055421924,0.2273731219951923,0.19091076660156087,6.419879286545905,5623.314575742349,0.0024421480618990465,0.16408960430438782,19.147802666297192,-2147.340389136688,0.22800424429086538,0.0794142596905041,9.779025484525377,5022.294583648712,0.0005394193209134618,0.007134371243990469,8.867424565241867,1547.9946247359078,0.20945934119591347,0.3580901254507208,-0.23817270601744112,-165.55429417767112,0.024789747971754802,-2.9897836537860804e-05,-4.085470691387288,-174.53592450774465,0.2145957970252404,0.3484536790114203,-24.68945496075014,900.7159989858601,0.01563721642127404,-0.0398061664287857,-8.91920528235792,641.2939554889192,0.20629781400240385,0.23209129920372695,-59.657149860089,5036.61339286687,0.005970412034254816,-0.020619229830227927,24.96090863037115,-2211.9877777839233,0.21522564227764424,0.16648049692007202,-31.872565284142265,4533.623594632682,0.0035549410306490448,-0.24120079627403945,-4.074500988300062,2718.05778497785,0.21898529522235577,0.05880904447115558,-44.25066669170674,7181.678312321593,0.003443772536057696,-0.2450520113431499,3.7352768648588066,3947.6069026372043,0.2694828913762019,0.2945777775691126,2.7753348811223217,882.6972390652811,0.007362389197716354,-0.020709857647235864,0.41573315429680896,-371.28080310645095,0.2464139122596154,0.3054232177734401,1.977893244816309,1751.149667926455,0.026365004319411064,-0.026901512732873483,-3.476326797485435,-42.41993480269114,0.23271450570913463,0.22657141113281273,5.160594557541842,3653.5348208125424,0.03034202223557693,0.014526144174429542,-3.120508674034819,-1051.414991093578,0.2182787898137019,0.49026285494290917,-21.13973341252267,-4333.955754979049,0.03444669752854567,0.002518425574669032,-2.994914870042038,-166.91865099921003,0.201146484375,0.29116008112980873,-4.96202433894225,1914.021497844995,0.030756943922776447,0.013532508263221098,-2.6190630939190163,-413.8903603826697,0.18619696514423076,0.3514509371243972,-5.668547588641668,440.40513210364554,0.02505301138070913,-0.06169932438777021,-6.077819773747311,924.4419328648412,0.18619696514423076,0.3514509371243972,-5.668547588641668,440.40513210364554,0.02505301138070913,-0.06169932438777021,-6.077819773747311,924.4419328648412,0.23065263014573317,0.00941965778057392,0.21291277794471153,0.01067921799879808,0.2257055914463141,0.025721011430789264,0.18619696514423076,0.02505301138070913,39.582694302661935,139.46025695613642,151.77210253618364,108.35033481034185,119.30140283176371,110.05581207637293,64.49643889801655,166.55445101402617,178.30632499609393,39.479314826891745,156.70900755191084,179.68433657948094,151.97329875258617,171.26987769956372,20.88416458956655,19.238534295051437,177.21437400842834,157.01938386313387,161.46960498260665,19.48685086763633,1.5279633087691855,13.899541430953157,43.70947738688045,-65.61672729740532,-2.9048876017050156,4.089325030325662,13.386942693045503,-8.435342308154583,3.767162956270251,0.1355587663428992,1.2899909731532166,1.1678897327884705,-0.7587021104525811,-5.783091971290893,3.948354609458843,1.147222864776084,2.630227666249649,6.17228140514306,-3.161292767239991,3.8214141133105914,-828.505745707904,-2736.8346204618165,-2030.9293838262072,1053.7490431096094,-1724.356485158637,-1516.8097384754712,-1982.87593630847,-845.5524826823836,-599.7364406159571,-160.4508115437668,205.6603632108366,-194.72300308512692,255.48047300107203,48.43736328019119,-154.4043848632039,22.786900932053115,199.62968043837995,-229.06969630439383,573.0449966464381,-160.62921400433686,219.58269430266193,260.1224373465255,288.35033481034185,299.3014028317637,229.35721490813663,344.8607760101201,358.3063249960941,140.52068517310826,163.8116776211974,164.12734104171645,192.15404228913027,200.88416458956655,160.76146570494856,157.9758397133769,180.95645585024303,199.48685086763632,1.5279633087691966,-12.371578122184093,-65.61672729740529,-2.9048876017050156,1.1844374286206902,-12.202505264424923,-3.7671629562701625,-0.13555876634286607,-1.425549739496127,-2.5934394722845973,-1.8347373618320606,3.9483546094588764,-1.1472228647760951,6.832402751213688,0.6601213460705836,3.821414113310619,-828.5057457079074,1908.3288747539182,1053.7490431096135,-1724.356485158646,-3241.1662236341167,-1258.2902873256382,-412.73780464326376,160.450811543769,-45.209551667072034,149.51345141805487,-105.96702158300391,-154.40438486320392,-22.786900932059712,183.34608633769972,412.4157826421023,-160.62921400434894
48,stance,-,0.24120603015075376,0.23969234525240385,0.3988016357421865,2.529353233924595,-1148.9641913616338,0.020871661846454323,-0.023019465519830706,-2.5385566288874775,368.07572081049943,0.23104169170673078,0.2935350905198315,-4.563582411545797,3997.759734407834,0.013825401893028846,0.0,0.0,-272.62161762765857,0.22830423677884615,0.3438382004957921,47.16377360652078,4944.3181225961425,0.0037653620793269282,0.22741882793719842,-6.411419600266633,-3645.2376813624282,0.22851909930889422,0.17802479905348642,50.67333488581759,5620.354615180341,0.0006111215444711549,0.08911984487680258,19.524305187518795,-414.04298334913904,0.21123319185697115,0.36376884577824237,-4.04558931321327,-707.7080705965149,0.024789447490985578,-0.04103010911207805,-7.177997326190764,134.35445987991835,0.21611228590745193,0.2170937969501177,-13.380620713454054,2283.350576955992,0.01523715444711539,-0.08964025409404934,-6.18951552170986,838.3718296508564,0.20662633338341346,0.05428325946514391,-19.594120840219436,5672.1354252601,0.005970412034254816,0.0,6.770909785343977,-1126.3852422004138,0.2155557391826923,0.042832388070912684,-15.57102871469338,2747.2688957730875,0.0019399789663461509,-0.16484545898437433,20.8008811434232,1430.4286911679733,0.21907525165264424,0.008950664813703092,-5.851499924879954,3936.451551269482,0.0024109450120192305,-0.14434955772986707,19.232399529090216,644.9291570540088,0.2711086613581731,0.32565097280648964,2.0303247070312227,41.47644737360558,0.007213688777043273,-0.01590845196063699,0.27145366962139017,-890.3838866494948,0.24808287635216347,0.32894347205528696,7.556266155536346,360.68969422094045,0.026094637357271633,-0.03493795776367267,-5.98197431711037,-288.10128637868627,0.23416823167067308,0.30888949819711337,18.21584272179244,703.3606285212866,0.03034202223557693,0.0,-10.976024611253107,-1300.5881711449176,0.21989937650240385,0.315762263371393,-19.968764089730946,621.369720956678,0.03444669752854567,0.0,-7.208071046095605,-804.6884034441462,0.20233020958533654,0.30217369666466265,7.004062457744993,1416.230130347621,0.030756943922776447,0.0,-5.055592187734802,-510.63482137299485,0.18786337515024037,0.31900057279146693,-3.10814451716442,1026.9028176902968,0.02443291766826923,-0.061699324387769865,6.139082776583109,1495.6218225437901,0.18786337515024037,0.31900057279146693,-3.10814451716442,1026.9028176902968,0.02443291766826923,-0.061699324387769865,6.139082776583109,1495.6218225437901,0.23188934326171876,0.009768386840820313,0.21372056039663462,0.010069587590144233,0.22724212176983172,0.025547817914913867,0.18786337515024037,0.02443291766826923,39.16402093779248,144.3863086237184,160.88082250160923,93.8968898124648,117.05691180616783,107.27335820528452,68.62308355181291,148.08538965373378,172.3782031940943,39.351462302838854,157.6231199854655,179.0741856577007,152.0907390690006,168.24844938175823,23.61204360323613,21.255749448866936,177.07753094345279,160.78419128554668,162.4020157191117,18.480512603021854,-2.9353225538988617,-6.267300104194131,26.83235685264753,-52.50047192014636,-9.112676491299284,-3.6667384662469953,3.4617302890597452,-17.133122046760178,1.0688501498794512,-0.2485065198321885,1.2906341265859602,-1.9450938331333405e-05,0.4203882597959811,-3.6595971813122308,2.197100765700815,-0.26066163622039423,2.1196228746598407,2.3707627659375716,1.1616791369868797,2.2966473947930877,-258.6364177467094,-4007.505264440488,-5522.644651465956,2419.08030585673,-835.4082301690707,-1025.0355176970531,-1630.268008598133,-844.0483438298719,-418.77032303353667,-18.65155806159806,-171.79120846537836,-125.02756216857091,138.60416899282782,770.4950883972818,-593.628928694558,-414.64492305366997,-9.60310750306744,-781.1088186652853,721.3721397670438,-256.59562125912197,219.1640209377925,254.77771231407405,273.8968898124648,297.0569118061678,224.33027001145237,335.70718645963944,367.6217968059058,140.64853769716115,163.02541771169567,163.95123205399497,191.86049298499435,203.61204360323612,158.74425055113306,161.66671960768028,180.88252832213357,198.48051260302185,-2.9353225538988728,3.331977550295259,-52.50047192014636,-9.112676491299284,-12.779414957546324,-16.241145246606024,0.8919768001541969,0.24850651983217745,-1.0421276067537828,-1.0421081558154515,-1.462496415611344,2.1971007657008426,0.2606616362203611,5.829089297717479,3.458326531779995,2.2966473947930273,-258.6364177467116,3748.868846693798,2419.080305856727,-835.4082301690729,-1860.4437478661257,-230.17573926798153,613.8726045618727,18.651558061594763,190.44276652697755,315.4703286955528,176.86615970272942,-593.6289286945614,414.6449230536722,-316.3323001573733,464.77651850792074,-256.5956212591275
49,swing,stance,0.24623115577889448,0.241885986328125,0.39196998009315226,-0.38747222430891076,-767.0182803556916,0.020640310434194717,-0.025513131948617974,0.9390251770018706,374.49976021753076,0.23230532602163462,0.3581536583533676,22.287461838942136,2406.096441507122,0.013825401893028846,0.0,-2.82888190636263,-761.4776041787907,0.2308287823016827,0.6649185415414702,56.111518709622935,-1804.7064543434865,0.00472776442307693,0.09965322641226057,-17.487751920260035,124.26284433920132,0.22979343825120194,0.588694007286663,66.26500151648885,-2113.78183626628,0.0014350961538461549,0.20335854398287367,4.706188551682663,-3315.4148258761184,0.2131153094951923,0.3174309363732003,-7.350816631610587,100.71265811852003,0.024377385066105775,-0.07217057448167148,-2.7351746121921225,841.2022919382206,0.21677764423076923,0.21397507887620312,-1.7412079561672038,663.4566601961507,0.014736309344951931,-0.10201235257662376,-0.493357748178422,891.4661222299736,0.20684337439903847,0.03516546161358104,-2.6507636765701563,1796.566562798155,0.005970412034254816,0.04743011474609374,13.640453934889555,988.0810849456769,0.21565611853966346,0.009987746018630351,-4.26182261305584,847.8437034489598,0.0018982027493990444,-0.0321467144305893,10.301666762131891,-2216.8994623413146,0.21907525165264424,0.0,-4.68833954326956,-315.88329121515585,0.0019930232121394276,-0.0517615638146042,10.216976935753395,-1856.478014546311,0.2727557654747596,0.3149830510066124,3.1921835984449927,490.15096929696693,0.007202505258413469,-0.017981680063101278,-8.532848621075036,-688.496076574466,0.24971987680288463,0.3813655911959163,5.602915297288088,-1464.0519931758786,0.026013869065504805,-0.08702185762845535,-6.371817112849128,1166.1227127438895,0.2358189227764423,0.40964520733173254,12.229545597956813,-2997.3485637465797,0.03034202223557693,-0.09578566096379311,-16.191746574988823,1323.504740807784,0.22145227989783653,0.2895717585637028,-14.894811593862563,1085.047542978134,0.03444669752854567,-0.06992449951171928,-11.082235507671683,598.5733996916761,0.20418340594951923,0.3615526686448341,9.271444307767572,-714.8674752056983,0.030756943922776447,-0.03727746347280728,-7.751071348924012,450.26550072540414,0.1894030010516827,0.32021330378606117,4.652083744929199,395.9872239214622,0.02443291766826923,0.0,8.953555327195367,-330.7987174841084,0.1894030010516827,0.32021330378606117,4.652083744929199,395.9872239214622,0.02443291766826923,0.0,8.953555327195367,-330.7987174841084,0.23370338322566106,0.010157143226036662,0.21429353966346154,0.009795066481370199,0.22888887532552085,0.02553249261318109,0.1894030010516827,0.02443291766826923,35.42497656853783,134.64368067589552,171.76351133225288,72.5448072248952,110.80017462595626,110.62467494731793,66.22565219407662,153.61066015889887,178.41146277970128,39.23545925624542,158.0588601409719,178.6507822148516,151.99414967973289,168.89633441462317,23.164414293575,19.792404682761003,178.30189731600387,159.03479225485376,163.55581092484607,19.315094821535325,-1.0713976736098145,-26.376893387544385,-11.794488959511296,-41.304362414423004,-11.300950216469582,-6.212539469142252,-2.9976604084433442,-16.91824023609303,-0.44158400889093935,-0.05189407849728313,-0.43655383554406085,-0.08866868096601636,0.6343046130934331,1.960577258832577,-2.01776527691865,-3.020062794054788,2.5337140230027395,-1.678058480940243,4.088678486700179,1.2425636483947815,1022.0726498116499,-2687.692502058404,-7632.877255090591,2099.609366201083,-168.42574178485137,-617.2323651299911,-684.4179104857319,-98.55499255461191,-192.41707765383967,28.46695913921878,-353.0284562626672,92.7691622746231,101.51983936236581,840.4933708327394,-710.2208753462799,-427.11754866426446,-17.616608353189456,-486.68205172198805,138.36768875643574,22.298380584964498,215.42497656853783,260.7812958926423,252.5448072248952,290.8001746259563,221.42484957327417,335.1991973791975,361.5885372202988,140.7645407437546,162.70568060278268,164.05489838793108,192.06074870819816,203.164414293575,160.207595317239,161.90569800123512,182.87090574638137,199.31509482153533,-1.0713976736098254,25.305495713934647,-41.304362414423004,-11.300950216469603,-17.51348968561181,-14.515829277168466,2.402410958924565,0.05189407849728313,0.48844791404134397,0.5771165950074045,-0.05718801808602863,-2.01776527691865,3.020062794054799,3.653183654154646,5.331242135094933,1.242563648394754,1022.0726498116464,3709.7651518700636,2099.609366201083,-168.4257417848625,-785.6581069148358,-101.24019642911276,-2.685203874514005,-28.46695913921548,324.56149712344734,231.79233484882425,130.27249548644963,-710.2208753462854,427.1175486642667,-326.0159823805873,160.66606934139202,22.2983805849694
50,swing,stance,0.25125628140703515,0.24363174203725962,0.39490744253305177,-5.179373201810947,-40.62545871202073,0.020615248460036054,-0.013582026554987848,1.2252600567158212,-188.4153645799995,0.23464122596153847,0.5175296818659821,19.618291372445217,-1083.308566147914,0.013825401893028846,-0.02843097393329257,-7.6530412480279955,-463.7888205425704,0.23498683518629807,0.9077730618990338,29.02602029653611,-3798.4618898243502,0.004766902043269239,0.0516625272310686,-5.162546792837483,1901.2566679218173,0.2344356219951923,0.8440047137920634,29.42929633037773,-1688.4355035211756,0.002654926006610575,0.13641822228064812,-13.796446831336441,-1203.6864622497237,0.21442345252403847,0.2898912916917043,-3.033401794434181,962.579174729613,0.024064115084134613,-0.06851930119441076,1.27629706514808,351.980935255202,0.2182627892127404,0.1995942195012012,-6.712714580829468,23.790683016273746,0.014211904672475961,-0.09459862342247566,2.769942993164187,-131.449998578586,0.20697975510817307,0.027642418494589753,-1.5381754854642304,325.68816057650673,0.006447096604567312,0.1370899892953715,16.701372950627096,-994.065755206737,0.21565611853966346,0.0,-7.0499864689752485,-178.5411211430423,0.0016168964092548033,-0.061311119666466574,-1.4795154630220235,-553.6051238426812,0.21907525165264424,-0.03816832557091529,-9.026206369253359,324.13418128150977,0.001890728290264418,-0.04166637244591403,0.5743290311374666,-756.5844193748899,0.2742743201622596,0.3577332200270421,6.956465101975581,-560.0985373252977,0.00703296837439904,-0.10166572453425486,-6.64810488891591,1855.5345271172102,0.2519156963641827,0.3852541785606945,-7.1578242281407265,-1177.897805854131,0.025220045823317314,-0.09897632070687956,5.737851941622108,1383.8093123180208,0.23828526893028845,0.43179950420672875,-11.908263446514688,-2874.6766982092863,0.02937935227614183,-0.1627311213566705,2.3255305727446314,3004.877963425839,0.2228096454326923,0.16606566443810192,-9.063763657789973,4841.625990851752,0.03374393873948317,-0.111379251333383,-1.192257983867745,1329.4154120547846,0.20596390474759615,0.3953540414663462,-0.18053528301574462,-1512.4843478698783,0.030382296048677884,-0.07790021456204985,-0.5303107734091622,1296.6430987085366,0.19108159930889423,0.3657551832932676,0.8716265775236156,-823.1835320175747,0.02443291766826923,0.028286156287559847,2.8144725506121926,-1170.918773841847,0.19108159930889423,0.3657551832932676,0.8716265775236156,-823.1835320175747,0.02443291766826923,0.028286156287559847,2.8144725506121926,-1170.918773841847,0.23692385629507212,0.010465619600736178,0.2148794734074519,0.00964614821213942,0.23072173915765223,0.025031919821714748,0.19108159930889423,0.02443291766826923,37.06095002710769,124.8760021450263,163.1875000372731,75.3724479193545,111.29051067680518,103.24463139937869,63.64017481022064,146.31603027760667,175.4210630116434,39.125789712227764,157.84370770546215,178.78053426902665,152.96458365669838,169.49573764446782,21.789647012117197,18.605285966584862,178.71917868424302,157.58972396788397,165.19044059077018,19.89537079051793,7.336764378881469,-33.279285049504544,-49.87997736936795,-31.398870249783858,-10.805397514262603,-9.87007881931219,-3.4168416756209314,-18.123624484494965,-0.8649898265410352,0.03759357201925457,-2.2573905594709727,0.9323339387563669,1.440688152885078,4.787572374795646,-4.940797478985367,-4.553300316263225,1.942571534426782,-2.5205141357909184,2.5523091747399933,2.5207517222801665,1708.9150403188182,-569.0646021478514,-2611.261472593499,5120.847402173353,-54.661537054215756,-490.07931248072526,81.86333308916049,-622.4293057121736,-190.92740461640574,-5.882437922380747,-198.51117466864312,108.69920510546764,227.26582111686915,67.65737890535088,-239.01770509707984,-40.90297604236185,-269.7483218678315,190.90146824822116,-284.4620085962112,89.1117673894681,217.06095002710768,272.1849478820814,255.37244791935453,291.2905106768052,214.5351420761839,330.8949672659632,364.5789369883567,140.87421028777223,163.0305025823101,164.24996831328346,191.28538465658502,201.7896470121172,161.39471403341514,162.6755353491721,185.08581138128815,199.89537079051794,7.3367643788814245,40.6160494283861,-31.398870249783858,-10.805397514262715,-20.67547633357477,-17.258634657953884,0.864989826540991,-0.037593572019232475,2.219796987451696,1.2874630486953293,-0.15322510418974855,-4.940797478985394,4.553300316263213,2.5525467612291863,5.073060897020105,2.5207517222801554,1708.915040318815,2277.979642466657,5120.847402173346,-54.66153705421805,-544.740849534948,-626.6041826241039,-4.174876911939143,5.882437922378549,204.39361259102165,55.905494925129695,-171.36032619173065,-239.01770509708152,40.90297604235964,-4.448772958510384,-195.35024120674476,89.11176738947084
51,swing,stance,0.2562814070351759,0.2458549053485577,0.3399159780649013,-0.7957682917664073,1646.8110581196056,0.020503807654747602,-0.01319896052433831,-0.9545965775709969,-279.20290493952314,0.23750662935697114,0.5553224158653807,11.399938561073606,-1545.876402958687,0.013539663461538468,-0.07691498741736712,-7.49007608266989,529.6016936610126,0.2399521296574519,0.9566373384915832,17.936022329478547,-3502.3178356063972,0.005246985802283652,0.04776833402193389,1.6203552950346958,715.2467201526612,0.2382758976862981,0.8844658297025209,49.29580047607495,-233.33739104509883,0.002806133563701921,0.06470078688401436,-7.391162827711598,1185.4549551638092,0.2160287898137019,0.28694448617788176,2.323345928486068,796.8028835097819,0.02368874887319712,-0.05934346829927866,0.8023222245435913,-440.1692602462773,0.2187836162860577,0.14651061072716295,-1.5021056142951048,791.7339510474468,0.0137855694110577,-0.07417372952974739,-1.8144632615310505,-865.0947235987819,0.20712118765024037,0.01970641150841283,0.6224841684198753,685.6008651498793,0.007348200871394234,0.21528310922475874,3.649843329796678,-2964.8814963331783,0.21565611853966346,-0.060866389347955366,-6.0562057401216,1304.0661248051308,0.0012820105919471164,-0.047016216571514224,4.737796170748136,594.582077871467,0.218691650390625,-0.0907156419020442,-1.4307095806413066,1796.2150674814204,0.0015742657001201893,-0.04598941274789597,2.613113424447936,275.5445786825196,0.27635107421875,0.38489727313702055,-2.436947429949984,-1710.709206749612,0.00618073918269231,-0.08479680457481925,10.115739591158315,2188.2803436584313,0.2535917780949519,0.30942765925480314,-6.235253605768557,1139.1593220004806,0.025019132173978373,-0.0293550039438108,7.535814166729029,-484.12004965206904,0.2401586162860577,0.2899641676682678,-16.661677499624076,1570.092580305862,0.028706533578725962,-0.07241349440354546,14.008031951904162,-222.13579029377655,0.22312128155048078,0.19847865647536098,33.76474610314018,3687.1673726970607,0.03332730806790865,-0.08190699181189767,2.278723407451837,10.07774072556047,0.20815681340144232,0.359738243689902,-5.929403409517702,-226.93647633004312,0.02997402719350961,-0.0426072199894823,5.280517582820131,-3.46407884512122,0.19307893254206732,0.3289733698918262,-3.621117581880634,21.44121432026851,0.024717200646033652,0.028286156287559847,-2.8144725506121926,-1001.7662776060729,0.19307893254206732,0.3289733698918262,-3.621117581880634,21.44121432026851,0.024717200646033652,0.028286156287559847,-2.8144725506121926,-1001.7662776060729,0.2403973905123197,0.01052414762056791,0.21525627253605767,0.009535759089543272,0.2324097493489584,0.02465415680714143,0.19307893254206732,0.024717200646033652,39.83491401099567,113.40419154218088,129.09031629015874,55.52103875897346,105.54528882872968,103.35230898357644,64.30085648933952,139.09736529518224,174.50062397221566,39.61533982917274,155.73426830507233,179.82481185174254,152.19522232335868,173.4095081003848,19.220849590268887,16.67180626083627,179.94974496144215,157.31498679685654,165.7444169272453,20.21853497650402,16.103627857232652,-32.09613562018613,-38.038322854923464,10.161440622495338,-11.850312397918989,-11.13795969507921,-2.174913342220622,-23.173811147773193,-2.360452396995528,-0.11101405761668788,-2.4316410181434978,1.0037856417020048,2.9183832172830826,2.64055091617279,-4.419953267844086,-3.431147980410185,-0.17732438772924752,0.24054924014741524,1.2297638274417626,2.1381593005502437,1139.353888378286,649.0550490906581,6189.362773344682,8882.088372358088,-385.08400485043137,307.35805832107195,6.661022352017972,103.69767833584933,188.08464721721546,-66.18211389766026,18.905065447206233,-168.60042343513743,238.70224865614622,-610.2231890822599,275.0753683895492,339.82828804236095,-577.5602669305911,495.68031176335614,-214.9764919593585,-31.393618814928498,219.83491401099567,286.4307224688148,235.52103875897348,285.5452888287297,208.89759781230612,324.5967413229666,365.4993760277844,140.38466017082726,164.6503918657549,164.8255800140124,192.6303576906537,199.2208495902689,163.32819373916374,163.27793870060586,185.96295190374929,200.21853497650403,16.10362785723261,48.199763477418735,10.16144062249527,-11.850312397919033,-22.988272092998244,-20.813358750777578,2.360452396995528,0.11101405761666579,2.5426550757601634,1.1389808656117255,-1.7794023516712687,-4.419953267844103,3.431147980410174,3.608472368139466,3.367923127991962,2.1381593005502437,1139.3538883782935,490.29883928760944,8882.088372358092,-385.0840048504224,-77.72594652936397,-84.38696888137973,-188.08464721721109,66.18211389765585,47.2770484504584,-96.44557203655992,-335.1478206927105,275.0753683895536,-339.82828804235703,249.31020098907578,-246.37011077428042,-31.39361881492629
52,swing,stance,0.2613065326633166,0.24704798302283654,0.3869097712590175,11.371491703913804,-393.5452564580694,0.020482595590444713,-0.023175962007962733,-1.5807992894100515,121.96424996537223,0.24022235576923076,0.6321019287109435,4.081845111553823,-4043.3616268148057,0.01305238694411058,-0.10370812049278927,-2.330411160982619,1210.0966268416419,0.24460128079927884,1.0880345928485677,-6.173153930664017,-9028.15721009506,0.005246985802283652,0.06794750507061335,2.0258624549279873,-455.58417986006344,0.24332472581129808,1.3394398944561354,27.08419692288929,-14923.991654820524,0.0033051851712740388,0.06213517878605887,-1.882326678936297,500.84382682679427,0.21730731670673076,0.3132415020282478,4.974667386568687,31.227583927946835,0.02346769831730769,-0.060455761249249,-3.147514595618545,-240.02967687811633,0.21973525766225963,0.1844976806640644,1.24441055532581,86.72684446359456,0.013466440054086537,-0.11283443509615464,-5.924476339486925,246.24096911975002,0.2071778094951923,0.03389854079026692,5.3522854708159935,876.7033189273801,0.00861074594350962,0.17377183180589104,-13.096431032621053,-1029.0395392210173,0.21504439603365386,-0.06086638934795604,6.0562057401216,1221.1502295649336,0.0011443716195913417,-0.013695077749399676,4.496183812068123,-399.6131756098688,0.21816353665865384,-0.05254731633112949,9.026206369253458,910.6873661287567,0.0014285231370192303,-0.015403925969050235,3.3436212792030022,-339.76647299899844,0.27814263446514426,0.33324128605769543,-10.23659225229195,78.0319603129787,0.00618073918269231,0.0,15.344662384033242,-319.23174660081435,0.2550255220853365,0.3225883131760856,4.29101317889933,992.5672751721859,0.024925020658052882,-0.023239494910607585,0.872323804415363,-642.1680688423478,0.24119948167067307,0.2643454589843755,3.8715614811824834,3196.461410794743,0.028651578463040867,-0.021946880634015002,0.09301006727953096,-2122.4628456015776,0.22480440579927885,0.5054098463792107,27.993194861778633,-5107.430449310424,0.03292075289212741,-0.08847750854492223,-1.090974157480202,-216.35461732128516,0.20957936448317308,0.33576204740084137,-2.461303889347846,87.04134027334842,0.02995408278245193,-0.02482968609149553,-0.5651256361741998,-1240.1957258054563,0.1943878643329327,0.32936204176682893,1.087116168682094,77.73596425680924,0.024717200646033652,0.0,-7.253530239398635,-456.62941593345283,0.1943878643329327,0.32936204176682893,1.087116168682094,77.73596425680924,0.024717200646033652,0.0,-7.253530239398635,-456.62941593345283,0.24379908635066105,0.010521788377028246,0.2154856633112981,0.009623555814302884,0.2338565454727564,0.02455822910406651,0.1943878643329327,0.024717200646033652,47.428424224736574,108.13546875594244,117.38581094653198,56.67876641532614,103.64535518545269,97.49505502908457,64.64524788134935,131.2899249463491,174.7947626131612,39.036525036851984,156.04804493381647,179.5107730998313,154.37847097074606,172.00585934994282,19.0203266088114,16.51047176091829,178.7854968756499,158.14978099930616,164.62255173857537,21.93169862555028,18.787557226904493,-26.75611872698534,12.324673619021087,57.86834957291089,-14.675588517784544,-6.78105310754261,-3.349896727359444,-17.081436762526625,1.025308135441038,-0.6275533013240674,-2.067389901710105,-0.7621426786822076,3.839705727318719,-1.3453239978904088,-2.1762209122562166,-1.1379406374455117,-3.8620542638706405,2.4611975402227326,0.3917414163544716,2.2052379653462104,-260.11615968358825,1268.3321396134484,6997.091741719786,5468.643442422754,-350.2014120715707,745.2612468044547,-191.95651130100805,1147.9388058278792,560.9224597939696,-87.92024961456458,23.634464826894828,-342.6181743623092,38.457496341713615,-501.7514580909965,347.96677544282306,424.64015952160065,-582.8917587865437,241.63774887871304,-211.48421905225473,133.88718048890956,227.42842422473657,299.2929554687941,236.67876641532612,283.6453551854527,201.14041021453724,316.4951623331879,365.2052373868389,140.96347496314803,164.9154300293316,165.40465692950028,191.0261859587542,199.0203266088114,163.48952823908172,164.7040313634318,186.55425036412564,201.93169862555027,18.787557226904525,45.54367595388973,57.86834957291091,-14.675588517784565,-21.456641625327176,-18.106744897967754,-1.025308135441038,0.6275533013240453,2.6949432030341947,0.31816081717210987,-3.521544910146653,-2.1762209122562,1.1379406374455392,5.058176921923426,2.5969793817006934,2.2052379653462215,-260.11615968358404,-1528.4482992970297,5468.643442422767,-350.2014120715619,395.05983473289496,587.016346033892,-560.9224597939784,87.92024961456677,64.28578478767194,-115.32718630644942,-153.78468264818503,347.9667754428291,-424.6401595216012,164.04071031535904,-77.59703856333641,133.88718048890956
53,swing,stance,0.2663316582914573,0.24974344576322116,0.45420232684795386,-4.750996999887681,-1877.2809873703295,0.020270883413461546,-0.02908639056866033,0.2711747788648966,281.7049966019996,0.24385941256009616,0.5963459848257203,-29.236861708421653,-3388.3593539733843,0.012497370793269236,-0.10033620511568474,4.671699061467133,876.490571762071,0.2508871506911058,0.894595590444709,-72.79922601318476,-5021.055100163299,0.005929875300480766,0.06812876070462709,-2.958380180945811,-375.6929943190344,0.2517376051682692,1.1566688138521601,-100.69406540151724,-12285.96380353477,0.0034306077223557746,0.04578293081430296,-2.3575565279448556,363.8624019481963,0.21917694561298076,0.3369411433293255,2.6371909930885464,-1712.041189002357,0.023081153282752412,-0.0909767808180578,-1.6100363370455018,788.2143729417965,0.2206378643329327,0.15901724947415594,-0.6304790367715473,-527.2799745952182,0.012651554987980776,-0.13371620530348494,0.6603203477126515,1367.853274914057,0.20746187650240386,0.07349822528545763,9.433572800855798,396.5792160339157,0.0090946514423077,0.08366068678635707,-6.692262592022523,1178.7857940228025,0.21504439603365386,0.0,6.21666088867162,-324.6336746262639,0.0011443716195913417,-0.0018284395658047434,0.7215833505484761,-575.6475801520837,0.21816353665865384,0.0,7.721927264873775,-373.97251724244626,0.0014194523737980774,-0.012385178786056975,-0.8016249976525274,-492.9166824470083,0.27970023287259616,0.28201694899338353,-1.6527066227843743,1498.313536679973,0.00618073918269231,0.06942090782752386,6.907380328838594,-2214.0782499307384,0.25683387169471156,0.3525534198467559,3.74029689847445,282.97222971747783,0.024785569411057695,-0.020587930532601183,1.0818637261024622,28.841115724966166,0.24281535456730768,0.3288743333082925,15.463562809870618,498.1058633071046,0.028485961914062496,-0.07147871985802254,-7.323252928513562,296.97191818764674,0.2282007774939904,0.47981729830228,-17.566213186411467,-5147.556414677439,0.0324380868765024,-0.09287155620868355,0.1043051429163222,606.4219201190665,0.21153130634014422,0.33500152118389365,-5.054616070087071,-95.27373058612358,0.029724482609675487,-0.048286874624398846,-7.1837610684909015,-524.9490056527973,0.19638910381610578,0.33989916053184716,-2.8398516094503954,-94.27474389637737,0.024717200646033652,-0.044613645113430966,-7.403712911752391,235.2706152871743,0.19638910381610578,0.33989916053184716,-2.8398516094503954,-94.27474389637737,0.024717200646033652,-0.044613645113430966,-7.403712911752391,235.2706152871743,0.24905690354567306,0.01053218430739183,0.21609692382812504,0.009478236741286061,0.2359117744641427,0.024388673440004005,0.19638910381610578,0.024717200646033652,52.876695669463814,95.93778864640107,151.85358154832633,108.79248857138907,97.9737858063847,97.13330409404847,61.46339253050771,128.60375320873058,174.96005583880512,39.13294593258428,155.65383645139593,179.65459406159536,155.6218013009254,170.94779330470917,18.298217071980588,15.959873215191172,177.92924930484944,158.8902866674173,166.2481302426771,20.972460569864996,13.489395096593592,-19.349078940654074,32.28420721261161,65.12268124985933,-15.369924579542792,-3.6478969131249426,-4.104124511074962,-11.636737722367451,3.2769592592252335,-0.9946346567580345,-2.194108708325461,-2.4396130956076125,3.304890718204825,-2.4021773058472418,-0.9227997458056871,0.8365923162892901,-6.0355330187497485,2.669069329380696,-0.8957057107718386,3.4837591044588736,-1467.9552765220233,1248.6906884258656,-1516.653094208957,-4233.299059156838,64.03623101292933,681.2074981515306,293.6991995464138,798.5883355803863,347.0438059623428,52.51946329578509,-143.34435579294805,-137.3986273041828,-303.62081195449196,182.03664452168337,179.31076708483914,290.0296115328309,-155.229959898327,-84.73653874137081,-262.33408347177397,206.48185952822215,232.8766956694638,316.9389070230627,288.7924885713891,277.9737858063847,195.10708990043315,313.64369736992546,365.039944161195,140.86705406741572,165.21321761601982,164.86781167761515,189.24601037668975,198.2982170719806,164.04012678480882,166.11087747995938,187.22059081254204,200.972460569865,13.489395096593592,32.838474037247686,65.1226812498594,-15.369924579542747,-19.017821492667668,-14.913696981592773,-3.276959259225322,0.9946346567580345,3.188743365083495,-0.020086333448059792,-3.3249770516530175,-0.922799745805643,-0.8365923162893066,5.2571227230676865,2.588053393687079,3.4837591044588736,-1467.9552765220287,-2716.645964947872,-4233.299059156838,64.03623101294454,745.2437291644665,451.5445296180571,-347.04380596233835,-52.51946329578179,90.82489249715745,57.72659965203334,361.34741160652527,179.3107670848375,-290.029611532832,-140.5887626849216,-55.852223943550776,206.48185952822325
54,swing,stance,0.271356783919598,0.25161283052884614,0.3391610576923069,-7.495653897798131,923.2486987633595,0.020190270057091342,-0.02045058734600396,1.2504067065899565,134.99270137610912,0.24621578275240386,0.33826412259615174,-29.972017742450188,4214.5213463064765,0.012043982872596157,-0.056756371131310344,6.478539308987981,-1108.8752255014156,0.2535921912560096,0.35638408015324025,-56.636019258938596,11319.388682046862,0.005931696965144229,0.038215040940504576,-1.7499465332030286,108.79705040330926,0.2549495380108173,0.32743923715445034,-96.39282622821446,15580.45540818888,0.003765315129206734,0.03844114332932655,1.7745818833571494,771.3472226773874,0.22069365985576922,0.3397459341195901,-12.231776724007842,-1495.5940729134952,0.02255335881159856,-0.07663703096829934,4.774237896258841,593.0558482067349,0.22133342097355768,0.17816120793269205,-4.054885671761833,-649.3413482665916,0.012122558593749999,-0.10619804969200736,7.822792755126772,520.4165660423893,0.20791648512620192,0.1287083176832904,9.338006234975968,-518.8995862543159,0.009451556865985575,0.10651291128305132,-1.2493376253566553,-251.3376512122118,0.21504439603365386,0.0016126145582916682,2.793555743877728,-348.1283615862906,0.0011259953425480779,-0.006442983774038076,-1.289219003530733,-108.7045516357559,0.21816353665865384,0.025059992863582157,5.2676886080228265,-598.1710300527734,0.0013040489783653908,-0.023460458608774163,-1.6103152278021275,-176.3581502286317,0.28097697566105767,0.3166311692457921,4.821835252029449,399.24318053969375,0.006878436748798081,0.06942090782752386,-6.907380328838594,-1657.2911684840283,0.2585687725360577,0.36017923677884406,7.134955186110175,-350.6628278173966,0.024718106783353372,-0.012366492638220985,1.1621842639627629,-17.42676780819573,0.24450475135216346,0.4197581505408648,8.877650559645868,-2599.807360529982,0.027933199368990386,-0.09554741257887524,3.07765246112524,1674.6069377711083,0.2296266902043269,0.3288649902343711,-23.741040461612933,614.1548170871285,0.031987370417668276,-0.08742921565129085,5.003718507033055,847.1684624457381,0.2129462139423077,0.2849618858924284,-3.418828819861655,1166.2614608952074,0.02946878756009616,-0.09702828979492199,-5.840995039719924,1220.044869292634,0.1978039362980769,0.3008208195612972,0.1396313054019154,1008.181067136325,0.024268822303185097,-0.07440917499248667,-4.889001442542601,785.7585306630853,0.1978039362980769,0.3008208195612972,0.1396313054019154,1008.181067136325,0.024268822303185097,-0.07440917499248667,-4.889001442542601,785.7585306630853,0.25159258563701925,0.010482816256009615,0.21663029972956732,0.00931150371844952,0.23740455666566507,0.02420912053034856,0.1978039362980769,0.024268822303185097,56.474879015738914,96.12091722551388,161.715243289039,122.06920507926405,93.50977398237526,97.74929286027569,60.690655524357524,127.30127348428815,176.73286216599465,38.524078415287455,154.35270088649668,177.63414224383854,156.17113832981224,169.63339051581823,18.952834096423885,17.35141411186653,174.06793334876664,160.2661697737878,165.36346485777827,22.951017907800786,4.0342378648740445,-14.206463566926335,-2.9180710463956316,15.322630385404793,-14.032008306599321,0.0652534065431542,-0.3981459781492422,-9.055423339608135,4.513185582298769,-0.09971949935637577,-3.5080366935990366,-2.143033405357418,0.7882402805398924,0.48419001740289913,-0.3741026500970214,1.7769298302211434,-5.4221543633513205,1.6095740352843289,-2.244782035623168,4.280432533469055,-1027.7448919516746,741.3997768274185,-5073.677475869514,-6842.822144648611,386.7692912515164,548.0334642055036,871.9470590268185,449.7900551348517,-159.54157392788724,157.39342779757973,-88.73927124787646,170.49530776693848,-442.09270883835114,500.11471296858184,120.35619907793873,-47.8711921312354,498.20480381471964,-326.13327950120026,-153.60424614907384,23.614802916363505,236.47487901573888,320.353961790225,302.06920507926407,273.50977398237524,191.25906684265098,310.56841131829344,363.26713783400544,141.47592158471255,167.12322069821587,164.7573629420544,188.58622461224212,198.95283409642389,162.64858588813348,168.58065253936684,188.31448276557904,202.95101790780078,4.034237864874022,18.240701431800446,15.322630385404814,-14.03200830659919,-13.966754900056124,-13.56860892190686,-4.513185582298725,0.09971949935638681,3.607756192955379,0.8983276478458143,0.11008736730587773,-0.3741026500970214,-1.7769298302211267,3.645224533130238,2.0356504978459093,4.280432533469077,-1027.7448919516767,-1769.1446687790929,-6842.822144648624,386.7692912515164,934.8027554570067,62.855696430201455,-386.9343587046502,-157.39342779757754,-68.65415654970106,178.3782032081694,620.4709120465337,120.35619907792993,47.8711921312354,-456.1227227339007,-129.9894432327092,23.61480291636461
55,swing,stance,0.27638190954773867,0.253152099609375,0.37886912184495725,4.527884394718987,116.06745353331941,0.020065349872295676,-0.01651948899489187,1.627885345458964,79.62293911508753,0.24725905198317308,0.2951196758563704,13.120136746920007,5118.807797720172,0.011926955003004808,-0.035225257286659525,-6.472775566687844,-1531.2615976844093,0.2544689002403846,0.32538936673678104,40.963474308894746,11358.016167379536,0.00631394606370192,0.05054135836087798,-1.8649424884502357,298.86351798422885,0.25502845177283656,0.18789669095552813,55.89342613807018,18049.876505967426,0.003816950871394234,0.06361792461688745,5.3946768657977655,-378.245960303677,0.2225914776141827,0.2140087139423115,-12.3939052170974,2779.0329725528854,0.02231093186598558,-0.04299449040339587,4.350323946439297,-327.9590053200151,0.22242842923677886,0.11826462965745392,-7.15652273794335,1418.5610992900606,0.011584237905649039,-0.05509517258864267,5.890637594369852,-1055.5496860034464,0.20875542743389422,0.16734753417968887,4.218501582219435,-598.6890231511024,0.01016513296274038,0.07110452974759666,-9.218269136868884,-267.28443873949635,0.21506060321514422,0.028075937124399396,2.7178833852917994,-496.32988696994306,0.0010796180138221145,-0.014785414475661411,-0.37092470609229167,70.60430927805655,0.21841539588341347,0.0529415940504809,1.7101581186147206,-831.7304181401224,0.001183668870192306,-0.028569251427284458,-2.5740687185433058,-15.798789499119954,0.28288245567908654,0.3304776047926747,2.359787653996485,-552.9946319769591,0.006878436748798081,0.0,-9.748812319242163,404.5618596742954,0.26045376352163463,0.42426151216947156,0.21604737267145377,-2886.1650451401524,0.02466128305288462,-0.008907686673678892,0.9067203310452179,4.763686529343117,0.2470340294471154,0.4180969519982011,-10.665154381385596,-2119.9792536927234,0.027525686410757214,-0.0405475393442009,9.50696755159815,889.3525253912239,0.23150595327524037,0.24121387657752585,-11.393802964430249,3299.597536623403,0.031559401292067316,-0.04258292799729585,8.618561046893626,-76.28835854456304,0.21439524489182693,0.3006414325420678,6.666604642427627,1035.024209482058,0.02874932391826923,-0.10699034236027773,5.077996411837132,1491.149507132336,0.19941242863581732,0.341302490234379,7.2926214270956295,639.0739850674184,0.023969369741586546,-0.09374933800330656,0.49335774817814854,1099.6345986222846,0.19941242863581732,0.341302490234379,7.2926214270956295,639.0739850674184,0.023969369741586546,-0.09374933800330656,0.49335774817814854,1099.6345986222846,0.25247712590144233,0.01053080045259916,0.2174502666766827,0.009264717923677885,0.23928064590845355,0.023890583527393833,0.19941242863581732,0.023969369741586546,54.09153682459484,91.99299752190757,140.5322050996658,102.63074440235307,89.12915717224355,96.79628932663068,61.16552885394574,122.98342503486116,178.2235073899327,38.40954419979217,153.63926555500677,177.4869843954792,156.1117898358029,171.63218935861528,17.694195446262093,17.276086288675476,174.240859169143,159.8094444887466,163.4561623935803,25.217447659854606,3.1603007051194307,-11.897824902187525,-18.707526213212862,-3.6494006059059063,-11.482796024251153,1.8599770989906945,4.659162514320237,-7.116234655685505,1.6735263554273647,0.587208838695035,-3.0859606806659317,-0.7260924145328465,-1.1382520841906834,2.624101216450085,0.28681029517862683,0.35547480743265086,-1.0284495633254087,-0.6086520726414314,-2.4394669786017333,3.7210938071358948,585.6390201350423,149.61844325622454,-113.05156187125344,322.9690150075622,322.0393634301747,345.21074614061865,843.9290563554382,142.70773548049445,-636.5114222972784,51.54707835867289,441.80008211387053,137.4805492171494,-128.16637606498065,157.90651951875486,160.5796845074337,-524.5052955090766,886.5696237480549,-545.9213037800595,198.95883667781786,-335.2228367505072,234.09153682459484,322.09853930268724,282.63074440235306,269.1291571722436,185.9254464988742,304.75991764492846,361.7764926100674,141.59045580020782,167.9511902452011,165.4381746406803,189.3263848048774,197.69419544626209,162.7239137113245,168.48305454218152,188.6736100534349,205.2174476598546,3.1603007051194085,15.058125607306977,-3.6494006059059725,-11.482796024251108,-9.622818925260525,-14.281981439580695,-7.16574678389519,-0.587208838695013,2.4987518419709187,1.7726594274380725,2.910911511628756,0.28681029517858264,-0.3554748074326674,0.6729747558927855,1.281626828534217,3.721093807135906,585.6390201350445,436.0205768788088,322.96901500755547,322.0393634301551,667.2501095707803,-176.67894678466013,-319.3866822651545,-51.54707835867399,-493.34716047253573,190.31982796120627,318.48620402619576,160.57968450743647,524.505295509075,-682.1853038527499,-136.2640000726905,-335.2228367505083
56,swing,stance,0.2814070351758794,0.25542056039663463,0.3846674335186281,-6.329146827111511,-594.4525795968938,0.020024245042067304,-0.004089930607723027,2.0506372504601775,103.496871022159,0.24918180964543268,0.4701247934194675,21.47328675724969,-2313.301677891588,0.011689960186298073,-0.12180939190204201,-8.911024486835124,1587.0846039064536,0.25686243614783655,0.768077289287858,57.51489699613134,-5678.536339975239,0.006439650315504808,0.019471900353065147,1.2537069138746282,1087.3415124135993,0.2568379469651442,0.8891822134164584,85.01296780160773,-9032.856147486616,0.0044046912560096185,0.09265900127704242,-2.026885054368222,-1191.2268782595056,0.2228445012019231,0.2151840726412251,15.698202899639062,2740.3869874666743,0.022121253380408656,-0.032915182260367,1.4781674910325806,-246.54621505266286,0.22252201021634616,0.10623635629507093,10.202009798489936,2276.968161994347,0.011568838266225956,-0.04699566180889367,-2.7857468026967385,-605.2471857710805,0.20959836989182692,0.1711053185096161,3.321031127929752,-295.08956826787056,0.010166175255408652,0.01386699030949533,-3.9356133915827307,993.9825063159562,0.21532656625600963,0.028928025465746757,-2.1946843261719176,-147.3690364756029,0.0009773982121394215,-0.010170870267427917,-0.5796279555100688,-66.45111461463088,0.21869561298076923,0.042247511643629485,-3.091411071777342,-514.1081500948376,0.0010169208233173077,-0.04933049598106852,-1.7690970318133823,609.7611256279234,0.2842983586237981,0.34034762807992747,-0.7358997427138215,-1117.4406113774417,0.006878436748798081,-0.02855710543119068,-2.8414319904034917,1252.7293088097372,0.26283270733173075,0.3623505671574516,-21.871728684644932,-595.1000709698665,0.02462858229417067,-0.003253725492037951,1.210060510488824,187.54125122659025,0.24870673076923078,0.31257066932090977,-12.4286735980698,1286.6208572435587,0.027525686410757214,0.0,12.01586879671537,-118.07930172787923,0.23205095027043268,0.21435440767728395,9.420743826059235,2823.395381474373,0.031559401292067316,-0.0008105116624107615,4.237001335730919,-808.0738583367886,0.21596773587740384,0.35196293757511765,6.983424541767,374.54600960133365,0.02839350773737981,-0.04599314997746372,9.14543216764014,-220.74368384200793,0.20123411207932693,0.37411349722054926,6.562485426682461,-1475.5403401066148,0.023326617901141822,-0.0694508056640631,6.16260256371144,-934.1080540747707,0.20123411207932693,0.37411349722054926,6.562485426682461,-1475.5403401066148,0.023326617901141822,-0.0694508056640631,6.16260256371144,-934.1080540747707,0.25457568828876204,0.010639636699969951,0.217797412109375,0.009170117187499998,0.24084843249198717,0.023718705397385815,0.20123411207932693,0.023326617901141822,53.182773116112664,87.53843864853887,123.66618773857564,89.31052220614946,88.24953595846851,97.94479577018399,64.25531002490449,121.26691023387242,179.32788853012437,39.58766024356537,152.00244406376586,177.976269113208,155.2501761439232,172.157906848184,18.97808181376953,18.2639244089185,173.1070560297942,160.01117993282008,163.53663406300902,25.08120556545822,9.920057162713626,-12.702760619627606,-4.054267648116764,18.56855013422449,-10.795431789713165,3.5347081416247255,8.083553080699325,-7.62117474181423,-1.883914139281875,0.4183415896755091,0.9321651366910899,-0.7613193428735137,-0.4998640015202061,2.071190213571279,1.2397635258570754,-3.4944801748951693,3.4880931115034426,-3.877072233861961,-0.24519573735365513,0.9113587972830753,927.7919646147282,-81.14986855253026,1797.162683613536,2806.1045167807924,85.90569050210361,259.9402900261377,423.3480253568605,-215.41024376717033,-459.5334141232138,-16.297529596788536,624.2814556145328,-83.2098378770102,172.77443387736955,-280.6732911297218,250.2260362355358,-385.0844163887552,599.8468118825522,-374.6953504254894,317.6614641487591,-477.84948483083747,233.18277311611263,325.6443344675738,269.31052220614947,268.2495359584685,186.1943317286525,301.93902170374804,360.67211146987574,140.41233975643465,168.40989569266875,166.38616480587675,191.13598866195355,198.97808181376953,161.7360755910815,168.6290195612873,188.61783962846724,205.08120556545822,9.920057162713626,22.622817782341208,18.568550134224445,-10.79543178971323,-7.260723648088527,-15.344276728787854,-7.723101986973623,-0.4183415896755091,-1.3505067263665549,2.8110897379081763,3.3109537394284265,1.2397635258571031,3.4944801748951693,-3.2109091739325297,0.6661630599294313,0.9113587972830863,927.7919646147305,1008.9418331672452,2806.104516780808,85.9056905020969,345.84598052824794,-77.50204482862361,137.9081989385466,16.297529596786337,-607.9839260177465,142.32717898317475,-30.447254894190372,250.22603623554457,385.08441638876116,-534.8833711075699,-160.18802068208495,-477.8494848308396
57,swing,stance,0.2864321608040201,0.25701810396634617,0.31525960599459,-1.4465133901744442,1375.3641748400003,0.020024245042067304,0.004089930607723072,2.6680549034706167,-22.34307730397248,0.25198392427884614,0.5109316030649109,-10.129126347467915,-3267.9814578718583,0.01070274000901443,-0.124783292330229,9.477823467547939,2075.1451010566207,0.26218826998197114,0.9034285325270484,-16.107242675781265,-9711.44560605575,0.0065096435546875,0.0631414278470552,9.063112912691514,110.50827760316604,0.26396495643028844,1.0422983774038508,-34.88904770601681,-14058.036692683396,0.004748197115384614,0.04324722055288513,-6.577452563946062,769.6082458472505,0.22475413161057692,0.3717795973557701,15.147672546386882,-1161.1000296654329,0.021980126014122595,-0.028138535719651275,1.8724725388748356,145.05656728655865,0.22349613131009616,0.22079739145132307,15.727579392653205,-368.2375936537652,0.011111919696514427,-0.0830926278921276,-0.19224869478676274,137.4346688396789,0.21047507887620193,0.20072473144531466,1.2527772780197184,-879.3487836797118,0.010304499699519229,0.03155062631460422,0.7715047959548409,652.9118006943813,0.2153513371394231,0.006018808218148874,1.2367875413158842,780.5600999262797,0.0009773982121394215,-0.02061082106370233,-1.0387751042292883,261.72526280917174,0.21883999399038462,0.02187213604266828,-3.4567579627404537,91.05578678542048,0.000687884990985585,-0.04634912109375069,3.5541838003303234,634.8930407738391,0.28630303485576925,0.3230816274789679,-8.87077125431956,-470.55973032787307,0.006591430664062495,-0.028557105431190995,2.8414319904034917,1214.4810684239587,0.2640954777644231,0.2044451434795718,-5.764857863206627,3882.913264606095,0.02462858229417067,0.0032537254920379866,2.7915570267898517,254.99135253081468,0.2501754432091346,0.293185659555288,2.265708505484398,1792.8111128352905,0.027525686410757214,0.08021496112530083,8.320240901066695,-1881.4480568489828,0.23366026893028846,0.3358947190504834,16.982030015211816,-480.9195922945836,0.03155125544621394,0.0,0.4972157369761172,-241.39865863801072,0.21793256084735577,0.3708266038161083,10.430886145958635,-1331.353261235205,0.028287081204927886,-0.015076451228215628,2.8594669259877965,-964.7945202126127,0.20317236328125,0.4072571176382231,-7.536929729754836,-2258.98640158081,0.023271371694711537,-0.03181363384540238,-8.894662895789438,-2012.102566026551,0.20317236328125,0.4072571176382231,-7.536929729754836,-2258.98640158081,0.023271371694711537,-0.03181363384540238,-8.894662895789438,-2012.102566026551,0.25878881366436296,0.010496206430288462,0.21858333458533658,0.009012365722656252,0.24255652481470355,0.023642567952473954,0.20317236328125,0.023271371694711537,61.628255611167276,83.96664454153714,157.58518090338927,135.24679197301944,83.39736807554206,100.15093197096891,65.94749224511985,122.34474323918123,175.2560645622099,39.08377379727129,152.6730624375797,178.05813460260188,154.5764205587915,172.95644053167206,18.7684372772873,15.661449536906533,177.1134687518434,158.09382339418673,163.8607551439165,25.270503173146835,12.484843063056438,-12.713401470554667,-0.6455896944837795,24.552654839127303,-10.61942225036066,4.4724423253840495,8.913916538007296,-9.281161728722402,-2.9448999171677688,0.42341457139062694,3.188224802897239,-1.5623721921912441,0.5981743869386662,-0.1967358803310506,2.801644830209148,-3.514720332152845,5.000161611373635,-4.374434488978024,0.7531105505315376,-1.081413578098673,-127.7944331048444,211.44632674563243,-1126.658929992129,-1465.8996898426237,59.58935621661265,-171.07108041303724,-248.48103763297075,-387.479508937348,20.903270013915456,19.39806461248777,135.50174311279193,1.8537742594534603,126.16037998099786,-504.741132507195,340.3150313762387,358.62924516920134,-19.146670335774523,162.60348669230476,147.9697751966176,-329.93486110858686,241.62825561116728,337.6616110696301,315.24679197301947,263.3973680755421,183.54830004651095,297.6008078013911,355.25606456221,140.91622620272872,168.24316376514903,166.30129836775095,191.72487780895938,198.7684372772873,164.33855046309347,167.22508171125006,189.13125831706336,205.27050317314684,12.484843063056438,25.198244533610993,24.552654839127392,-10.619422250360683,-6.146979924976611,-15.060896462983951,-5.77973473426155,-0.42341457139062694,-3.611639374287866,3.2030833368167193,2.6049089498780975,2.801644830209192,3.514720332152889,-4.702737516545127,-0.32830302756714635,-1.081413578098684,-127.79443310484227,-339.2407598504811,-1465.899689842619,59.58935621661707,-111.48172419641584,136.99931343655075,524.4788223738964,-19.398064612486664,-154.89980772529174,-38.26572114996386,-164.42610113096612,340.3150313762332,-358.62924516920134,-19.36159921966996,-181.9650859119747,-329.9348611085879
58,swing,stance,0.2914572864321608,0.2585889986478365,0.3701296105017996,7.493608698918548,-107.65006568546167,0.020065349872295676,0.022724691537710125,1.826083709716737,-238.64682030310667,0.25431680063100964,0.3683245286207957,-11.370747995231081,1258.5012319053174,0.010435856745793268,-0.026554884690505567,11.944705172025246,-764.4468146174275,0.2659421198918269,0.606195453350359,-40.08757140643836,-679.7364432865705,0.007074237530048072,0.11055846228966267,2.3643428696853346,-1466.9009552165962,0.2673133075420673,0.5385385178786034,-56.273833129882725,3097.413730492241,0.0048393366887019285,0.026553950383112594,5.707871185302585,1857.403002221919,0.2265809795673077,0.3674219876802882,4.0288558678257465,-1590.9418025137088,0.021838454026442314,-0.014096362774187876,2.9360224386361753,-33.1978076770698,0.22474107947716346,0.2643024808443483,6.501129460261165,-1060.017376476523,0.010733736478365383,-0.04892780949519278,-1.4044938495341457,-346.9998766221094,0.21161570387620193,0.1836960449218745,-5.5166450899567385,-13.208824007447042,0.010483266977163466,0.021620807354267548,2.626314253586887,1108.135235360931,0.2153870567908654,0.04135805100660983,5.650140798715263,-253.35412434501222,0.0007702542818509572,-0.0206108210637021,2.050776695838373,902.6122237208432,0.2189154334435096,0.007506225585936717,-2.1762775362454843,79.90043541777473,0.0005511005108173039,-0.013610055776743905,4.611737548828174,234.52137526999837,0.28754541015625,0.2511941481370179,-5.465143263596937,1272.9495393982472,0.006591430664062495,0.0,9.364407893254302,470.4949811906041,0.26488743239182694,0.30441229717547585,17.15252523099395,643.3104286218677,0.02466128305288462,0.024802124023437757,3.772787671602522,-295.3763144472708,0.2516533203125,0.33534160907452165,5.5895285409782245,-233.76288537604395,0.028331866924579327,0.08362051156850893,-6.8931569002592035,-1227.625143294094,0.23542677659254807,0.3850280761718739,4.587381089430287,-2138.793503014145,0.031559401292067316,0.004186631422776313,1.8108841634896216,283.28672552724015,0.21969463641826922,0.45679596416766605,-6.397010244516379,-3252.4601646751476,0.02824198561448317,-0.017254788912259927,-0.5509951711800237,-402.6378853090569,0.2053271484375,0.29836545973557654,-16.140895493727538,1730.189447197553,0.023006882887620192,-0.1588444026066699,-14.05953377826381,1690.3641028248444,0.2053271484375,0.29836545973557654,-16.140895493727538,1730.189447197553,0.023006882887620192,-0.1588444026066699,-14.05953377826381,1690.3641028248444,0.26154030667818506,0.010603695209209736,0.21944805063100964,0.008875362454927885,0.24408912071814903,0.023732141739282852,0.2053271484375,0.023006882887620192,66.0751675041016,82.20311226609583,137.65847576912896,121.53053100713473,80.59233655932012,100.50089720062975,69.87311851491354,114.7742925371241,176.44582270791224,38.57253849066865,156.92922947553078,175.74780454299747,156.8429870756388,171.88714309571932,20.020297319444968,12.92929813156617,177.2210427762512,155.28410616882056,164.5352937886995,24.47234468716501,8.635691000855902,-10.577671908616239,-15.377472974670749,3.835889934801237,-10.196543787536157,1.8154008007901918,5.58625622006647,-11.515441163295089,-1.6738310235641332,0.6132970129165909,2.2939917006387383,-0.7426884457935795,0.7680795158767488,-3.001584987506023,4.660015097477542,0.10983384690582507,3.29566426390772,-2.242866337456899,1.2419376817078183,-2.4045694550645087,-949.6252736258496,546.8382498216824,-573.893750949615,-2070.357274397149,415.46406341951734,-843.5470171092438,-580.9688683225304,-205.36134342625925,76.18119375823777,45.07361514780967,-279.96903048946206,140.6285750262124,-148.3056262508785,-395.95744394815745,339.6135183200292,712.0581732346627,-476.0764800310617,504.44341903725524,106.19638354842981,-206.37954456174393,246.0751675041016,343.87205523800577,301.53053100713475,260.59233655932013,181.09323375994987,291.2201152450363,356.4458227079124,141.42746150933135,164.4982320338006,168.7504274908031,191.90744041516433,200.02029731944498,167.07070186843382,164.29174464468505,189.00763847586452,204.47234468716502,8.635691000855923,19.213362909472075,3.835889934801237,-10.196543787536179,-8.381142986745965,-13.967399206812479,-2.451958043517413,-0.6132970129165798,-2.907288713555406,2.4265096258482406,1.6584301099714918,4.6600150974775145,-0.10983384690582507,-3.4054981108136335,-1.1626317733567344,-2.4045694550645087,-949.6252736258452,-1496.4635234475165,-2070.357274397158,415.46406341951524,-428.0829536897265,152.8859146328172,358.24725805906775,-45.073615147811864,234.89541534165454,-204.6495518790079,-56.343925628129384,339.61351832002373,-712.0581732346682,404.2602580239389,-100.18316101331193,-206.3795445617417
59,swing,stance,0.2964824120603015,0.26073799954927884,0.39057225623497777,-2.528423598068536,-1293.521265303461,0.020252633901742784,0.0224425307053788,0.2695943979117454,-83.38301401636781,0.25568567833533656,0.39665272874097995,2.519127239520253,536.1043570206044,0.010435856745793268,-0.004736004169170721,1.7949409085787849,-1179.026290818429,0.2682806865985577,0.5005383676382189,-22.938764718862405,2775.055525547965,0.007620783879206727,0.08690366774339033,-5.679610255314543,-880.5882671649887,0.26937740384615383,0.4767322152944741,-3.759261469913748,5382.521784031701,0.005015070988581727,0.10061276010366513,12.089914292555717,-854.5961134807741,0.22844681490384616,0.4122706111027627,-0.8416923029971957,-1440.4278079411079,0.021838454026442314,0.0013692274827224748,1.5388262305625748,-131.57024697641327,0.22615243765024037,0.2861353759765612,5.074138423039861,-285.1182011249022,0.010620182917668267,-0.09720814396784772,-3.679684640737626,1102.1320653463335,0.21232127028245193,0.14528106219951806,1.1200252779448732,1716.0741352680236,0.010521794245793276,0.057945744441105715,11.908542337270779,1374.8831812485869,0.21576699594350962,0.06280414287860403,-1.309485065166662,-979.8394447561075,0.0007702542818509572,0.0,8.03270453115611,812.166928801315,0.2189154334435096,0.0,-2.6537385113055283,-177.13513987613769,0.0005511005108173039,0.0,5.911182546762478,142.91984575593958,0.28882759915865386,0.2681555645282447,3.922691453200568,830.6389326828878,0.006591430664062495,0.06555754676232,7.570024766188478,-1476.6133258103687,0.26715489783653845,0.376832331730768,0.700573580229257,-1837.5620165803734,0.024877849872295674,0.041171189528244403,-0.17704914855961584,-235.24286565690025,0.25354571063701925,0.34936182579627545,-0.0836672269381645,-78.9384482351965,0.028366093562199518,0.010937002328725612,-4.017700237567468,1188.6877870900114,0.23752989783653847,0.3819990516075719,-4.513382075382696,-1341.361627885067,0.031593332143930286,0.018199840839091753,3.3443185060941207,152.18822226541283,0.22252347506009615,0.3065350435697123,-22.257155710073135,1187.9616717646527,0.028113666240985574,-0.020614091139572674,-1.1871449866660595,47.64149023142744,0.20617101111778846,0.2450370624248803,9.851908935547277,3404.4356397751653,0.021674945537860577,-0.17311548086312975,8.093921052199022,2515.4808590844686,0.20617101111778846,0.2450370624248803,9.851908935547277,3404.4356397751653,0.021674945537860577,-0.17311548086312975,8.093921052199022,2515.4808590844686,0.2635204420823317,0.010831086378831126,0.2203205904447115,0.008860357196514424,0.24595876527443913,0.023536219670222357,0.20617101111778846,0.021674945537860577,62.766845413379116,75.36578377817396,125.42465380908058,112.8257154442857,78.4411884564277,101.96638094222045,70.94660870241952,113.44273430846978,176.01822638775883,40.15611925696095,154.22017336972246,177.0164339111824,155.55233170160724,171.5630897254992,21.491852035027737,16.538994740866734,178.76470630856667,156.97963481631683,163.75850938303242,23.958154751217336,2.9408704638016276,-7.217539663301553,-6.413366085937221,3.745044041165915,-6.44390402503886,-4.0054171430505985,3.075033439288372,-11.345094828483811,-2.179259778894019,0.8764157286550477,0.37446570250062344,-0.14901967936498298,-0.892334419602833,-4.176207678805012,6.214846019355185,3.6416432179442992,0.21547336985540583,0.69534861692406,1.8204108877016911,-3.1555798551011334,-586.3429649156582,793.3963230359412,3911.667687592869,2531.9283996412896,709.561182258024,-1198.7738302649936,-228.09654025776246,405.5390448911835,-744.0787911257306,56.288353992998736,-336.83410304841453,24.180519984061473,-336.85495783460533,10.075486127228407,126.3292663645425,212.05391637595844,-247.85387108823195,343.6739797995706,94.75298158704601,-82.50603106057908,242.76684541337912,347.4010616352051,292.8257154442857,258.4411884564277,180.40756939864812,289.4609606962286,356.01822638775894,139.84388074303905,165.62370737331656,168.6072734621342,193.05494176052693,201.49185203502773,163.46100525913326,164.69629895056661,187.71666413424978,203.95815475121734,2.9408704638016716,10.158410127103224,3.745044041165915,-6.443904025038904,-10.449321168089458,-13.524354607377742,-2.179259778894019,-0.8764157286550698,-1.250881431155649,1.1463039209472843,2.0386383405501616,6.214846019355174,-3.6416432179443103,-0.6398203504753713,-1.3351689673994314,-3.1555798551011223,-586.3429649156537,-1379.7392879515928,2531.9283996412896,709.5611822580239,-489.2126480069675,-261.1161077491963,-666.6551526403797,-56.288353992999845,280.5457490554323,-200.4502053428377,136.40475249177203,126.32926636454364,-212.05391637596009,355.92093032605516,12.246950526475734,-82.50603106057908
60,swing,stance,0.3015075376884422,0.2625143479567308,0.34471831805889963,-5.506605022724331,-332.38507134791286,0.020290902944711545,0.025434182974009085,0.9880634683462026,64.8832605044954,0.25830326021634614,0.3936423903245169,-5.982764507586793,-673.6870238881279,0.010388258713942305,-0.008515277569110665,0.09519471153847239,96.16171875468895,0.27097265625,0.37565510441706745,-12.197566124549141,3582.8842621507542,0.007947641225961546,0.05347695218599867,-6.485790468656299,35.686024524366275,0.2721045860877404,0.5007569955679123,-2.178136807955851,661.6066848449125,0.005850520207331733,0.14806062669020575,-2.881034477820811,-2602.212328486559,0.23072440279447115,0.3589627685546882,-10.447805518517107,-293.1100946420396,0.02185221510667068,0.0013692274827224898,1.613708398672217,471.1285977483974,0.22761681189903846,0.31529884690505067,3.6356199012169093,-919.5302483075067,0.009756770207331733,-0.08590956467848566,9.672210324800913,1596.565727581322,0.21307581505408654,0.19495258037860694,11.730331143892819,170.88222318911903,0.011065636268028853,0.14130464993990405,16.444235673170734,-986.5363555274242,0.21601825420673076,0.02819739708533679,-4.197491811898925,255.9625895902174,0.0007702542818509572,0.0601198777418873,10.213258392334035,-876.1298265686025,0.2189154334435096,-0.019164513221154134,-3.9565301983172274,-2.978460315402334,0.0005511005108173039,0.04579881403996468,6.048117908184357,-854.6423628645884,0.29024044095552887,0.2906181828425514,2.8829867131155393,-801.5573201623739,0.007250300480769231,0.07608065091646744,-5.475927039513287,-1506.4349284715172,0.26867469200721156,0.31145323768029254,-1.3154347346380197,80.06693319925216,0.02507506385216346,0.023022735595702917,1.408537765503012,335.8953995766453,0.2551644944411058,0.3345007324218768,4.796177302433533,74.01751380096447,0.028441786545973555,0.043241614708534194,5.053454025268601,642.1449441504666,0.2392659630408654,0.3396674522986808,-8.893640296349341,-1114.1291554988557,0.03174231426532452,0.03779787269005405,3.3404140355038274,299.0670152728836,0.222775390625,0.23310595703125164,5.542303039550534,4275.73703067721,0.02803480881911058,-0.029185894305888718,-0.07218622413049965,-88.67856845916587,0.20778983248197117,0.397379619891831,18.074538071852164,-1344.3215884470503,0.021267028808593755,-0.0774984623835638,11.221680885901815,-576.0360749758197,0.20778983248197117,0.397379619891831,18.074538071852164,-1344.3215884470503,0.021267028808593755,-0.0774984623835638,11.221680885901815,-576.0360749758197,0.2659737126277043,0.011119330772986782,0.22127014347956733,0.008799195274939905,0.24731846892528045,0.02363521712865585,0.20778983248197117,0.021267028808593755,66.96243399314156,77.86625546905373,129.26196203815698,118.35814056224481,75.5910746334774,99.26547154295099,68.90651230193187,110.27586857499496,175.67416529950154,39.57479208321545,154.41822889095903,177.7349673894384,155.60113076764583,168.36598675082143,24.30489411791983,17.576118377080604,177.14911454384497,157.250792375567,165.78434075595695,22.23963394755046,2.742796881100517,-2.6038395162951873,23.93577011671504,29.28240651411079,-3.0652756241389008,-10.232577392827887,3.29382867978744,-7.439671867906292,-9.152009828847891,1.1790091133487415,-1.0912756666820256,-0.499668144446227,-2.6173974472851285,-2.9003238203981994,5.929655965462899,2.241028986362703,0.804670584628996,1.2111435097749814,2.1942289539394406,-3.23377579738189,127.17790841137263,887.67417177654,3687.875547651546,2927.379284286386,518.8180860334678,-681.8778206906835,404.63784350715014,860.5444992637159,-1428.2420774280752,82.75855592326552,-73.12303207957285,-183.77840195668864,-586.4072134291071,871.555804133842,-334.6981970291786,-527.745829788034,73.79153074945677,-114.80000763141463,-12.902402728579753,2.2348235685323288,246.96243399314156,349.0961785240878,298.3581405622448,255.59107463347738,174.8565461764284,285.9500338744965,355.6741652995017,140.42520791678456,166.00697902582553,168.27201163638713,192.67088086874128,204.30489411791984,162.4238816229194,165.27476707907442,188.0239747035074,202.23963394755046,2.742796881100583,5.346636397395704,29.28240651411079,-3.0652756241389225,-13.297853016966766,-16.59168169675416,-9.152009828847891,-1.1790091133487415,-0.08773344666662744,0.4119346977795112,3.029332145064684,5.929655965462883,-2.2410289863627195,0.17159666633266474,-1.0395468434424049,-3.23377579738189,127.17790841137258,-760.496263365174,2927.379284286381,518.8180860334766,-163.05973465720905,-567.6975781643769,-1428.2420774280795,-82.75855592326332,-9.635523843699255,-49.54960632443378,536.8576071046647,-334.69819702918187,527.7458297880335,-125.46758679146592,-10.667579160055666,2.2348235685284843
61,swing,stance,0.3065326633165829,0.2642025052584135,0.3352294921874974,-5.86897707895206,-92.92426189008653,0.020508253831129808,0.03237281681941092,0.9216874683086798,-181.69070417844023,0.25964188326322113,0.3365244422325704,-4.251596618651841,1355.4029408005922,0.010350276066706729,-0.003779273399939849,2.7613903432992704,-212.54366809786617,0.2720561147836538,0.3779497633713942,13.070122337928852,1669.713752967199,0.008158240685096158,0.021719843937799816,-5.320956742506844,422.7286176229869,0.2744101374699519,0.4548413931039632,2.890051945612966,619.4642463450054,0.00650311748798077,0.07165763972355667,-14.062973430927112,-489.33698014242935,0.23205448091947115,0.307267540564903,-3.7875223999020964,1023.4248640301007,0.02185221510667068,0.01758740234374967,6.2737870119534715,299.7607560295658,0.22932127028245192,0.32267426945612787,-4.167371610201349,-1446.014733501702,0.009756770207331733,0.0,12.366202068622288,562.5312549121526,0.2142805926983173,0.263173837515023,2.837434556227465,-1207.6084099942952,0.011941941481370191,0.22321444467397633,1.9936040907640689,-3529.9934668602273,0.2160503868689904,0.02061829552283622,1.2630032724234452,483.7130550748384,0.0013744741586538406,0.10264581298828107,-0.7726203589805393,-1414.3339056126495,0.21872282527043269,-0.03976412259615277,-2.6836727858321847,534.5318779719269,0.0010113900991586544,0.060785104604867496,-2.678187934288604,-810.4742013549801,0.2917483849158654,0.29713030536357654,-4.1331610107428345,-327.0571423362564,0.007356060321514424,0.010523104154146621,-7.570024766188478,427.46455452199865,0.2702850811298077,0.36361188213641615,1.5052663762016352,-821.6110529691454,0.02510923414963942,0.05532734797551076,3.1987840130146856,-27.166888032181667,0.25690752704326925,0.3975646127554061,0.6602273841268,-2335.593880873426,0.028800682654747597,0.061725484994741356,2.436017794095469,47.812612951426146,0.24094364107572117,0.2926157320462726,-15.710660020094737,99.82466995005895,0.031973210261418264,0.05177184119591391,6.35001715205273,272.62161762763117,0.22486624849759615,0.3622365816556469,20.71507575401914,371.8450455885963,0.027820340670072122,-0.021339580829326434,-2.078386880728022,-277.2974303277854,0.21016477614182694,0.4266907113882174,-3.6588607975888165,-2770.26408938828,0.020896066518930292,-0.060334768442006734,2.3046137660099184,-825.2693792261017,0.21016477614182694,0.4266907113882174,-3.6588607975888165,-2770.26408938828,0.020896066518930292,-0.060334768442006734,2.3046137660099184,-825.2693792261017,0.2675776601938101,0.011379972017728366,0.2220859112079327,0.00918735821063702,0.2491526098006811,0.023659265762720354,0.21016477614182694,0.020896066518930292,65.82137502174085,75.83512260967109,154.9025345580836,144.88878697015335,77.26671530122117,94.46695569439198,72.22625236562376,107.24439176871269,172.26302686127667,39.59553796404563,155.8309566199108,175.81353862976877,154.27675939469904,169.26315242333413,25.220054968241598,17.305607790306137,177.55762958797348,157.32835953035502,165.75648790062806,22.051915190737272,4.2190403975842585,1.703808796764116,30.650709769856963,33.16594137067713,-1.2296519040995204,-10.858460567077522,7.141745434335079,-2.696406393672653,-16.533451511839402,1.7081600092908764,-0.36043914252020426,-1.99603879450757,-6.785874253061157,4.583147136610427,2.8510450441875834,-1.662334970880128,0.9570967944730567,-0.4584203039946724,1.6907384984697347,-3.133119316723924,421.85132295278424,790.3774165533682,-648.4027091009577,-1016.9288027015418,-56.497782312885775,918.5679300884052,1228.9257231785514,765.1593413717779,-1132.014916774806,125.0396282067453,19.769347862689386,-166.74822425550872,-838.7811837599099,1475.820409535518,-664.3919457374277,-551.520124265477,-132.61341510076466,-200.05259607949492,-244.66618137625426,93.87925575887074,245.82137502174083,349.98625241206975,324.8887869701534,257.26671530122115,171.73367099561315,279.5074186299894,352.2630268612768,140.40446203595437,164.5735054160436,168.7599667862748,194.48320739157575,205.2200549682416,162.69439220969386,165.1367626217204,187.80840309136534,202.05191519073728,4.219040397584302,2.51523160082012,33.16594137067708,-1.2296519040994762,-12.088112471176975,-19.229857905512144,-16.533451511839445,-1.7081600092908764,-1.3477208667707163,0.6483179277368979,7.434192180798011,2.8510450441875395,1.6623349708801116,-1.9008011222488896,-1.4423808182542615,-3.1331193167239517,421.85132295277117,-368.5260936005708,-1016.9288027015418,-56.49778231288803,862.0701477755193,-366.8555754030321,-1132.0149167748143,-125.0396282067453,-144.8089760694479,21.939248186074003,860.7204319459751,-664.3919457374271,551.5201242654787,-350.8395216969081,-150.78692561739126,93.87925575886742
62,swing,stance,0.31155778894472363,0.2658834885817308,0.28573362379807465,-6.4405172025242,1430.9004348826375,0.0206162578876202,0.03469737361027726,-0.8379737595778276,-435.2205761818626,0.26168541541466345,0.3509127760667093,7.63937560096193,1885.6613757112507,0.010350276066706729,0.019237389197716292,-2.040922555776775,-982.8179050715485,0.27477114633413463,0.5070131178635892,4.5834766188398675,-2028.3869740555763,0.008165931114783656,0.0,-2.237261648324754,-322.5339526026684,0.2766758563701923,0.5298027437650277,4.047634512094482,-968.0366020156407,0.006570697490985572,0.006724210298977882,-7.798994077242233,1246.0508977919621,0.23381251878004808,0.32089721679687805,-0.1621284930889143,862.9025028075491,0.022028972919170678,0.06442236328125012,4.626379313542238,-973.7530258507477,0.2308597693810096,0.2734157151442329,-10.897191490760058,180.6870925504017,0.009756770207331733,0.03837387319711575,15.325790776179355,-465.3427998375746,0.2157207782451923,0.22346951059194842,-0.40643679574839114,1481.4602612304304,0.01330899752103365,0.16134087195763347,-19.033085601806576,-1730.2541963348706,0.21622547325721153,0.0408908973106981,0.6639459275467079,350.51482978934575,0.00180187049278846,0.05235484900841451,-4.001152719350947,593.2593454953452,0.2185157940204327,-0.04613609900841239,1.4156494797926142,723.7843563983399,0.0011620060847355729,0.01888235238882281,-2.0973514521672367,800.817330021776,0.29322667518028844,0.24907887620191974,-0.4040197425252425,989.9218104202365,0.007356060321514424,0.0,-1.1798008634127795,740.0086402282778,0.27232908278245194,0.32658154296875125,-9.572832251915898,-542.8567670522667,0.025631117600661057,0.05517131864107678,1.1355037149283207,-235.86723233797446,0.25916011868990385,0.34113618351862857,-18.677128032977887,-534.2543816692203,0.029062143179086536,0.06772420560396615,5.53398279864977,-164.06968895837534,0.24220682466947116,0.18177137169471289,-7.89037728177588,4293.607792569646,0.03226263427734376,0.10161714054988076,6.080329790555409,-894.6989541561659,0.22641595928485578,0.44129767315204793,9.279439176119357,-3430.7237895156745,0.027820340670072122,-0.05007420466496441,-2.859095071645943,702.5466393667547,0.21207818134014422,0.36060714956430506,-9.767312072753786,-324.9666701895107,0.020660649226262026,-0.05433651498647909,2.9275162705640736,213.4362812048256,0.21207818134014422,0.36060714956430506,-9.767312072753786,-324.9666701895107,0.020660649226262026,-0.05433651498647909,2.9275162705640736,213.4362812048256,0.2697539766751803,0.011425790640024039,0.22302686673677882,0.00961172344501202,0.2509028069911859,0.023798824212489984,0.21207818134014422,0.020660649226262026,67.75884951429379,77.2356121839525,149.52989975630044,140.0531370866417,76.47151253942657,90.32343305700053,74.28359993083393,108.12052053437151,164.39082513122167,41.16987092536318,153.433255572492,176.0875176384643,153.59697665779063,169.1767392683344,26.535639937555523,16.034087173133695,179.81819673496193,157.02764511794126,166.32786979410298,20.792201179860143,6.982508669570729,5.339652107356789,17.419159974996845,19.062016537210827,-3.633092531806097,-1.0007388994770405,15.644840973039267,0.25037176397090666,-20.529044168293225,2.435688793818549,-0.8925887534891666,-2.1755296947528544,-11.047359093113405,11.932042104581944,-0.7476500218479609,-3.3018868354009085,-0.5281275570872372,-0.7994353452953278,-0.2647276428068439,-2.2902656892525317,639.4582147425502,916.3559681963359,-1468.7686835885518,-1745.6664370423423,-662.8016637207619,2041.314730246447,1653.247267424417,1036.2982769768332,-1311.032477875572,21.497628167026065,-4.402508413560556,108.44272218308946,-391.30450121986917,695.5360746066426,-479.0613834712124,-115.54890753970103,-321.06539355791915,82.70770603536533,-249.76871267028847,109.01695218227823,247.75884951429376,350.5232373303413,320.0531370866417,256.47151253942656,166.79494559642708,272.5113456655932,344.3908251312218,138.83012907463683,165.39687350214487,169.30935586368057,195.71237920588987,206.53563993755552,163.96591282686632,164.14771609190436,187.1200709739631,200.79220117986014,6.982508669570663,1.6428565622140723,19.062016537210827,-3.6330925318061413,-4.633831431283116,-20.27867240432234,-20.52904416829331,-2.435688793818549,-1.5431000403294268,0.632429654423472,11.679788747536833,-0.7476500218479719,3.3018868354009085,-3.354428677354869,-2.554993332059409,-2.290265689252565,639.4582147425459,-276.89775345378575,-1745.6664370423373,-662.8016637207642,1378.513066525676,-274.73420089872997,-1311.0324778755678,-21.497628167023855,-17.095119753458903,-125.53784193655716,265.76665928331187,-479.0613834712064,115.54890753970267,-58.0440544526465,-140.75176048800304,109.01695218228097
63,swing,stance,0.3165829145728643,0.2670741999699519,0.270500676081727,8.511931814340683,1609.8115510959062,0.02085697115384616,0.02395096998948306,-3.452388674222573,-276.47419129650615,0.26316864483173075,0.41330208646334304,14.699773991511355,-583.297228229258,0.01054361666165865,-0.024291057880108304,-7.116176541841853,356.8972447509822,0.2771517240084135,0.4240148550180257,-7.315676396297906,204.0337814824698,0.008158240685096158,-0.000765197753906103,-8.562504004845199,-1152.5438936662056,0.2797347881610577,0.4955211369441085,-6.838959129921046,-739.250150334255,0.006570697490985572,-0.006724210298977807,-1.5398488300029534,324.9481704359543,0.23527957857572115,0.30563810847355716,4.8848645629877865,936.9570161156279,0.022499676044170677,0.06408367685171155,-3.512675559410761,-940.6153423725707,0.2320691669170673,0.21315475698617828,-2.351420931302852,2438.9705034977706,0.010142437274639426,0.15402804800180153,7.689390009953228,-3040.8599840064016,0.21652651742788462,0.25908904559795376,17.72648240778948,852.7646378831872,0.013563457782451924,0.0319271521935095,-15.395885319636523,1728.1544743112368,0.2164613506610577,0.0272911189152654,4.785765380859057,1550.8713364069863,0.0019006535456730783,0.06243322284405072,5.189785123384699,739.4166481158812,0.21825914588341347,-0.025536489633413026,4.590541851337012,1349.4645199232664,0.0012011624849759678,0.039706195537860235,5.370227442814617,519.5193279970723,0.2942516902043269,0.29306980543869976,5.815801908053446,-220.44306284740193,0.007356060321514424,-0.001334190955529475,-0.1327520000751822,130.59900991705163,0.2735673076923077,0.26740251277042787,-3.9505805288462343,1079.1276218544385,0.0256637197641226,0.06673944561298124,0.8282590648943554,-773.7198160652792,0.26033603140024036,0.2098547832782427,-4.709163386418091,3120.778919177791,0.029481327937199514,0.11734340256911054,0.7870761965238687,-1712.3603097504763,0.24277048903245194,0.21331545785757083,27.4411770911577,3223.8410459923534,0.03299448805588942,0.11288068331204826,-2.6419321359488763,-1375.9931664592752,0.22930140099158655,0.45549727689302677,-13.764560321515049,-3883.4867569650132,0.027317082331730774,-0.05007420466496386,4.982383364163937,1885.51800262157,0.21378896859975963,0.3285267709585318,-6.92485748291051,746.7055509996162,0.02034997089092548,-0.03091249436598609,4.449702019324734,-80.44617814634981,0.21378896859975963,0.3285267709585318,-6.92485748291051,746.7055509996162,0.02034997089092548,-0.03091249436598609,4.449702019324734,-80.44617814634981,0.2717823392427885,0.011532381497896635,0.22371915189302888,0.009861477426382215,0.2523359813201122,0.02386044155023037,0.21378896859975963,0.02034997089092548,69.25886833574775,78.93977539951179,158.10615253997864,148.4252454762146,75.43651343364051,92.15031000597669,77.90696444269017,110.94001080508716,158.73984819183988,41.511905518292465,154.58248412624818,175.2157048077947,145.8338138012043,178.66977402653646,24.18631771992386,15.209324096519142,177.7490193006299,156.4108559836311,166.1357495978291,19.993089622650555,10.645756123639996,10.913416517330244,15.889215462434432,15.621555068744161,-7.890975157574469,9.657265365047435,23.757295860711018,7.718651666395953,-29.709657319634008,1.9242165737835992,-0.4046854582343804,-0.9061621896524069,-10.71858280803469,11.573459444214828,-1.9636422268798455,-2.8236305240429447,-2.269691080480883,0.3728129224914058,-0.8194998198246048,-2.0374715560980197,348.4684350402253,840.8123966416435,741.7741202628944,249.43015866147846,-429.4961961179094,1276.9546450128432,945.5536119907129,1156.4808575741954,-1254.576020669983,-150.7515485949726,147.93261514777734,240.00899462708142,778.3293014882094,-1254.1972263116818,287.96983179146764,176.16160506763603,-85.4220261569567,457.96380985287425,-344.2128896601307,213.47738859317909,249.25886833574776,350.31909293623596,328.4252454762146,255.4365134336405,167.5868234396172,269.679858996927,338.73984819184,138.48809448170752,163.90561035545934,168.68990554766464,202.85609174646032,204.18631771992386,164.79067590348086,162.53969520411076,186.12883922047965,199.99308962265056,10.645756123639996,-0.26766039369027145,15.621555068744161,-7.890975157574448,1.7662902074729439,-21.991005653238055,-29.709657319634008,-1.924216573783577,-1.5195311155491966,-0.613368925896834,10.10521388213781,-1.963642226879829,2.8236305240429447,-2.4841584534312626,-2.8569713759226243,-2.0374715560980197,348.46843504022974,-492.34396160144684,249.43015866147,-429.49619611790285,847.4584488949383,-98.09516309578362,-1254.5760206699617,150.75154859497152,2.8189334471942247,-237.19006117988727,-1015.5193626680966,287.96983179146986,-176.1616050676344,327.22830878595124,-130.73550106694498,213.47738859318574
64,swing,stance,0.32160804020100503,0.26860208834134613,0.37128067720853414,9.738493361253823,-1266.530124929641,0.02085697115384616,0.0,-3.6166088479849368,196.86050205817898,0.2658392052283654,0.4986491980919497,1.7770919001653416,-2828.2053173875647,0.010106144831730765,-0.052281973031850386,1.5459844266451723,1154.3106201265634,0.27903260216346154,0.43348873197114757,6.634067387507915,743.9675874800115,0.008158240685096158,-0.08605531663161041,-13.82061736356305,936.6702699361817,0.28165596829927886,0.4610694861778812,-3.3820152400086148,402.8321327210405,0.00650311748798077,-0.00875165733924282,-4.533183319091924,-921.3709737818754,0.23688425856370193,0.3699913330078108,9.254524935208893,-1046.901051236608,0.022673029972956726,0.02911909132737297,-4.827041212815296,299.84862985876936,0.2330020282451923,0.24978334397535992,13.615074876051812,1394.196923915004,0.011304790790264418,0.1156541748046862,-15.235616098256976,-1231.7598382039807,0.2183246882512019,0.40162511268028567,8.164062077449508,-2521.016910322862,0.013629873422475958,0.006608356182391354,-1.6646989253116578,1935.8789566192788,0.216499755859375,0.08898904184194512,16.250592524601913,1026.4773233596231,0.0024293400691105804,0.10451349346454236,3.4301703772911076,-957.9819859818347,0.21825914588341347,0.0,14.978106966458666,2205.966108015791,0.0015610633263221096,0.07285448749248753,3.1239483266978345,-902.2422286505973,0.2961721003605769,0.30752914663461794,-2.6195279118458745,-274.9988359540419,0.007342651367187494,-0.001334190955529475,0.1327520000751822,175.57191070440788,0.27501654522235575,0.28687721604567334,1.2726714853146863,1004.9991095322332,0.02630186579777645,0.06349553034855777,-6.640574838491605,-943.4874291053193,0.2612692119891827,0.29380790827824554,12.687484220065377,983.7428927471279,0.03024147385817308,0.07563451913686939,-11.675668555626448,-1102.6269337528045,0.24435069861778846,0.4575620962289624,24.510035240760473,-4044.9156061094964,0.03339711350661058,0.07506505878155023,-7.748747259286613,-480.2906006751324,0.2309938213641827,0.3029603834885795,-29.750578481820643,373.93551773546466,0.027317082331730774,0.0,16.090834602942785,679.1213264823311,0.2153799579326923,0.2910105919471137,-2.2627336707475596,937.308511432372,0.02034997089092548,-0.009615891676682572,2.11901196758568,-227.15384843386207,0.2153799579326923,0.2910105919471137,-2.2627336707475596,937.308511432372,0.02034997089092548,-0.009615891676682572,2.11901196758568,-227.15384843386207,0.27378246600811296,0.011406118539663463,0.22459397536057693,0.010319619516225958,0.25386372258112977,0.024158359625400642,0.2153799579326923,0.02034997089092548,75.58730079511176,83.9859101109621,156.15013348029777,147.75152416444743,71.14506940599311,99.85332983434316,90.2524341618048,107.01276949997057,153.73319557856092,41.866103566951885,154.1247445479652,174.57454986322992,144.95964266865215,179.57209842093374,24.04705777413451,13.968356439763728,176.04537869855585,156.78726261739615,164.947759159662,20.342000481733965,10.484703996608184,13.790027953001484,24.874176259046067,21.568852302652832,-7.94963721640822,11.832976125777721,25.147892349830393,11.873294955671414,-33.137848396132306,0.9205978531655513,0.5941711977447829,0.23662100501681857,-3.224954053030866,-0.6729551447817479,2.1465191418853946,-1.5314184427613426,-1.3866403827852982,3.803216010009961,-3.724153669541841,-0.14476429635624996,-379.12691978115646,108.79179898935081,217.6464767401975,-270.2722420303074,397.6490706911022,-366.22096012877535,-470.6801000381195,133.53629264009862,368.5719179603457,-165.54230553134533,73.12763304369406,258.1913270977126,1503.6557548819255,-2410.6841709731375,839.8356977769203,189.2507937163932,311.03092857434996,583.0650212931353,-510.73903888527275,351.74489320092323,255.58730079511173,351.60139068414964,327.75152416444746,251.1450694059931,170.9983992403363,260.7459650785315,333.733195578561,138.1338964330481,164.0091518850829,169.43460202185298,204.4749593532008,204.04705777413452,166.03164356023626,162.0770222587921,185.28975964139596,200.34200048173398,10.484703996608163,-3.3053239563934547,21.568852302652747,-7.949637216408198,3.883338909369567,-21.264553440460872,-33.13784839613218,-0.9205978531655623,-1.5147690509103893,-1.7513900559271638,1.4735639971036576,2.1465191418854057,1.531418442761359,-0.06570195588800826,-3.8689179658980577,-0.14476429635621682,-379.12691978115646,-487.9187187704961,-270.27224203031625,397.6490706910979,31.42811056233126,502.1082106004531,368.5719179603414,165.54230553133985,92.41467248764579,-165.7766546100624,-1669.4324094919837,839.8356977769179,-189.25079371639154,424.0708756087973,-158.99414568434682,351.74489320092596
65,swing,stance,0.32663316582914576,0.2708056640625,0.3683749812199568,-4.217014164851744,-1255.3377740550106,0.02085697115384616,-0.01239685762845616,-1.4738911661001626,-37.720997410695205,0.2681801945612981,0.43116230656550736,-13.724400052584896,-1351.314495274517,0.010018169696514423,-0.008753525954026103,4.4849352182241615,-822.7857873171479,0.28150839468149036,0.49068889911358293,0.1613847844057591,-2637.7133554758398,0.007293363131009617,-0.13966587477464087,0.8512675523023975,1185.4087057800612,0.28436865234375,0.4615310340294489,-2.7903949819708727,-296.03305569693305,0.006482741135817302,-0.052283841646635534,-10.79985861675551,-12.043339536196797,0.23899808443509615,0.39864840932992834,-5.636754042405304,-2535.24322077355,0.02279233022836538,0.015570699838492283,-0.4991214904783927,528.126338318436,0.23457955228365385,0.349989680363584,11.66060845477765,-1359.8058821364436,0.011304790790264418,0.0009062781700724656,-4.6901058513933656,2184.4601445582352,0.22056295072115384,0.34113992074820043,-7.610370962289642,-965.2801387423848,0.013629873422475958,0.01519650972806563,4.060184596135208,484.10154989857404,0.217355712890625,0.19061365685096374,15.102120389498529,-381.37241864720255,0.0029510404146634583,0.0969072969876801,-4.438174534724234,67.69059809995076,0.21825914588341347,0.12499724872295613,26.76105549973702,-406.1620883530579,0.0019333683894230819,0.07110266113281348,-3.6975336491512243,-173.2964410224513,0.29734243539663463,0.26674289175180643,3.0519945115304,945.4854024845632,0.007342651367187494,0.0,1.6317898160495277,135.94543868196752,0.27645049579326925,0.2801931809645454,6.149913034291831,491.48295154978996,0.02630186579777645,0.0,-8.654026654757136,295.5335623521082,0.2632888746995192,0.3373671875000058,5.177699857271679,-1195.7315682397948,0.03024147385817308,0.0,-10.294601529635019,520.9438090174727,0.24736910306490384,0.4596474703275264,-13.211241060696711,-5296.16493463846,0.03374891075721154,0.035003826434795514,-7.468973348764298,-174.1705543758811,0.23234622896634616,0.15649648813100897,-10.00641441462594,4738.674862558246,0.027317082331730774,0.11164272601787889,11.80772332881051,-2636.7513682931803,0.21671369816706731,0.3057857290414708,2.4953285616359833,-157.87689647039642,0.020253328763521636,-0.009615891676682678,2.1667487687331457,412.3502559028033,0.21671369816706731,0.3057857290414708,2.4953285616359833,-157.87689647039642,0.020253328763521636,-0.009615891676682678,2.1667487687331457,412.3502559028033,0.2762157264122596,0.011162811279296875,0.22595108924278845,0.01052228064903846,0.25558513934795674,0.024200885479266826,0.21671369816706731,0.020253328763521636,76.38358391007237,87.93787111014052,175.7310943749357,164.17680717486758,68.96141252194307,101.62009048654943,97.29840664105593,121.68619799957925,131.5968983678573,42.22341050477623,154.44036908804114,175.76110130888011,144.39762432066547,178.86107107533783,24.31642370229921,14.49348590261155,177.40953145221738,158.212780433112,165.72090363091786,18.982361485575932,6.835435321819312,12.006801431796086,18.076617238717834,12.90525112874106,-3.8945020853020678,5.9766527004366115,19.02684259399623,9.060724959261272,-26.00541693812298,0.26047480964946795,0.3302656276318947,1.688725519872354,4.393535331482217,-12.654522173605756,6.476917549772655,-0.9216124967425025,0.8562479001658638,6.232762885236509,-5.952555487013298,1.4976529986851437,-837.8465835753823,-560.501319558792,-2192.005034343205,-878.0233367493165,1034.746869979826,-1332.4578739545589,-1548.1175820965718,964.5389055806878,285.86767254114665,-147.16984878716187,-41.308567306242026,114.15065481354617,932.1055558326343,-1083.4683955657333,274.98256916086046,31.024092113589862,228.16258129904517,195.70329261633907,-216.39896512465955,238.77692327225523,256.3835839100724,348.4457127999318,344.1768071748675,248.9614125219431,170.58150300849252,253.2830963674366,311.5968983678574,137.77658949522376,163.33622040718262,167.5751190983025,203.17749477763704,204.3164237022992,165.50651409738845,162.91604554960583,184.70326511649378,198.98236148557592,6.835435321819312,-5.171366109976686,12.905251128740971,-3.89450208530209,2.082150615134566,-16.94469197886162,-26.005416938123023,-0.2604748096495011,-0.5907404372813958,-2.2794659571537497,-6.673001288635967,6.476917549772649,0.921612496742519,1.777860396908427,-4.454902488328127,1.4976529986851712,-837.8465835753756,-277.3452640165727,-878.023336749308,1034.7468699798303,-297.7110039747462,1250.4065781218326,285.86767254112965,147.16984878716298,188.4784160934182,74.32776127986327,-857.7777945527621,274.9825691608599,-31.024092113593152,218.08125076392264,22.377958147596775,238.7769232722519
66,swing,stance,0.3316582914572864,0.2723043494591346,0.3288986253004767,-2.8779666794999677,418.39042542450335,0.020732379619891828,-0.014812976543720128,-3.9957143495999614,-501.0704488073397,0.27017249474158656,0.36071552922175065,-11.803958303598558,1617.7664451060066,0.010018169696514423,-0.007207247220552587,-6.723219465989424,-1101.7435705225967,0.28396414888822114,0.43511068960336624,-19.87561457707321,-2232.735251347554,0.006754563551682691,-0.0774998638446517,-1.9069620290901546,-1646.1913163768847,0.28629447115384615,0.4330253155048073,-6.35722182992752,-1201.7624878845363,0.005977651742788456,-0.11729294996995074,-4.654221907395408,839.1488192983559,0.2408907752403846,0.31334053861177796,-16.22530642934923,410.87952549860245,0.022829519418569713,0.024102794940655488,0.48076118234482845,-123.73097642577191,0.23651951246995193,0.3669753887469938,-0.05131589918873397,-1580.1564462163024,0.01131389911358173,0.06851743257962757,6.718757213885944,54.65752175079456,0.22175323016826923,0.32513897235576716,-1.537245849609571,456.7034149475365,0.013782602163461541,0.04741423152043338,3.2006432847242294,1702.365817915668,0.21841547100360578,0.24076914625901474,12.417703894981813,-689.2453165917574,0.003403282752403841,0.059908724271334285,4.110477895883573,2087.7526830749293,0.21951539963942307,0.2689553316556466,10.896075927734493,-2314.633660144491,0.0022756629356971148,0.035693345289962916,1.3822755526028583,1111.5021905001324,0.2988529334435096,0.3382024583082901,6.882837942270275,198.07686085167546,0.007342651367187494,0.015065706693209387,1.499037815974344,-311.51734938637384,0.27783255709134613,0.3486853872445858,6.212198636568823,-1034.1547210668614,0.02630186579777645,-0.02347961191030733,-3.67038828218903,360.7775680501096,0.2646598369891827,0.34584509277343795,0.6700815241881233,-885.9531956834608,0.03024147385817308,-0.02782881281926076,-6.440052384596607,234.76187206562113,0.24897027118389423,0.32478580416165964,-28.717753047062892,224.7535054156289,0.03374891075721154,0.0,-9.49920509221003,-235.55273652824638,0.232566650390625,0.20239340444711346,17.874294508714165,2378.08781469024,0.028439119779146635,0.1186705862192003,-10.409179148747292,-2349.7369424332815,0.21845318134014424,0.31608927095853045,-3.8494361478369603,-1268.3986000342393,0.020253328763521636,0.012160477858323773,6.26323564500076,178.4809969441164,0.21845318134014424,0.31608927095853045,-3.8494361478369603,-1268.3986000342393,0.020253328763521636,0.012160477858323773,6.26323564500076,178.4809969441164,0.2781838660606971,0.01087069115271935,0.22741887770432695,0.010720993276742788,0.25688923840645034,0.02438789172050281,0.21845318134014424,0.020253328763521636,78.74657479774596,92.0599406263213,174.87536953464564,161.56200370607033,69.21352819000879,101.2952482875674,98.33541688707975,117.8855802707521,134.28777931974435,42.04870880164897,154.6018078550913,175.95088651220118,149.46202273042158,167.8229048447308,30.113669255906096,14.104383253310969,177.76224815213823,161.79581793328924,160.30919955429349,21.552847411244493,2.0641353174586703,8.156848861958386,2.843974908863248,12.74449715944368,2.4498288135397095,-1.5585602958760478,9.588921675493092,21.56715330321595,-30.264806461045424,-0.5584961044943573,0.17900971728004167,1.3838637669619984,6.142940980462883,-11.562084748457385,4.910163053049803,-1.2196185220217481,0.9064508865518238,5.770083272485717,-5.899017640643932,2.255003776731726,-489.1347526634552,-183.86667460406034,-3094.8567176582933,274.4268127888911,795.1900220897467,-1375.220294987035,-2005.0438558578455,1930.4548233232006,-505.44124036264054,-222.6978236753434,11.50115570325363,-57.4209730626298,56.50925303782591,873.502850846945,-710.686430997933,-20.479222852596312,-4.323982287506639,-373.05327662966727,553.0468745506954,-163.83835735593624,258.746574797746,346.68663417142466,341.5620037060703,249.21352819000882,170.50877647757625,252.17335959049646,314.28777931974446,137.95129119835102,163.34948334325972,167.39859683105854,197.9365741006369,210.1136692559061,165.89561674668903,163.65786489882726,181.862046965538,201.5528474112445,2.0641353174587147,-6.092713544499694,12.74449715944368,2.4498288135397757,0.8912685176635954,-8.697653157829475,-30.264806461045467,0.5584961044943573,0.379486387214404,-1.0043773797476385,-7.147318360210477,4.910163053049808,1.2196185220217315,2.1260694085735112,-3.644013863912162,2.255003776731726,-489.13475266345296,-305.26807805939706,274.42681278891297,795.1900220897467,-580.0302728972882,1425.0135829605465,-505.4412403626321,222.69782367535106,211.19666797209743,268.6176410347272,212.1083879969014,-710.6864309979323,20.479222852594667,16.155240565079247,389.20851719475536,-163.83835735594008
67,swing,swing,0.33668341708542715,0.27411117788461536,0.3394506929837761,-0.012085266112998315,169.88323649946642,0.02070809701772837,-0.05255479079026499,-6.509775073711639,602.4074736070071,0.27180547626201923,0.3125295597956721,2.534559194711725,1263.810661163388,0.009945735051081733,-0.07632357083834222,-6.587864485520578,1382.0055863506964,0.2858813664362981,0.290933978740987,-22.278165480393877,210.56419447210465,0.006514470027043265,-0.15883132230318522,-15.693368793194002,236.03835505792625,0.28872066556490383,0.39763935734676,-14.868409935584355,-1529.6891186360522,0.005303917518028847,-0.09905994121844888,-2.366202141395111,-258.22880939543984,0.24214723557692308,0.23558000300480972,-1.5073115750826485,3259.416071995629,0.0230345693734976,0.02040247051532475,-1.7426488917424374,-184.5951654798018,0.2382677471454327,0.34947394268329524,-4.220360853928974,-825.033507368841,0.011993408203125,0.06843147629957973,-4.140784024752212,-1087.7947563746643,0.22383067908653845,0.3256902137169484,-3.020386892465135,807.8287366027832,0.014106398362379813,0.04736377892127411,21.16938879629275,1999.767855372507,0.21977550330528847,0.31541470102163577,8.175031780536113,-394.02625004933003,0.0035531381460336547,0.1382186326247011,16.544264491154543,-494.0914167950363,0.22096221454326923,0.2345055495042078,3.4984056490385167,1232.4905784677098,0.0022920954777644192,0.08499487774188749,7.4733426372823155,-522.405289544917,0.300741455078125,0.3359171424278899,5.042716731145237,-312.0908417453472,0.00749406550480769,0.015065706693209554,-1.499037815974344,-527.2799745952934,0.27995487154447113,0.3426273381159911,-4.243601750299784,-317.8257653340081,0.026065889798677883,-0.03688832444411101,-5.028121448223355,125.17395719968535,0.26676470477764425,0.3441016751802885,-3.7263523606525886,-559.4510459524046,0.029961787297175482,-0.0647241445688104,-7.935185729980525,288.1799103311451,0.25063328200120194,0.17102683668870214,-10.952411860539627,5191.382330747194,0.03374891075721154,-0.06046557147686348,-9.83633753497784,876.3656984258979,0.23438033353365384,0.33613763897235815,13.893965632512256,-1768.8354322839032,0.02850975153996395,0.007027860201322738,-11.80772332881051,899.4395159935469,0.21989047475961537,0.26709792856069714,-10.252396061823763,-156.19341890067975,0.020375544621394237,0.05333120023287297,3.9605276324931173,-842.0995299835369,0.21989047475961537,0.26709792856069714,-10.252396061823763,-156.19341890067975,0.020375544621394237,0.05333120023287297,3.9605276324931173,-842.0995299835369,0.2801296715369591,0.010618054903470554,0.2289966759314904,0.010995921912560097,0.2587275202824519,0.024359324919871795,0.21989047475961537,0.020375544621394237,77.907883631854,91.6076257131037,170.6084705253881,156.9087284441384,70.64025969105083,101.03312447789258,102.6930604539697,115.71970152660246,133.26062218837123,41.779273366883466,154.67595830399287,176.75665996921708,148.9213140902552,168.558142106187,29.308652163464377,13.481201612322872,177.51132746201571,162.16946673898929,160.49120447787197,21.36945463283158,1.9195081593725047,10.158895154368336,-13.027470375938515,15.663309548729927,4.097357433187883,-7.8446567969205825,-1.1243519372384878,28.462280972559853,-31.085228399054063,-1.9776942725147968,0.44585513218720807,1.1116303132127556,4.961467522817153,-3.8755990495158184,-0.6656596461865014,-1.1274338319444763,0.8127907917487115,2.483483723129284,-0.3942954412776416,-0.14896365815844365,-138.2018073827353,483.68392695902884,-1700.1311276333388,593.1512362251158,-317.1639871140762,-829.134485360024,-2171.658634357679,544.6261801589471,480.7339817246385,-150.32029839752644,-88.60372526614911,135.2577609726976,-322.6637745149498,1365.8760839845047,-1013.7419187643947,130.8655942053145,64.26569868032871,-668.2652320835422,1193.7511878431837,-592.0858512846195,257.907883631854,346.3002579187503,336.9087284441384,250.64025969105083,171.67338416894344,248.98032371497374,313.2606221883713,138.22072663311653,163.54476832912366,166.78810835990657,197.86679426965136,209.3086521634644,166.51879838767712,164.03012584969287,181.86065911070352,201.36945463283158,1.9195081593725267,-8.239386994995765,15.663309548730059,4.09735743318786,-3.7472993637326777,-2.6229474264942563,-31.08522839905402,1.977694272514841,1.5318391403276328,0.42020882711487734,-4.541258695702275,-0.6656596461865014,1.1274338319444763,1.9402246236931437,-0.5432590994360963,-0.1489636581584547,-138.2018073827397,-621.8857343417619,593.1512362251158,-317.1639871140828,-1146.298472474089,1025.3601618835746,480.73398172464067,150.32029839752644,238.92402366366673,78.76235885306411,401.4261333680007,-1013.741918764393,-130.8655942053142,-66.59989552497673,601.6653365585522,-592.0858512846183
68,swing,swing,0.3417085427135678,0.2757159142127404,0.32877716533954204,-1.1705974684500653,606.8289146963264,0.020204190767728364,-0.08023785165639948,2.0586321188121297,1318.4450582222282,0.27331349534254806,0.3861884859525216,0.8976563814605323,-1737.7373466303397,0.009251098632812496,-0.073416940542367,7.166283914419489,1382.3385819138573,0.28688810847355767,0.2112095289963941,-17.759391517052073,173.5646874483916,0.005158268855168277,-0.23522216327373607,0.4652827453613496,3319.1610259621775,0.29029084660456733,0.28359405987079467,-21.730981816219398,-721.4903869629125,0.004982074444110585,-0.14107387601412255,-7.249486323429962,660.8019455672061,0.24325841346153845,0.29819167856069617,16.532644042968425,1098.2748667391493,0.0230345693734976,0.006588735727163771,-1.3744666114220114,47.724739122240265,0.2400318134014423,0.32455970177283355,-8.343109943096628,783.7420575304031,0.012001652644230767,0.026901512732871953,-4.21385340294478,145.67630902923003,0.22502649864783653,0.29478332519531375,6.581635925292718,1956.5894306757614,0.014258620042067308,0.2601719078650827,23.29881268545281,-4320.793180355309,0.22158546799879808,0.3229302696814877,8.457641080415709,3655.9582885226464,0.004792414738581732,0.226182739257811,-0.8552649864785672,-3620.6052595613387,0.22187223933293268,0.3041151874248777,23.28291591233451,4426.9910153902965,0.0031298828124999983,0.11080231651893041,-3.8680288649339603,-1551.0748336956328,0.30222898512620194,0.38888302847055345,3.746246567945198,-1220.2622413964216,0.00749406550480769,0.0,-3.8002584111139965,-79.81718652695041,0.2812760479266827,0.3060361234224777,3.01796983924213,719.5664125975694,0.02593112886868991,-0.07401349581204925,-2.4123585615891856,1121.431933197602,0.2681181452824519,0.30839431527944233,-4.952542053222941,642.7184365094732,0.029590979942908657,-0.1075794231708233,-3.543771878755972,1137.9753377755899,0.2506891338641827,0.21471131310096062,23.456943744365834,3605.43546168169,0.03314121657151442,-0.09885766366811834,-0.691509630643276,888.2009157350836,0.23594491811899038,0.3420312499999995,0.09705398324792153,-1981.1756030930555,0.02850975153996395,0.0,-1.369586023184067,1092.165323141825,0.22113758263221153,0.21305011455829231,-5.4192192523663945,1964.2298288762056,0.02078932072566106,0.05196477567232469,-2.2000762141302057,-614.5525617875059,0.22113758263221153,0.21305011455829231,-5.4192192523663945,1964.2298288762056,0.02078932072566106,0.05196477567232469,-2.2000762141302057,-614.5525617875059,0.28155209115835333,0.00989890817495493,0.2303548865685096,0.011443427922175481,0.25989913549178684,0.02424274385892428,0.22113758263221153,0.02078932072566106,77.6288174160722,94.40720115371671,166.18575509825652,177.03586116409897,73.69832831363013,97.7478658810796,101.4227474469997,150.2367592509146,99.78668749679547,41.34543257433136,154.1983965769976,175.96963099991805,151.04795064715728,169.90139949684263,27.537189704753054,12.873736390519854,177.50948651193264,162.79845828998526,159.98684080269425,21.850451028733275,0.6751724291899832,13.017993856521457,-14.242770092476727,18.70581611647998,-0.7377489464007331,-9.89157019899181,-12.236793242674391,27.040783254562115,-25.433309157280245,-2.069252872308683,-0.7114799838872801,2.7432382490996536,2.9000889752875296,2.16531308053252,-5.27819793955711,0.09561358054421797,1.5523373054495955,-0.946150215791043,6.098481734664366,-3.695607793967927,-522.1002336951415,95.88752960090162,256.8820274584133,-875.100942138973,-834.5806102157313,-50.37424202950339,-2339.7543863465085,-1246.6186706243957,2701.418204725676,57.1718246299618,-262.8790681985975,295.53645414048634,-1.2425072513210744,240.86186860044342,-354.3524757588837,263.8618625794233,137.35270346765478,-523.7056964516789,839.7060216512283,-433.3824120447094,257.6288174160722,343.2216162623555,357.03586116409895,253.69832831363013,171.44619419470976,250.02344674771004,279.7866874967956,138.65456742566863,164.45617084867106,168.48653984875304,197.4385892015957,207.53718970475305,167.12626360948013,164.6357501214128,181.83729183142754,201.85045102873326,0.6751724291899832,-12.34282142733143,18.70581611647998,-0.7377489464007331,-10.629319145392499,1.60747409728176,-25.433309157280267,2.069252872308683,2.780732856195963,-0.21279588373694922,-3.1128848590245672,-5.278197939557088,-0.09561358054423177,1.456723724905408,2.4028739406963626,-3.6956077939679157,-522.1002336951458,-617.9877632960585,-875.1009421389907,-834.5806102157269,-884.9548522452393,1454.7995341012759,2701.4182047256713,-57.171824629969485,205.7072435686324,-114.73311440977183,-113.49060715845077,-354.3524757588854,-263.8618625794277,-117.38208684515612,406.3236096065139,-433.38241204470995
69,swing,swing,0.34673366834170855,0.27741547100360575,0.32768589430588596,6.0866977961616655,1137.8088399940734,0.019901686448317316,-0.031865020751952036,6.7409290290243815,-183.46668051561576,0.275686767578125,0.32155123197115487,-14.930137756347042,-175.4701620601242,0.009207876352163469,-0.0043006169245782015,7.304985583965485,-439.15639874153186,0.2880040752704327,0.11244763183594024,-20.533796762319582,1413.584665595373,0.004150428185096158,-0.15415511380709124,17.665033477782803,-182.66656617619557,0.29157085712139424,0.1792375300480716,-22.119569603553355,775.4911674641695,0.0038860896183894184,-0.17191910024789606,4.275023442194929,1930.8377737872693,0.2451441368689904,0.4017372295673072,9.530626784104829,-1222.6117100923848,0.023100787823016833,0.006588735727163771,-1.2630032724234377,-80.49705246853158,0.24152965369591345,0.2656235914963941,3.6564437443665683,2772.4470603027357,0.012263775165264418,0.02608119084284809,-2.676700516920748,-205.63401016116478,0.22679332557091347,0.39183730844350867,16.643828491210947,286.2466860891637,0.016721191406250002,0.2815227003831124,-22.255668292705526,-5466.704912387532,0.22302103365384615,0.40041611891526135,44.918331162673425,3621.234251180872,0.0058263315054086495,0.12962300461989135,-19.843728067251032,-1198.2012853334654,0.22401864858774037,0.46850470440204306,47.99077766301154,789.3844823514626,0.0034056865985576945,0.04612021578275204,-8.115349158653759,383.99938364586905,0.3046498272235577,0.3735678617037212,-7.2212253934419675,-582.446239567547,0.00749406550480769,-0.02312784517728304,-2.3012205951396782,607.0971611222379,0.2830306114783654,0.37295869328425385,2.988221491886874,-414.1539818701606,0.025322035569411053,-0.061133134108324036,6.2425512472299785,646.9502551252078,0.2698641451322115,0.2943273831880979,2.7331294133119948,2130.9126080181727,0.02888058706430288,-0.10033994234525248,3.5017523381159075,369.92107122334136,0.2527911846454327,0.4067750150240382,25.28312041766847,-1111.5206902536368,0.03275536639873798,-0.06741541701096679,-0.909695165780981,-399.6363003017907,0.23781783353365385,0.3371130558894227,-6.0173469613878865,292.518102529692,0.02850975153996395,-0.006736823448768447,-0.8311874178373473,43.622418781,0.22203168194110576,0.21263341346153716,9.48860724346482,1457.5215801861175,0.020897803673377402,0.031219881497895934,-2.215880023662747,51.10094413818648,0.22203168194110576,0.21263341346153716,9.48860724346482,1457.5215801861175,0.020897803673377402,0.031219881497895934,-2.215880023662747,51.10094413818648,0.2831692927433894,0.00928652015099159,0.23210135967548076,0.012263554499699519,0.26169754732572115,0.023976601625100163,0.22203168194110576,0.020897803673377402,80.81731263665979,103.14021310117334,161.91561121515463,175.7614883203318,71.55484218962486,91.61574245508267,92.26874580904183,138.50392077951258,112.39791805615307,39.510198240165415,155.6139999846848,177.6627103485772,151.38268582851214,170.08743666577374,25.74296893228669,13.776478486487695,179.0663980771756,161.50038537766446,165.36211269408125,18.427421518942182,-3.327730370226929,11.122588919201522,-10.445741456758471,6.868325205624632,-4.290387393100911,-8.350930586161825,-24.63947139800752,15.933450112013109,-3.9352966932682607,-1.4031030702036205,-2.196145553225844,4.081845932715144,4.9489800127536245,-1.4548767520239143,-4.226991060848665,1.524444183929136,2.1932199723281625,-2.7798901105559533,8.044961057729715,-4.504565789261069,-957.268723310351,-463.118185401405,-920.7523428222755,-2708.577755510859,-337.9282722452575,607.0393769743907,-1726.7202877054988,-570.2833676828515,2566.114760117481,185.7956160989836,-326.5374485468154,-56.24130910242404,321.95928144037816,-611.4388428529529,211.96930255015482,300.9741958164911,-126.82192494433001,-201.59116150672318,53.43524106980036,59.5282661913196,260.8173126366598,337.67709953548643,355.7614883203318,251.55484218962485,163.17058464470753,250.9018388356657,292.3979180561532,140.4898017598346,164.87580177514982,167.2130914265726,195.83040559806045,205.7429689322867,166.2235215135123,165.2899195906879,183.78953421302342,198.42742151894217,-3.327730370226951,-14.45031928942854,6.868325205624587,-4.29038739310089,-12.641317979262759,11.99815341874476,-3.9352966932682607,1.4031030702035874,3.599248623429475,-0.7328878001190154,-5.68186781287264,-4.226991060848682,-1.5244441839291802,0.7605051579126751,3.540395268468584,-4.504565789261086,-957.2687233103554,-494.15053790895035,-1245.5820064944642,-337.92827224525314,269.1111047291311,1995.831392434645,2566.1147601174744,-185.7956160989836,140.74183244783188,-77.51025886243647,-399.46954030279704,211.96930255015587,-300.97419581649103,-88.62765424561148,112.96350726112492,59.52826619132018
70,swing,swing,0.35175879396984927,0.27900923978365383,0.38995000751202136,10.264667255108511,-934.7925449547754,0.019883939302884623,-0.012489821213943077,0.2147458824742748,-735.0044569032931,0.276545166015625,0.23613685021033962,-0.8658628352241405,1735.4433771948616,0.009207876352163469,0.0,2.752651766263371,-4.6156885012066615,0.2880182354266827,0.0048397122896637656,-3.5525104557919813,2886.4795409498774,0.0036089712289663484,-0.057684138371395584,-1.3705621408315785,-2932.1091829868883,0.29209222881610575,0.06128682767427756,-13.93710073617746,1888.7323347942931,0.0032542442908653907,-0.09810881629357032,12.15591843825122,165.13804972371202,0.2472959735576923,0.3939768723707954,4.245089167668022,-1985.0420515770868,0.023100787823016833,-0.006104764498197467,-2.1834822141208248,-252.91013026075123,0.24270139723557693,0.3613078801081761,19.520679607684755,1007.9960696011417,0.012263775165264418,0.0,-6.280526871901219,-171.68696246689765,0.22896456204927884,0.46205798339843956,9.458487041766737,-1364.800815584634,0.01708799391526443,0.03649684964693575,-31.642945227989962,532.9593989233936,0.22560975060096153,0.7743707838792125,44.85195516263569,-5068.654965949525,0.0060951585036057715,0.026748286320613816,-12.897488959679276,1716.952873559773,0.22658082932692308,0.7864345609224832,31.21642829777638,-4506.909950561655,0.0035934025691105737,0.029241018442007858,-0.008738577035762005,1094.8801619696937,0.30598343599759614,0.3163078988882218,-2.107484482984948,1453.4886339205354,0.007261624849759618,-0.023127845177283297,2.301220595139678,457.94289843279904,0.28502437650240386,0.336068500225361,-1.1443817373424165,367.756600062513,0.025316725510817303,-0.01127428729717482,4.08965405273454,-712.7862529355796,0.27107620943509614,0.335862952599161,16.46366506253768,338.26799296450304,0.028582538311298075,-0.07238593233548739,0.17402783203139446,-468.0853882956799,0.2547773249699519,0.4688130258413483,12.285881530761396,-3854.4606437049933,0.03246367469200721,-0.1080003286508418,-4.707954859807019,397.4625792641389,0.23933298903245193,0.28155540114182953,3.0369344106820244,1518.9777613524952,0.028442044771634617,-0.008353642390325135,-0.9311697540282863,-7.307402637172224,0.22327460186298076,0.3084130014272859,9.229238839956457,-1232.4905784677571,0.021103088378906246,0.029694624680739194,-1.6864988861082288,25.18741440641121,0.22327460186298076,0.3084130014272859,9.229238839956457,-1232.4905784677571,0.021103088378906246,0.029694624680739194,-1.6864988861082288,25.18741440641121,0.2839162175105168,0.008988757793719958,0.23423050255408656,0.012428223595252405,0.2632448229667468,0.02386161608573718,0.22327460186298076,0.021103088378906246,77.003513550815,103.01608004345518,158.96368769289688,175.02374581446296,67.02447631548544,93.6248345769217,87.62053733363224,141.81460991878006,111.2141636399949,40.74312695363503,152.43467671857698,179.7838102194421,152.01058642421685,170.03421232049038,24.561207802522837,13.974279885557738,178.8888572148569,160.8304144458637,165.97348525267387,18.110677630761547,-8.945618759858812,8.3635397318842,-23.49656248265039,-8.516070873579022,-4.134012989066653,-3.79067193794263,-29.590765983433247,21.30929212207112,0.35678893435284226,-0.2019602481982872,-3.9932633863678513,2.177998961638103,6.135860648055163,-3.979800917989646,-3.1478531903093137,3.1204798701572067,0.27774509495381083,-2.9721920399792245,6.6355193333558296,-3.0973337618943604,-896.1743448152488,-272.5016574498583,-2943.9877228843893,-1543.7662670824088,1003.4853884968619,288.447110227036,-229.81926551361502,349.26755990770636,1172.4842043297913,145.1324284651478,-225.47234802548567,-552.5953740620971,176.85167997679008,-239.22718102608903,158.06805216098627,195.81838910102962,-405.2990522041166,210.7766987681913,-742.0587742748718,530.7285213817391,257.003513550815,333.9874335073598,355.023745814463,247.02447631548546,160.64931089240716,253.0287735587749,291.214163639995,139.25687304636497,166.82219632778796,166.6060065472301,194.59542012301324,204.56120780252283,166.02572011444227,164.91457732929916,184.08416288343543,198.11067763076156,-8.945618759858856,-17.309158491743013,6.187403990907422,-4.134012989066608,-7.92468492700926,21.66608105642401,0.3567889343527539,0.2019602481982872,4.195223634566139,-0.9917934602438518,-7.127654108298927,-3.147853190309281,-3.1204798701572205,0.5659935314821731,3.538185571461442,-3.0973337618943435,-896.1743448152511,-623.6726873653795,1238.4611832086753,1003.4853884968597,1291.9324987239002,1521.7517642375194,1172.4842043297913,-145.1324284651456,80.33991956033576,95.69255111169662,-81.15912886509344,158.06805216099565,-195.81838910102084,-0.5535541249379565,-211.33025289311607,530.7285213817424
71,-,swing,0.35678391959798994,0.28133456655649036,0.4308483792818502,-3.308202153132497,-2565.2683207233717,0.019776160606971155,-0.02970677067683371,-0.6460504373403237,272.7372410871334,0.2780600022536058,0.31284909292367613,2.5115042255107456,-1237.1155168456478,0.009207876352163469,0.02336422494741529,7.25859675480763,71.67729498176168,0.28805271559495194,0.07674400916466428,8.47604787034231,51.059319692737134,0.0035706881009615332,-0.16792960768479545,-11.803400522085225,1629.8837836562052,0.29218680513822115,0.03916616586538452,-3.137335083007824,998.9866896408773,0.002900071364182688,-0.04974906569260824,5.934702333890516,-1127.467477780846,0.24910370342548077,0.444401442307689,-10.419544588529075,-2975.777851151609,0.023039433405949522,-0.01535580913837201,-3.80481362680283,-37.873620377154076,0.245160888671875,0.46181132624699334,13.787057509202095,-1674.5421886338434,0.012263775165264418,-0.03703968224158585,-4.402197627140813,920.297988078182,0.23143712439903846,0.4868974797175456,2.927237379807683,-1463.1085057466703,0.01708799391526443,-0.03649684964693535,-16.899292424128742,1668.7795154149067,0.23080365459735577,0.851189537635215,-6.022924776517444,-4970.809769625223,0.0060951585036057715,0.0,-2.587920292781069,1290.6168040020218,0.23192251352163462,0.7822376521183865,2.695200270432399,-1899.2216950354964,0.00369956618088943,0.046032390887920265,2.8884715646596724,-55.46226102857766,0.3078288010817308,0.3523871131310083,7.3867005756085415,395.19173452053775,0.007261624849759618,0.0,2.3012205951396782,-228.97144921639696,0.2864081843449519,0.3614573692908628,6.684267723670899,111.49801441604389,0.025208726149338945,-0.020031083327072655,-0.9211296867958987,-319.95323698780123,0.2732396521935096,0.45979135366586243,6.132807734563259,-2701.981499175996,0.028153090256911054,-0.09859091890775104,-1.2026234236496873,675.4953747939717,0.2575028733473558,0.5302512113130966,-13.455177509014616,-3990.637329305732,0.03166993596003606,-0.11473154625525812,3.0849036207932525,1014.651355927112,0.24064753605769232,0.36763500976562374,9.248761192908447,-1390.9409672968845,0.028425795335036058,-0.016095313439002418,-0.904628650371741,222.62603376183299,0.22513131009615384,0.3053895827073301,-2.898232741135671,-302.5264691795801,0.021196242112379804,0.014270143949069627,-1.9627401803822342,290.73287631574334,0.22513131009615384,0.3053895827073301,-2.898232741135671,-302.5264691795801,0.021196242112379804,0.014270143949069627,-1.9627401803822342,290.73287631574334,0.2849085223858173,0.008863699106069711,0.23768557692307687,0.012437185434194715,0.2651263928535657,0.02365256911057692,0.22513131009615384,0.021196242112379804,72.78449687686464,102.2131408634424,159.78540528681515,170.7859507266071,69.90242053037686,90.72983183449918,73.93031416917201,151.66706024066468,115.03487795503932,39.95770308372506,152.64581269317938,179.9939142542323,156.5080954275288,165.91201377693102,24.98246076440345,15.014152122583628,179.92076825531868,159.33522000486923,168.40231826774206,17.32754134948641,-12.33450770505349,8.383878794077336,-40.03355776715414,-8.646913659525103,5.794892893299643,-5.451964654231834,-26.949212759953383,19.443676844753853,7.84846415426725,0.055514301305392956,-4.4621993022256845,-1.4718764196677043,6.726383831615824,-3.859170028668009,-2.638367421039768,3.492468194994747,-1.8801373362558973,-0.6615313289661051,0.587083929339094,0.8293891995000922,-218.28547048553068,130.0886697403413,-1803.463201402523,411.26018519080213,1915.2384190754142,-513.8530925387539,437.40567526452105,-1424.9207934325893,2388.900444704724,-18.252269437404927,95.5289312036733,-439.26296402901824,-26.22114999118525,117.24909645469528,124.55048006789914,-142.865299450966,-105.97052449264693,349.2281481060401,-952.0434586136921,571.0641118823493,252.78449687686464,330.5713560134222,350.78595072660704,249.90242053037687,160.63225236487605,266.70193819570403,295.0348779550394,140.04229691627495,167.3964842230956,167.40256996886328,190.89447454133443,204.98246076440344,164.98584787741638,165.0650796220977,185.72985961722847,197.3275413494864,-12.334507705053534,-20.718386499130805,19.31517126802325,5.794892893299643,0.34292823906780884,27.292140999021235,7.84846415426725,-0.055514301305404,4.406685000920281,0.22884638190807982,-6.497537449707744,-2.638367421039691,-3.492468194994703,0.7549417998730977,1.416473128839291,0.8293891995001088,-218.28547048552625,-348.37414022586967,1455.08906117664,1915.2384190754074,1401.3853265366536,963.9796512721324,2388.9004447047355,18.252269437406028,-77.27666176627167,215.57842653140867,241.7995765225851,124.55048006788984,142.8652994509701,-31.751198625292798,-380.9793467313417,571.0641118823415
72,stance,swing,0.36180904522613067,0.28333937424879807,0.3567017446664685,-15.516923907940559,-603.7394558598538,0.01958537879356971,-0.018982790433443846,2.955823682344974,253.86749250499554,0.2796893780048077,0.26137809870793516,-13.299184612567387,-1300.9766659686966,0.009442692683293272,0.07295072115384583,3.4730265902006776,-1062.4963434471645,0.28878953200120194,0.09002612304687327,-3.0393514639051737,-1442.7402771300945,0.0019212364783653818,-0.17631127929687573,15.010179403451964,2687.533191683263,0.29248585862379806,0.029755821814902307,-3.8970335036057855,-17.907761399477796,0.0027542536808894263,-0.03846356670673071,0.8245870032677943,-571.4296363513723,0.25176231971153845,0.28925783128005045,-25.66222591928295,1420.1520780921003,0.02294645808293269,-0.04434409743088939,-2.5641216148962442,690.0130563624394,0.24734271709735578,0.49987127216045907,2.691109872671181,-3163.402351269066,0.011891517052283654,-0.04424319223257118,2.968699138934821,405.7458438990441,0.23385800405649038,0.49147745455228575,-5.246121056189812,-563.9649858093608,0.016721191406250002,-0.13334528526893172,-14.871291806734547,1618.2381888205148,0.23416441932091347,0.7138388765775294,-5.10593196927632,1629.069794501584,0.0060951585036057715,0.0007390371469346202,0.07353419611999439,250.1814166177786,0.23444251427283655,0.8135220008263265,12.128773071288894,100.69415836505179,0.004056039663461533,0.058270883413461975,-0.5661482356144343,-690.6420479818632,0.30952501502403845,0.39054609562800646,1.8642917433521318,-898.9215228952484,0.007261624849759618,0.0,0.0,-374.6570081223665,0.28865711388221155,0.403247070312506,-0.023798677884684143,-1229.9006129762406,0.025115408090444713,-0.02053187208909344,0.874043630746574,400.348540812006,0.2756972280649038,0.397499211237988,-10.691927894005111,-1330.7427693694415,0.027591674804687508,-0.08447259990985616,6.962926071166818,955.9608879107001,0.26010648287259613,0.33358511117788425,-27.821026301457184,965.6501338125795,0.03131059382512019,-0.07699627216045722,5.489546204787116,273.9767245724097,0.24302781325120193,0.3745077749399048,-10.942371793306826,-1644.2765918884456,0.02828028282752404,-0.01744538762019192,1.3062778214675321,196.36563365171318,0.22634384390024037,0.2792850341796911,6.1887718130259906,1112.5751762037298,0.0212465069110577,0.009968592717098565,1.2354395693263898,416.47570093591906,0.22634384390024037,0.2792850341796911,6.1887718130259906,1112.5751762037298,0.0212465069110577,0.009968592717098565,1.2354395693263898,416.47570093591906,0.28607603571965146,0.008425890409029448,0.24031399489182692,0.01234207294170673,0.26722624949919865,0.02346768188476563,0.22634384390024037,0.0212465069110577,70.20797890231078,109.78237977617947,127.72539228324055,167.29979315710924,68.20919730777928,92.08534925856395,68.64280712475907,173.8856550562763,97.76608438530785,40.5490391925453,150.26817768188005,177.4009441280038,156.52230744454153,167.20167276046635,22.85974704857055,17.026725868460236,177.1349240238794,159.82912939765927,168.4095674706037,17.599653239397377,-11.139442583834004,9.670963548370048,-41.621820788203465,-4.382802680706621,15.114614338324527,-8.95502462677435,-25.194729046101358,6.988480127773679,24.36583862987781,-0.3854001420415536,-3.0331736255269095,-2.236704194432451,5.8723315024151095,-2.80141803904798,-1.8960895715364525,1.68464771487111,-0.7872853019572181,0.5376385942523497,-2.9327566326109666,2.6420040459684717,156.4548875306718,-223.21271660470313,1312.5525670460659,932.8024153751969,849.7724753765535,-122.62881711280002,92.8608642121949,-2175.2864761678356,2809.5692702193987,-30.687339609194566,230.45386863627266,73.55245622598444,-276.72500569873336,270.68799261656017,148.36513382598054,-444.9774755474152,345.4991440733331,87.15196040956218,-406.450636425939,160.9158696750876,250.2079789023108,320.4255991261313,372.70020684289074,248.20919730777925,160.29454656634326,271.6517394415842,277.7660843853079,139.4509608074547,169.18278312557467,166.58372725357847,190.06141980903692,202.85974704857054,162.97327413153977,165.83835010766032,186.00922071000105,197.59965323939738,-11.139442583834004,-20.81040613220403,20.811414655999343,15.114614338324504,6.159589711550132,31.354318757651512,24.365838629877835,0.38540014204156464,3.41857376756843,1.1748238918306164,-4.697507610584493,-1.8960895715365131,-1.6846477148710826,0.24688600760988233,-0.2907525866425115,2.642004045968411,156.45488753067835,379.667604135375,-932.8849629106778,849.7724753765535,727.1436582637514,634.2827940515414,2809.569270219403,30.687339609196766,-199.76652902708477,142.3281207437997,419.0531264425374,148.36513382596846,444.9774755474092,-158.38280634128813,-245.5347667508635,160.9158696750843
73,stance,swing,0.36683417085427134,0.2849195087139423,0.27489939528244867,-9.375935377854605,1420.3555753808946,0.01958537879356971,0.0,1.905381648137001,17.76901324814634,0.28068691781850963,0.17918894606370328,-10.563638146033854,1044.5885820476358,0.009941049429086538,0.05826901479867815,-3.4197584557165652,-155.15743270406585,0.2889575007512019,0.04619776329627078,-6.023854412372111,-154.95393541533738,0.0017987154447115378,-0.017073533278244058,15.206983313927287,-1508.5716500021476,0.29248585862379806,0.0,-3.317312584510112,300.2694992511786,0.0025135028545673066,-0.04146175912710282,0.19169091327374796,-9.194377495419467,0.2520108173076923,0.18648962402343996,3.853340618426613,4265.784163287748,0.022593764085036064,-0.041125875619741126,3.129990959754303,528.8385788286521,0.2501847205528846,0.488857656625598,-18.005930945763183,-2557.146928931513,0.011819119966947123,-0.007203509990984836,-0.3243499497635129,-357.91473119414275,0.23637659630408653,0.43417264498196995,-2.7407524273215325,-313.5523222726269,0.015747840294471155,-0.1859570688100956,-0.6355920339729231,2469.550596052881,0.23797791466346155,0.7998736384465086,10.349635972242085,-2033.0119124331552,0.00610258601262019,0.0007390371469346119,-0.07353419611999439,323.47744003180253,0.24009861403245192,0.904134868915259,3.707201862040953,-3607.433435060787,0.0042852032001201995,0.04034245887169483,-4.052654545710766,216.3731170748231,0.3117538874699519,0.371123713566708,-1.647686589167763,-349.8858381699839,0.007261624849759618,0.0,-1.4641764714167436,-395.47848069998173,0.29046091871995194,0.3612181865985544,-5.676542456994752,-983.3543979232956,0.025002375676081726,-0.011246725229117197,3.1024737384503656,129.80352051604842,0.277234619140625,0.35233479191706807,-7.241491455079278,-316.77127938374053,0.02730411940354567,-0.028611762413612643,8.405023691030651,115.37371277680192,0.26085548753004806,0.25064290677584034,-3.7501510385364965,2800.4741868732613,0.030896104079026446,-0.05956022761418195,5.838438541118959,43.45129606098402,0.24441143329326923,0.2576614239032443,-7.276631690392402,2031.6429306734628,0.02825046480618991,-0.002966893122745903,1.0688953059268707,-166.9602754446351,0.22793819486177885,0.3675882943960331,8.283427321213296,-906.5064218350601,0.02129642897385818,0.026686622032751853,2.2229452561596386,-282.28311389921,0.22793819486177885,0.3675882943960331,8.283427321213296,-906.5064218350601,0.02129642897385818,0.026686622032751853,2.2229452561596386,-282.28311389921,0.286762446476863,0.008459661630483773,0.24332973257211538,0.012109702711838945,0.2687757568359375,0.02333518629807692,0.22793819486177885,0.02129642897385818,66.30485028402342,110.85715570563087,123.99549761120933,168.5478030328168,80.38086206717298,83.73689918825487,64.6914161482032,140.0220401069605,139.4043050002641,39.80018756409182,150.0720009099118,177.50289382257466,158.49086646456811,166.253217781595,22.886621102407982,16.757309518365272,177.57237345089382,161.3588678178657,163.9402243868375,20.371224826037693,-10.762096775097,6.140534908602948,-26.842074681264123,0.7279849874617388,14.335319781506154,-6.684415077476047,-26.0159377427454,-2.4184987951237473,36.08534124189921,-0.25290117215384683,-2.1460800194490903,-0.732655754079926,3.945227995447669,-1.1386876908131516,-1.147260548416858,-0.9796672376425618,1.5922158705112468,0.21436777062747867,-3.497847090017049,2.4466341208577456,38.8095313433481,-695.9306934646827,3149.8368299068406,780.4497135571779,-986.5702237448205,1062.197772550117,-209.87552312843198,-726.1831956822589,1011.6862676159897,-2.595141469032731,341.231134563694,308.22381011859494,-260.4394265830101,230.60196404285165,152.99238277689375,-416.5302958787825,294.0898365999946,-156.38747295088402,245.97065179739892,-259.17649874614614,246.30485028402342,315.44769457839254,371.4521969671832,260.380862067173,164.11776125542787,279.4263451072246,319.4043050002642,140.19981243590817,170.12781152599638,167.63070534857107,189.13983888400296,202.886621102408,163.24269048163472,165.6703170307409,184.3114492128752,200.3712248260377,-10.762096775096978,-16.902631683699926,9.939442997564239,14.335319781506154,7.650904704030085,33.66684244677538,36.08534124189925,0.2529011721538579,2.39898119160286,1.6592797562176151,-2.2859482392300094,-1.1472605484169023,0.9796672376425453,-0.8368451985317974,-1.0512129691593204,2.446634120857729,38.80953134335252,734.7402248080263,-2415.0966050987968,-986.5702237448269,75.62754880529879,285.50307193372856,1011.6862676159964,2.5951414690316317,-338.6359930946536,123.15492023674628,383.594346819752,152.9923827769003,416.5302958787781,-169.59331989963064,-13.205846948737854,-259.17649874613676
74,stance,swing,0.37185929648241206,0.2861021822415865,0.26247123835637154,-1.2419935021023605,1271.0255650329502,0.01958537879356971,0.00016677386944066657,3.1344067300650384,164.90680280481334,0.2814902719350962,0.15521088115985576,-2.8008069035458765,1146.3372263629624,0.01002831092247597,0.03858128943810131,1.9136554072452352,1019.5861651763715,0.2892538311298077,0.029484872671273903,-4.596677447978923,258.71905286345515,0.0017496431790865463,-0.02347727614182697,-0.15134471717269976,-1280.6639366126356,0.29248585862379806,-0.0035840031550487105,-0.8792495915336259,313.5523222727015,0.0023375525841346223,-0.03653702486478349,0.7321811992937289,147.7112819155236,0.2536365872896635,0.32798487267127285,17.20997672682526,207.17873957945363,0.022533132699819713,-0.012886901855469125,2.7508389763465138,-249.44142647726946,0.252255859375,0.3189071420522856,-23.008859262319007,1339.8446480970317,0.011819119966947123,-0.04750299072265675,-0.6284338378907498,972.8557878054365,0.23822154822716346,0.4639322040264411,-8.397400677020247,-2249.829023592418,0.014852276141826923,-0.13973314490685057,9.94831217369652,490.05847052940095,0.2422033503605769,0.8178553185096111,-25.538212496242792,-7554.503844846157,0.00610258601262019,0.0,3.3245637441783256,711.7410168621345,0.243529296875,0.8507803109975925,-24.126839341382485,-6586.8372379008815,0.004461491511418267,0.017540686974157622,1.6084559560923402,871.0331444761125,0.3132549015925481,0.37398643141526505,-1.652148841270837,-894.7775781086077,0.007261624849759618,-0.014715341421273868,-3.9746580974872705,41.578196017917584,0.2922874474158654,0.3461963923527595,-9.906757450983175,165.07330058656714,0.025002375676081726,0.010648768498347555,2.1786016258827448,-393.79037819202244,0.27923828125,0.3247204026442261,-13.875558842585432,229.54494157543033,0.02730411940354567,0.0,8.122460872943726,-118.89329088240224,0.26262550706129806,0.29589515099158764,0.3244429133495804,863.9569887577702,0.03071199857271635,-0.018318497877854365,5.926242647611078,-120.42877042390042,0.24561737530048078,0.30137579815204113,9.476150123009472,2278.207645479665,0.02825046480618991,-0.006702721228967041,-0.37171489656900897,-39.996467092642064,0.23003819861778846,0.3625355600210311,-2.921845491849025,-1272.1725497506038,0.021514714167668272,0.03230975107046186,-1.6015766507661853,-541.0576660232239,0.23003819861778846,0.3625355600210311,-2.921845491849025,-1272.1725497506038,0.021514714167668272,0.03230975107046186,-1.6015766507661853,-541.0576660232239,0.2873330359825721,0.008425221369816712,0.24596932842548078,0.011953721266526444,0.27051028520633014,0.02334088291266026,0.23003819861778846,0.021514714167668272,64.23965121354603,111.07876053231581,122.8514446102942,169.69055392906398,82.65669640343029,85.14786421161175,53.33526529478401,165.53230592783524,128.93698939242273,40.234859511578115,149.76864788054556,178.41089968546592,160.17233230145192,164.85352800559738,23.381531986292977,15.141369847418485,179.87720804717637,159.73554318625438,165.36920996611286,19.63108504739056,-10.749397042694826,2.6766852220918,-9.965169231350655,3.4609130334359044,5.199335707723274,1.720329871216821,-27.304030786085608,-0.3098434469224216,34.5335398119481,-0.4114819658509279,0.3962850133042009,0.8610225404278127,3.2548498282139917,-0.4838103602253402,-0.35847768433148364,-2.5015864145639077,2.1683914477914845,-1.0340948022389536,-0.460689780375791,0.03721511384638899,-115.67368555621043,-284.8630042872353,1564.1072838046166,333.50888056351806,-2108.98752036243,1997.903219300142,956.3543454629885,597.828571604909,-1665.2672181301768,56.608896244539814,379.8244909152256,151.03806546354795,-315.50598094885635,393.6276756468174,-48.38452314963014,-118.33337187372574,-220.52641635299327,-133.86393777649835,548.2848035147113,-457.0950089004588,244.23965121354604,313.1608906812302,370.309446070936,262.65669640343026,167.80456061504205,294.46929532025797,308.93698939242284,139.76514048842188,169.99649260787638,168.40739229334227,188.23505999189032,203.38153198629297,164.85863015258153,164.7358381997579,185.00029501350346,199.63108504739057,-10.749397042694781,-13.426082264786649,-3.4609130334359044,5.199335707723186,6.919665578940073,34.22369636502568,34.533539811948195,0.4114819658509279,0.01519695254677116,2.4125617836572175,-0.8422880445568183,-0.3584776843314781,2.5015864145638913,-1.4575694687683225,-0.4234746665293247,0.03721511384642213,-115.67368555621697,169.18931873101843,-1394.9179650736114,-2108.9875203624347,-111.0843010622838,-1067.438646525255,-1665.267218130181,-56.60889624453872,-436.4333871597511,29.737171548338022,345.24315249718563,-48.384523149627384,118.33337187373012,-42.67414316225461,91.18979461425253,-457.0950089004544
75,stance,swing,0.3768844221105528,0.28755741060697115,0.262417048527651,3.398190903883644,600.8904938188277,0.01958705491286057,0.03150157517653319,3.5627364501954335,-321.89571110654515,0.282246826171875,0.15104013296273958,0.9573390033427017,862.9210025611358,0.010328801081730773,0.07750173245943437,6.8273386817344495,373.3897750068287,0.2892538311298077,0.0,-3.4236629263072236,408.6225555701187,0.0015627629206730748,-0.018594585712140545,2.335988976111799,204.1725296337729,0.2924498384915865,-0.008836679311895777,-0.16603296367892784,174.97066871519274,0.0021462965745192297,-0.03410315410907536,1.6762264099121826,185.23803191437403,0.2553071476862981,0.35945421424279006,5.935539006159824,-1394.7889160273958,0.02246424748347356,-0.013479252741886598,0.6230419499324883,-6.812534230755202,0.2533898174579327,0.2576128399188733,-4.540155588004011,3501.226350149163,0.011341702974759615,-0.013519427959736117,9.453095153808757,535.0776207005572,0.2410392315204327,0.3497766582782485,-25.352099398099696,1501.9394883680202,0.014343487079326922,-0.08597403188852211,4.289618725116555,-758.6841413984837,0.24619756610576923,0.5432081862229619,-65.57502578500606,-1902.2001553510715,0.00610258601262019,0.034151738093450595,7.07964185274571,-190.83420735171762,0.248649169921875,0.6616540715144289,-62.49216736309382,-2972.3553967522053,0.004461491511418267,0.056507845365085255,4.701447408823066,-470.4394819300948,0.3155125450721154,0.3545192025991618,-10.640426067646272,-652.1718105540052,0.00711373197115385,-0.03994631253756068,-1.046305154653751,790.9569613999721,0.29394027944711537,0.26165278508113515,-4.01751431039608,2421.654734210525,0.025109398475060093,0.010648768498347673,-0.8552185046855553,-20.92784616031392,0.2804981407752404,0.21288193922776663,-4.934507117637757,3265.835486464238,0.02730411940354567,0.053021010178786965,7.210116244976352,-1025.6540843283208,0.26382930814302885,0.25390363957332357,4.932833773099421,1669.140260608201,0.03071199857271635,0.0,4.628099139873724,-95.38935404556692,0.2474403357872596,0.35289911358173187,15.61992756065961,-1353.848961505625,0.02818310077373798,-0.006702721228967114,0.6669207622822251,394.6506167303435,0.23158176832932692,0.3382230130709171,-4.502226445124487,105.80009033426764,0.02162115009014423,0.01059037428635796,-3.214820231510977,-287.8654145214421,0.23158176832932692,0.3382230130709171,-4.502226445124487,105.80009033426764,0.02162115009014423,0.01059037428635796,-3.214820231510977,-287.8654145214421,0.2878769766000601,0.008406228872445912,0.24891658653846155,0.011742703012319711,0.2721337295923478,0.02334058321439303,0.23158176832932692,0.02162115009014423,60.161184648310375,111.5246013399403,118.289375293086,169.65279198471592,80.2193431870085,86.11991670698927,44.295038931777555,155.84242624192785,146.20179472029233,39.83499322303415,149.4379657826007,177.71828786627506,159.6734950939152,166.29306308857113,22.47877067815387,15.207122272947228,179.92905456731953,159.79912888523648,165.40010665745615,19.522696751679653,-11.924646378677009,3.277590141897053,-11.122403487247807,4.079833033326256,-6.860534694498261,13.39501426222396,-16.404336280805776,3.5898285576894353,19.348987290842082,0.31603245844454575,1.671251547538118,0.7853147530914169,0.7743136140521137,2.8173693508634226,-1.6335371629860074,-2.168947356976494,-0.6241300224836701,-1.1309984381815557,2.0125529453067066,-2.1472855665840713,-208.26493954494492,322.0714767087791,-438.06881748899735,92.2675987647376,-1239.0860674842959,1303.3945495973762,3382.693097940447,-1332.2573553895672,-1986.1272604377866,201.68766029320523,31.936331752656848,26.08486547526895,-365.41369829303824,210.94912720637586,16.44301469986872,109.2659355151152,-415.5584949475503,137.8387214608919,199.57826194749347,-252.55045442422278,240.16118464831035,308.63658330837006,370.3472080152841,260.2193431870085,166.3392598939978,302.0442209622202,326.2017947202924,140.16500677696584,170.72704099436513,168.4453288606402,188.77183376672497,202.47877067815386,164.79287772705277,164.7219322943723,184.92280340913578,199.52269675167966,-11.924646378677053,-15.202236520574106,-4.079833033326389,-6.860534694498305,6.53447956772572,22.93881584853156,19.348987290842082,-0.31603245844452366,-1.9872840059825974,1.9581458019295563,1.1838321878773985,-1.6335371629860238,2.1689473569765214,-1.2657310594589812,-0.13473262127738142,-2.147285566584044,-208.26493954495376,-530.3364162537216,-92.26759876474644,-1239.086067484276,64.30848211308468,-3318.384615827354,-1986.127260437805,-201.687660293203,-233.62399204587305,-138.02155638680523,227.39214190624182,16.443014699870364,-109.26593551511026,84.8665289841472,-52.972192476744716,-252.5504544242294
76,stance,swing,0.38190954773869346,0.2887395395132212,0.29662391075721195,4.797106938287827,-227.15847337221877,0.019901977539062504,0.03597317035381664,-0.10072604487509178,-327.24213987146226,0.28300826322115386,0.16483237868088788,5.871765986515731,618.0582650780375,0.01080722280649038,0.10719775860126114,5.666316462590222,-640.3689678133123,0.2892538311298077,-0.0049237999549291206,-0.48991809551544535,389.4013116713539,0.0015627629206730748,0.0,1.9006405052772655,456.56466679617756,0.2923970477764423,-0.005252676156846969,0.8792495915336259,508.5952235482075,0.0019948073167067315,-0.019690528282751616,2.593869962252249,28.156624845048555,0.2572491924579327,0.3876385310246375,3.191997671273638,-1586.538861177839,0.022397662823016834,-0.0066251737154441595,2.6823712956354067,414.20023125396824,0.25484493314302886,0.27327743765023554,12.179345261792946,3545.9032548806263,0.01168324631911058,0.04750299072265675,4.749230691763055,-189.3819767010188,0.24173689152644232,0.20913723520132024,6.697468552809,7082.112638920753,0.013988215519831732,-0.09662139892577995,2.32334592848568,-956.5945044685141,0.24766272911658654,0.15880983323317271,-44.65580199725846,16425.505648857677,0.006445819561298083,0.07115217942457952,1.4066320120002718,-1297.0917177311833,0.25017908653846155,0.22271832744891512,-53.999757901705955,15080.462570023843,0.0050294095552884666,0.06479141470102229,-3.1195790381799373,-371.23455372269984,0.3168179086538462,0.2670474759615344,-8.206639399602503,1088.9879904763047,0.006860154371995192,-0.02523097111628637,3.9746580974872705,482.54757060359344,0.29491712364783657,0.30581936410757304,14.431481083795807,1502.6239792479785,0.025109398475060093,0.0020536076472365042,1.9682715137187872,569.7461587817614,0.28137779822716347,0.275127366286058,18.94690835805995,1868.882099275995,0.02783699387770433,0.07246347984900808,-2.1856203765870674,-1194.9684534072774,0.26517730243389426,0.3454713698167071,17.099721914436916,-373.0105300598143,0.03071199857271635,0.028195061316856115,4.9675556722787535,-229.1749465050144,0.24916410006009615,0.4583599947415839,-4.130372103177625,-4446.156760028456,0.02818310077373798,0.0,3.5946229600173307,466.83665493363435,0.2334374248798077,0.31728705303485566,-1.8585280010523724,1059.6473814063327,0.02162115009014423,0.0,-4.494696394700258,-22.500325208822193,0.2334374248798077,0.31728705303485566,-1.8585280010523724,1059.6473814063327,0.02162115009014423,0.0,-4.494696394700258,-22.500325208822193,0.28834967041015624,0.008566692645733173,0.2503345665564904,0.01190887075570914,0.27348194298377404,0.023387132693559697,0.2334374248798077,0.02162115009014423,57.78194354736579,113.73893714621875,116.21657573432806,172.17356933318098,77.35262550425156,92.6742204129253,41.871172449587355,157.53001097703432,150.62566249055516,39.80339393594455,151.58679950506897,178.6729759425592,160.96246750179378,166.32603976327064,22.648323351362848,14.255395215131257,178.52416285591744,159.60245824632744,166.15383856439692,18.51247083006186,-12.842512012995766,5.913584485496593,-14.367870914657132,4.388225583835271,-7.2537905986514755,14.819772580738102,6.6928847711045805,-13.699364606616475,14.57246181759862,1.615529695387302,0.717253171622358,1.1231819924405642,-0.41764965211802635,1.6362813704919907,-0.1932212551870755,-1.4034363088843653,-2.008075838113515,0.3512189812875888,1.5451218974884515,-2.5009804080050793,-30.42025558548165,513.2381221162603,24.53322742959172,0.5234400627287545,1175.8928366036127,-485.03290159624777,2098.6344736192423,-93.59286427274799,-1314.1816743391314,306.848133693789,-415.7150386574179,84.2635859133978,-126.20178964755456,-584.228172566215,497.0811852881936,128.81422414710522,49.7853539102498,363.73214323199676,-267.3045362424845,104.19308797183292,237.78194354736576,304.04300640114707,367.826430666819,257.35262550425153,170.02684591717687,308.1556734675895,330.62566249055527,140.19660606405546,168.60980655898652,169.9368306164273,188.9743631146335,202.64832335136285,165.74460478486876,164.26876764078622,184.66630939445878,198.51247083006186,-12.84251201299581,-18.756096498492358,-4.38822558383536,-7.253790598651365,7.565981982086648,0.8730972109821458,14.572461817598532,-1.6155296953872798,-2.332782867009726,1.0254104631868226,1.4430601153048932,-0.1932212551870534,1.4034363088843986,-0.6046395292291604,-0.9558585105167051,-2.5009804080051126,-30.420255585468574,-543.6583777017377,-568.1916051313183,1175.8928366036216,690.8599350073606,-1407.7745386118836,-1314.1816743391269,-306.84813369379344,108.86690496361568,-213.34877692558308,-87.14698727801533,497.08118528819085,-128.81422414710906,200.62069496135126,-163.11144827065425,104.19308797183018
77,stance,swing,0.3869346733668342,0.29053855543870194,0.3106291785606947,1.1151911714995257,-135.39969595324962,0.019948594313401444,0.030489253117487035,0.2738707228440396,302.8132153590542,0.2839034329927885,0.21005285644531,7.168979858398381,-559.636043487524,0.011406165489783654,0.13444963660607,0.39146965848505105,-967.9441032480288,0.289204345703125,-0.0049237999549291206,0.48991809551544535,264.8054717689142,0.0015627629206730748,0.0005073289137617044,6.924578592153805,497.6063699622506,0.2923970477764423,0.0,4.945476820725189,433.11622921991864,0.0019484018179086598,-0.008034109262318977,1.9592075641337774,-99.01068079555039,0.25920301231971155,0.3915345928485554,-10.009575176532094,-1432.879908508275,0.022397662823016834,0.013479252741886449,4.785858344444749,269.5599084214623,0.25613632436899036,0.3800183199368934,31.09706305401249,1439.354822237584,0.011819119966947123,0.03421153376652594,7.5497587045522785,754.8084430377717,0.24314111328125,0.41708790001502266,45.82491204834034,3337.68852910441,0.013372417743389431,-0.06262382155198251,-5.3243963951700595,-2497.3187260742243,0.24779364483173077,0.0944061560997593,99.50543299748387,18006.402085214424,0.006817683293269233,0.04828874323918203,-5.956455812894378,-618.0305154477395,0.25088754507211536,0.1189429368239144,89.07027052659369,19953.630640613366,0.0051126615084134686,0.025155292217548055,0.9704468688964182,712.4995067561248,0.3181964393028846,0.2720404146634579,0.3041768517136231,959.896710470407,0.006860154371995192,0.0,3.803419173020576,-266.831194778448,0.2970138408954327,0.40669279597355595,11.08423422475955,-1803.4669708580227,0.02513003774789664,0.030430391751802906,4.870873543372373,-144.14082948772756,0.28326323993389424,0.40330312875600816,13.848227548452726,-2465.665647815382,0.02803239558293269,0.03105497624323845,-4.799616955096838,228.76795192779352,0.2673013822115385,0.4257601412259566,1.1839842247595627,-3598.3500560864386,0.030995366023137016,0.04992518263596759,2.324833345853469,-166.09541196794777,0.25204696890024036,0.3113878361628611,-29.065065002440644,389.32731265725016,0.02818310077373798,0.02942414269080521,5.358746440007214,-236.88471878110522,0.23477058293269232,0.31954433969350626,6.1474959810698575,647.084378338245,0.02162115009014423,-0.03458245380108201,-3.4409541532076835,789.5972295168367,0.23477058293269232,0.31954433969350626,6.1474959810698575,647.084378338245,0.02162115009014423,-0.03458245380108201,-3.4409541532076835,789.5972295168367,0.28901084547776446,0.008716481135441708,0.25143232797475956,0.011903909067007218,0.2754320756961138,0.02347036743164062,0.23477058293269232,0.02162115009014423,52.16260087429966,113.85905191899582,111.41629278282724,173.11274382752347,73.83328422671889,99.35057666763396,47.81683860334463,154.2258031642279,151.14121912678036,40.777602669112795,151.14095461740766,178.59745739286322,159.03836650356416,169.64774239982077,20.797876417231425,13.89640386298998,177.8472272002718,159.53814058260596,166.6323030190871,17.780379735588774,-12.230377590591399,8.435762223467531,-10.875838387452914,4.085093737474284,4.957483763829557,8.520311733618433,4.687467474161575,2.6491967559532705,6.141131267333167,3.3999332995881675,-2.506789041983688,1.632184963276323,-0.49404608089818886,-3.0542705744251957,3.362253643930533,-0.8743320389151291,-0.12377470680276538,2.524600991285764,-0.6739248058740535,-1.1001188532993138,154.839306574292,326.99661588231646,777.808519119343,-128.2848682402605,2766.134894042621,-1296.567393318007,-1799.979085440301,3408.2989886147802,-138.7524024498853,211.55101599612465,-526.7289416384328,-14.105367824780314,-131.11091873112767,-676.3274797847312,571.6958802720064,102.31600891380478,382.1230043127182,405.08653129639464,-537.8366382265212,412.55710232902305,232.1626008742997,298.3035489553038,366.8872561724765,253.8332842267189,173.18386089435288,305.36702229100825,331.14121912678047,139.2223973308872,168.08144271347953,169.48398532061634,190.4456188170522,200.79787641723144,166.10359613701002,163.9508233372818,184.41268275467584,197.78037973558878,-12.230377590591312,-20.66613981405893,-9.790301426605994,4.9574837638296,13.477795497447968,8.790328023286438,6.141131267333211,-3.3999332995881897,-0.8931442576045457,-0.1860630113928959,0.30798306950538135,3.362253643930489,0.8743320389151181,0.750557332112397,-1.7740436591734112,-1.1001188532993138,154.83930657429855,-172.15730930802664,-949.9658284273432,2766.134894042612,1469.5675007246095,3269.5465861648954,-138.75240244987646,-211.55101599612684,315.1779256423236,-235.7425182438382,-104.63159951271493,571.6958802720031,-102.31600891380975,279.80699539891293,-125.27953589749058,412.5571023290307
78,stance,swing,0.39195979899497485,0.2918614408052885,0.30783186222956904,3.4363059739335537,-542.4867719820684,0.02020840219350961,0.03872563993013866,2.942622853205868,178.87874164464296,0.28511934720552884,0.23688242750901262,0.24728313739486213,-1555.6812723200453,0.01215847543569712,0.1111321270282466,-4.061764977088501,-232.40315349289008,0.289204345703125,0.0,2.1714434298002865,129.68327211824104,0.0015678617037259562,0.06959375469501342,6.901709550124027,-916.884783555289,0.2923970477764423,0.04445060847355716,5.232176518366998,-768.886755460274,0.0019140625000000078,0.0,1.5987877432014872,12.089588920008783,0.26118421349158655,0.2870397855318522,-11.208805429312104,1939.4956584307945,0.022533132699819713,0.04147390512319674,5.391516103891321,-408.0536881496523,0.2586642127403846,0.585810734675488,26.645222872220987,-2844.096605654377,0.012027080829326922,0.1233799626277051,12.335245194655265,-1100.9018317378304,0.2459287297175481,0.6696891150841396,40.24207688551678,-4171.342921609818,0.013358830378605774,-0.15013292048527827,-22.775334735576983,557.9248162877492,0.24861153470552885,1.1588644362229645,136.31306318077674,-12528.421573061552,0.0069311335637019245,0.011288301908052849,-4.804729952298644,89.37230921584501,0.2513744929387019,1.117896925706142,146.5392435114946,-10879.2240467391,0.005282226562500006,0.07454464956430291,4.041220024695719,-754.4014484605017,0.3195519831730769,0.27010452974760096,1.4405637207031379,-100.82365663983535,0.006860154371995192,0.012994347205528629,1.292937546950093,-507.08749363708495,0.2990044884314904,0.41721870304988057,-3.6938151057321367,-2168.4486078937084,0.025415231557992787,0.05100711059570278,0.519619961078303,-690.4940499537354,0.2854310960036058,0.4143055326021664,-5.83365091646661,-2391.796132042595,0.028149104191706728,0.02422612351637633,0.113555019672174,574.0196018430223,0.269456298828125,0.35737070875901433,-19.06460025728624,-804.8502762873263,0.031213759202223565,0.05156022057166495,3.2982550494853013,304.6215662648062,0.2522936260516827,0.1662487886869028,-0.2175347900394157,4674.832213188707,0.02847882080078125,0.053856748140776255,1.21387201749365,-871.6158867117344,0.23664892578125,0.37907093224158817,4.644832585261676,-1300.2736753352483,0.02127358774038461,-0.034582453801082394,3.4409541532076835,820.7508144308499,0.23664892578125,0.37907093224158817,4.644832585261676,-1300.2736753352483,0.02127358774038461,-0.034582453801082394,3.4409541532076835,820.7508144308499,0.2896455453725962,0.008962200458233174,0.25315263671875,0.012026480806790868,0.27706440304487184,0.023565109644180692,0.23664892578125,0.02127358774038461,50.05265498683152,118.96009184711957,104.90387292963955,173.81130978992763,76.51175274740618,97.51852351388158,61.37549728608153,143.48312677528318,149.17165219992302,42.083095288326035,149.3047217465326,179.47203933853413,160.08596654864306,164.3255426629429,24.72863441502125,14.027636680054329,178.49006243534672,160.60326612142745,166.80622858617036,17.05293104769455,-11.286338077575738,9.199982635067627,-6.55069986823154,3.0989304256416927,20.54656009524433,1.788944507190238,-11.397357293622141,20.55489658549202,13.177965310564591,3.741670559669971,-4.576505035799101,0.9814195017392539,-1.7353473278077574,-5.160979732872172,5.552465983727587,-0.3751347117606947,1.8323563660344238,4.422440401351874,-3.860271451521836,1.6453221279650196,234.20344076279162,-96.52939356576158,881.3869649978334,-424.9770196569142,2394.9126731098163,-1049.2793623515722,-2526.974941276509,2501.7221121547427,1370.8861398800093,-30.99590601250462,-131.05086558028106,-227.66266469514923,-383.81144357487244,110.79501324274315,77.06472897098108,-5.058348725177861,151.5412404339451,-35.34402139494637,-63.215509439776326,255.15911999383357,230.05265498683153,291.09256313971196,366.18869021007237,256.51175274740615,174.03027626128775,292.65477897520617,329.17165219992313,137.91690471167396,168.61218296514133,169.1401436266072,189.05417707796414,204.72863441502125,165.97236331994566,164.46242575529237,183.85915963386492,197.05293104769456,-11.286338077575717,-20.486320712643387,-13.935620844411716,20.546560095244352,22.335504602434547,33.73286189605661,13.177965310564591,-3.741670559669971,0.834834476129218,-1.3438610769522652,0.3914862508554923,5.552465983727576,0.3751347117606781,2.207491077795102,-2.2149493235568167,1.6453221279650638,234.2034407627798,330.7328343285545,-550.654130669279,2394.912673109808,1345.633310758242,3872.6082520347477,1370.886139879996,30.99590601250683,162.04677159280106,-195.95170136113893,187.85974221372038,77.06472897099482,5.058348725178955,156.59958915911523,191.94361055406597,255.15911999383357
79,stance,swing,0.3969849246231156,0.2936323429987981,0.3451649169921875,-4.336937190129265,-1452.452647723939,0.02033779672475962,0.06006335214468149,2.0716470207801376,-737.654546593901,0.2862841609074519,0.2125381141075699,-8.466007803109507,-232.04240829936208,0.012523071289062507,0.09362787804236676,-1.9442404268706126,101.93364185042937,0.289204345703125,0.016899752103365067,1.7932675640404723,233.24489227765966,0.0022621976412259687,0.06987124399038462,-2.2903438556379827,-847.7789543116637,0.29284378756009616,0.05258468862680365,-2.782028259277513,-913.3143311274821,0.0019484018179086598,0.008034109262318977,2.0807109703650206,-77.30122004932522,0.26208783428485577,0.27888328200119833,9.482843501164202,2425.8726780114325,0.022814485990084135,0.06766534423828127,0.684816252488472,-977.0321071607232,0.2620238694411058,0.6478095045823287,2.5131775700490957,-3519.7816029217233,0.01305911959134616,0.15818384728064838,-3.5145813129132786,-2320.6368301591156,0.2498716571514423,0.8215308837890579,3.901867610050985,-4909.834582050014,0.011863544170673077,-0.2915216580904431,0.2828881906364273,3304.499971304077,0.2594405235877404,1.4643866905799183,-26.408351656400235,-19928.748472139687,0.0069311335637019245,0.0,-5.058241649921067,-85.5983594994209,0.26212269005408656,1.59169915301983,-20.26866461651212,-22797.227752922783,0.005861853966346156,0.06577056884765552,-6.611477236234201,-1133.4151485349087,0.3209110576923077,0.28651844200720794,-0.7091262300937606,348.75735320580975,0.006990750826322112,0.012994347205528486,-1.292937546950093,-285.72869299080855,0.30120699368990383,0.36956902606670056,-10.709219120905711,-601.4454864242659,0.025642672025240384,0.03565270291841898,-2.0687651496299457,-71.66342016659033,0.28742711463341347,0.3446734713040828,-10.189924532377216,-299.8995041808697,0.028275874211237978,0.03219623272235577,0.9694242694561108,717.1151952573231,0.2708930476262019,0.23415611853966403,-6.904963275615523,2815.2369901756088,0.031513559194711535,0.08307347459059351,5.3863566248967265,-433.3474761387454,0.25371781099759616,0.30920155686598255,17.918173321063634,656.9447469600492,0.028724374624399043,0.04162386145958553,-3.401212220412169,-343.46179876298595,0.23858034104567308,0.3662260742187489,-6.920581157977778,-648.4348603445383,0.02127358774038461,0.0,4.8077977506198994,385.34986565223323,0.23858034104567308,0.3662260742187489,-6.920581157977778,-648.4348603445383,0.02127358774038461,0.0,4.8077977506198994,385.34986565223323,0.2904911592923678,0.009267866868239188,0.25910931490384614,0.012106027456430291,0.27878939428084937,0.023736803103715943,0.23858034104567308,0.02127358774038461,46.76236211963045,120.8763181681024,110.81394830076677,175.07209565076127,89.62432338120257,95.9945453388611,32.88836543822732,174.46582682204706,158.2646764597893,43.42871384127752,147.38953804660517,179.73884185061513,159.69652603740423,163.01727435757536,26.206789567752825,13.924462645524496,179.7493328277817,163.15959684195212,163.58350416073515,19.0817691795699,-9.87657416583974,7.46561756451516,-2.017677935213442,-0.1860320882233176,29.02695786543559,-2.0252094960455396,-20.709265603994123,27.79213255650328,19.918881416880907,3.0884166562464146,-3.8238831684186647,-0.6558820185844576,-4.351447523861705,-1.9407528533926086,4.136773533086116,-0.925169714545057,1.3992528352469236,2.16938469585917,-1.3092565590376304,1.4642944129703528,262.9864926053135,-374.47031815326216,531.8692731882195,-876.4463759886274,450.2678178414389,142.90893745829646,281.2483217974346,-266.29817890200053,578.2266124043088,-239.15149390843098,468.5326647597466,-331.57383802248,-386.29290382061396,944.5748085913976,-570.7354531875411,-229.27288693704122,-326.61932979963603,-603.59594457518,683.9672705331471,-177.71776882055755,226.76236211963044,285.88604395152805,355.07209565076124,269.6243233812026,185.61886872006366,332.7305032818364,338.2646764597894,136.57128615872247,169.18174811211733,168.92058996273244,189.22406392532824,206.20678956775282,166.0755373544755,165.8248701822572,182.66527334030505,199.0817691795699,-9.876574165839772,-17.342191730354887,-15.324513795141424,29.02695786543555,27.001748369390008,47.71101397338414,19.91888141688082,-3.0884166562464146,0.7354665121723384,-2.155426844168148,2.1960206796935133,4.1367735330862105,0.925169714545057,2.324422549791936,0.1550378539327666,1.4642944129703528,262.9864926053125,637.456810758579,105.5875375703421,450.2678178414258,593.17675529974,311.9284335023174,578.2266124043176,239.15149390842882,-229.38117085132654,-12.453548416769475,373.83935540384005,-570.73545318754,229.27288693704284,-97.34644286258882,506.24950171259127,-177.7177688205647
80,stance,swing,0.4020100502512563,0.2953304349459135,0.26424455378605866,-11.161208073543284,923.8406908756942,0.02081205397385817,0.05954621300330596,-4.4709906804012105,-768.2161393955151,0.28725540865384613,0.15179692195012273,-2.084801368126375,1630.0872809447637,0.013099459134615382,0.09159202223557704,-3.03730626502388,-370.2078174027631,0.28937419245793267,0.018022789588346532,4.515613201435067,853.7821243261351,0.002270085261418267,0.04657522348257128,-1.6186819504957468,190.94520587279206,0.292925537109375,0.01649052546574284,-3.946861985426831,158.70938537840402,0.0019948073167067315,0.020911668043869645,0.8218910592886675,-414.0614831026419,0.263987060546875,0.38234474534254814,13.171824500451141,-824.0160209256293,0.023213186410757217,0.048356480525090964,-4.4279020585280495,11.058227661699235,0.2651748610276442,0.6110688007061323,-8.729466604379402,-641.66395055916,0.013616868239182692,0.08805753737229512,-10.987738023024393,535.3366172497315,0.2541853215144231,0.7089038649338985,-9.102994290865487,265.4344633882692,0.010428964468149046,-0.14728982309194733,10.435720252403833,-1821.2637337364856,0.2633289888822115,0.8934538668119058,-63.97586618746218,-636.9280136602143,0.0069311335637019245,-0.039548297588641514,-5.6650149723933305,438.44415823128077,0.26737146935096157,0.9141917536808937,-82.57862335205198,-845.623733027508,0.0059432373046875014,0.008097642164963918,-7.349886995755674,412.72950084979544,0.32243156550480767,0.262977632962739,4.945662747897221,1047.3080458140255,0.006990750826322112,0.0,-1.5787076087364371,45.64814179053546,0.30271875,0.3095883601262046,-9.738493361252424,869.5069148113053,0.025773550180288457,0.030215501051683136,-0.20061541748039685,377.52909485507047,0.2888951509915865,0.3118942307692291,-8.84771628511858,703.2311302467513,0.028472684420072114,0.033969080998347334,7.320742911705603,1175.7102100014336,0.27180962665264424,0.28797409292368215,9.229238839956182,1932.4287525891725,0.03204866849459134,0.10569445800781319,-1.0569959669845204,-1042.0448659398157,0.25540117938701923,0.34633093261719133,6.384924978403318,-1534.3880560280024,0.028897151066706733,0.01967371074969903,-2.238005357008736,689.3794398046865,0.24032958984375,0.30951735276442427,-1.872100684532707,1979.1591299602596,0.02127358774038461,0.01373712158203238,7.313817124586929,-20.021358238259282,0.24032958984375,0.30951735276442427,-1.872100684532707,1979.1591299602596,0.02127358774038461,0.01373712158203238,7.313817124586929,-20.021358238259282,0.29122139329176683,0.009544101421649638,0.2628095402644231,0.012026677997295676,0.28026431039663463,0.023909398788060893,0.24032958984375,0.02127358774038461,43.68490979943557,122.61474154785634,105.50251452875325,175.56765372282592,97.05599369557912,99.12067294908843,37.110586201824546,172.7987960431314,166.26728439971157,43.616059589833306,147.43225355913813,179.22700441088244,157.3064764743048,164.04085885538157,26.831355932224675,13.579287114021536,179.78747289688093,163.62081616222565,162.53397625851647,20.053393362117276,-8.643257749884134,5.4364618496076895,-1.2052800371941348,-5.709575865701335,25.07186479716836,3.2252152354143293,-8.570740994150425,17.878532978436727,18.989288048296363,1.3381379575751766,0.13236596681143786,-2.350980880396238,-5.617688069723492,4.332234423825333,-0.18356872167486127,-2.679384831730968,-1.4502499636101738,-1.6438504989012181,3.013771468409321,-0.14078610138732525,267.47535443881253,-301.21150814732044,482.63966488350167,-1420.231732135723,-945.0540190078309,1141.9736386482625,3234.1228185432838,-2348.4560427300503,-688.7471561728061,-275.02739587138774,770.6390777678506,-304.48680279459336,209.7141700161443,571.374883311506,-500.18081551594133,-273.45110607825956,-473.6817303700535,-509.31728660048503,378.02567183350413,-68.93900952480294,223.6849097994356,281.0701682515792,355.5676537228259,277.05599369557916,196.17666664466756,339.066080442843,346.2672843997116,136.3839404101667,168.95168685102863,168.17869126191107,190.87221478760623,206.83135593222468,166.42071288597847,166.2081857828594,182.58736962063372,200.05339336211728,-8.643257749884123,-14.079719599491812,-12.87443956229772,25.07186479716825,28.297080032582713,36.86782102673318,18.98928804829645,-1.3381379575751986,-1.4705039243866365,-1.4690223675730645,4.148665702150383,-0.18356872167486127,2.679384831730968,1.2291348681208383,2.8729853670220122,-0.14078610138735287,267.4753544388157,568.6868625861405,86.0471977026388,-945.0540190078245,196.91961964043628,-3037.2031989028555,-688.7471561727929,275.0273958713855,-495.6116818964783,280.90823781169627,71.19406779555638,-500.18081551595407,273.4511060782565,-200.23062429178822,309.0866623087012,-68.93900952480733
81,stance,swing,0.40703517587939697,0.29628806715745193,0.23299197152944168,4.947893873948002,2162.584186030628,0.02093625112680289,0.015128772442157063,-5.649118199275239,295.08494332945435,0.28780975811298076,0.19158533653846074,7.916778940053837,154.58394034521893,0.013443594125600963,0.06310218693659933,-5.664922008807905,133.54972060215843,0.28938547926682695,0.062282799353968445,10.373992431639763,-429.52727703863525,0.002730290339543265,0.05360308368389481,-0.3712965604340552,-11.525346437907345,0.293009521484375,0.012917733999398578,-1.186959059494569,264.82397152242334,0.002158569335937499,0.016294320913461308,-2.0807109703650206,-817.0508637284508,0.2659304950420673,0.41126342773437474,1.2012754516604467,-1762.1200217590388,0.023300480769230775,0.023163816011869013,0.7959542189377098,733.0619827845592,0.2681652644230769,0.5600761718749986,-3.9357063551685485,1605.9081031048736,0.01394411996694711,0.04775431941105724,1.8656861971342382,2070.1686673619292,0.2569963191105769,0.7300435039813652,6.569550659179301,885.6386998738074,0.010383244441105777,-0.18664004751352087,-18.02126993736833,-706.0985920410427,0.26841995943509617,0.8214131610576897,-32.80963822584958,4634.965244370746,0.006533663236177892,-0.05693482384314867,-0.6517676978479234,-1080.4596041072093,0.271310546875,0.761763239933886,-28.767395601713147,8067.779506033313,0.0059432373046875014,-0.00809764216496383,-2.463442051814174,-600.4372498579862,0.32355404897836537,0.3362235952524058,9.816582773062205,-1321.1043977896293,0.006990750826322112,-0.002872060922475801,-0.8341622525728553,128.49003801668096,0.3043184344951923,0.2716947209284859,-1.9704561579780793,1629.3842903113073,0.025946345402644233,0.03363646756685722,1.7254971102199832,-5.013433201725697,0.2905617300180288,0.25575169959434896,-3.1222749821586575,1461.924521521962,0.02861727201021634,0.10577153836763772,12.785607284545815,-958.5693531558529,0.27378725961538464,0.32691228778545417,12.516431222767991,257.5720681458205,0.032575815054086535,0.07245039954552303,-5.086456098116426,170.4058545361836,0.2571985238882212,0.3733716571514426,2.49718783334512,-1581.0444343848817,0.02892210036057692,0.019131345308744108,3.527224360539407,719.9595323597856,0.2416910682091346,0.3474109919621389,12.970465374286006,1365.2263099154004,0.021411649263822122,0.07350569974459176,4.606578069833375,-1383.4161925559404,0.2416910682091346,0.3474109919621389,12.970465374286006,1365.2263099154004,0.021411649263822122,0.07350569974459176,4.606578069833375,-1383.4161925559404,0.2916232065054086,0.009817176231971154,0.2661645169771635,0.01202094914362981,0.2818518442007211,0.02407732215294471,0.2416910682091346,0.021411649263822122,41.468456139568126,123.101338235509,107.33209047704818,171.035027427011,103.43343054870282,94.24985567202832,36.306266795411304,172.92134693625232,168.45567248906752,44.579911928836474,146.4076227977216,177.70944895800008,154.300683375191,166.5797544211298,25.84147643512121,12.74651262570352,178.96704131958262,160.26822633717467,168.64280031761513,17.309502039089306,-7.188379648866768,4.438366226351156,2.832971963113175,-14.45971783833099,19.52892752364841,9.451912500419335,11.794481316038658,4.189559262734091,12.996799445294963,0.3243222253782148,3.9212331910571687,-3.716050890891908,-2.2437674231969527,3.801708285416458,-0.8901693364207984,-3.673422036939607,-3.361367570482226,-2.949382003643158,2.489996424213642,0.7714400458869108,80.82060026083296,-227.6685523535102,1472.9084814923006,-1877.3232666892884,-389.0504698755569,618.5968283698193,2979.5501284270686,-2270.1454568915738,-940.2548289337773,-64.11776793346154,429.9325155967419,-70.83783907398812,651.1777522042211,-600.6180427265396,241.14271443452202,-21.45941496118655,-83.02542583094316,84.875462157812,-529.9019579071419,383.4604848795735,221.46845613956813,278.36711790405917,351.03502742701096,283.4334305487028,197.68328622073113,341.3770194253198,348.45567248906764,135.42008807116352,169.01246527344193,166.721914231442,192.42123085625101,205.8414764351212,167.25348737429647,166.2205286938791,185.95230235670442,197.3095020390893,-7.188379648866768,-11.626745875217836,-14.45971783833099,19.52892752364843,28.980840024067746,17.18635870802901,12.996799445295007,-0.3243222253782369,-4.24555541643545,0.6677715257986299,2.9115389489955827,-0.8901693364208315,3.6734220369395763,0.31205446645739476,3.261436470100597,0.7714400458868667,80.82060026083074,308.48915261434524,-1164.4193288779513,-389.0504698755393,229.54635849425128,-2750.003769932817,-479.85831304123826,64.11776793346701,-365.8147476632793,291.70242391220023,-359.47532829200765,241.14271443452313,21.459414961185182,-61.56601086976236,-146.44147302756556,383.4604848795763
82,stance,swing,0.4120603015075377,0.29767206280048075,0.31397213040865185,10.573306358925437,-225.86349062638374,0.020964101938100957,0.002771155724157587,-1.5053128579946213,719.0160449307103,0.2891808894230769,0.23136253943810134,-0.5311939274709013,-741.8771153329662,0.013733651968149047,0.03465813269981895,-1.6950980177660002,736.5306865680537,0.2900001502403846,0.12228402005708833,0.19875614577037184,-1767.5404495378907,0.0028088097205528906,0.042843599759615936,-1.734514578012404,-370.494563582222,0.2930553635817308,0.0045612886869029,-1.285314532940153,88.4658212936429,0.002158569335937499,0.0,-7.38967541034404,-674.4270140286972,0.268120361328125,0.3944178654597386,-4.537924461951335,-636.5395188365059,0.023445988581730776,0.0563560204139122,2.9395550548846376,-286.37155942535617,0.2708037672776442,0.5715139629657447,7.410313326322917,360.7821929884662,0.014096811147836535,0.10680815241887046,9.81797722684433,-700.4099178361313,0.2615224421574519,0.7749294996995199,-0.2021028348472843,-2095.023086205152,0.008553185096153854,-0.32840811391977054,3.3392519906847795,4089.527761703462,0.2715843975360577,0.5637087590144211,-17.393300917404225,3987.843866525547,0.006358924278846156,-0.046098726712741275,-16.52390546593317,-2044.6205077619984,0.27502738131009613,0.6250721998948306,-1.495412236138931,2999.6980324425354,0.005861853966346156,-0.01666056941105804,-13.384432220459079,-1365.2263099153777,0.32581069711538463,0.3616367563100983,-8.331768385666951,-1586.205865614767,0.006961885892427883,-0.008383540226862904,-0.28735044273963806,163.53782104492228,0.30544935021033653,0.2897847806490379,6.637228149414052,1330.2432760244544,0.026111605130709134,0.047557180551381535,-0.25100168081432367,-642.5149392207038,0.29146551983173075,0.2805145827073329,5.844992473896179,1524.1761920893073,0.029535714956430287,0.16246764667217517,-2.313119934081905,-2728.5240205271684,0.27509517728365385,0.4137673715444665,11.817902841421725,-2023.151543811386,0.03277681321364183,0.054574296217698125,0.655625686645473,818.5909682083179,0.2591536583533654,0.3714282977764389,-9.504968834510136,-897.6635396563371,0.029089425893930293,0.05512320181039674,4.997768837562005,-308.1827688158567,0.24382115760216347,0.43987378868689725,11.848766751803034,-1097.164881528362,0.02201233849158654,0.06003438861553384,-6.5898632026085115,-983.308148539574,0.24382115760216347,0.43987378868689725,11.848766751803034,-1097.164881528362,0.02201233849158654,0.06003438861553384,-6.5898632026085115,-983.308148539574,0.2924771165114183,0.009916283240685098,0.269411669921875,0.011663352614182696,0.28346592673277243,0.024414630596454327,0.24382115760216347,0.02201233849158654,40.41523864592606,126.1266191003081,106.30359630322968,167.9850232423883,106.01456630554493,104.83480778404694,43.151547096799796,175.9129679741395,171.78485901865258,43.24354516183182,150.5153006511789,177.44008704031535,155.77719161237945,168.24704496159384,24.77683057270067,10.576920090341023,176.76703126553983,160.6548669054758,166.95325561190745,18.58198865781551,-7.830990410579276,3.1483356953010446,13.597820279311463,-24.577146385191753,21.161809823544655,9.442268786869827,21.374486427227275,-4.936999251629442,9.539490772579967,0.6937382798519424,4.4532957718038375,-3.0629189615418504,0.9268119524295122,-1.704127814632377,2.2399761470138126,-2.895057343903698,-2.2846763538709127,-0.7908307787221994,-2.3118763497529318,3.713088118507903,-117.76613834276519,-8.541347944260048,1715.80892051388,-1825.0337109124034,314.52993724169426,-595.3071703809361,1558.6168735771441,-2386.2745156068513,-857.0586485534208,147.40868222480623,-180.54281931533956,249.44246110453764,251.45364020415116,-1001.1105126737413,678.0787829179686,276.61543087597175,410.61240845110143,486.85884960561987,-725.4032811536191,372.541409123126,220.41523864592605,274.28861954561796,347.98502324238825,286.0145663055449,210.84937408959186,347.6978269927921,351.78485901865264,136.7564548381682,166.24115418698932,168.80106714667394,193.0238755342945,204.77683057270067,169.42307990965898,166.19011117519878,185.53524426972294,198.58198865781551,-7.830990410579288,-10.979326105880288,-24.577146385191753,21.161809823544722,30.604078610414394,9.229592183187163,14.166591434816649,-0.6937382798519093,-5.147034051655791,1.4626602848108705,0.5358483323814468,2.2399761470138237,2.895057343903684,0.6103809900327717,1.4012117687550154,3.713088118507903,-117.76613834276644,-109.22479039851956,-1825.0337109123993,314.52993724168965,-280.7772331392422,-1839.3941067163698,546.8804088904685,-147.40868222479963,33.134137090544336,-71.57808955160594,-323.03172975575274,678.0787829179709,-276.61543087596874,133.99697757512834,-352.8618720305003,372.54140912313204
83,stance,swing,0.41708542713567837,0.29944356595552885,0.3392563570462807,2.677909043532075,-921.2877248912646,0.020964101938100957,0.0,1.5771737095761529,350.3668317612961,0.290135009765625,0.18624670410156724,0.4607275296722348,1335.0532119374434,0.013791917067307688,0.04606602595402639,1.7373964491625162,-170.077483911363,0.29061446439302885,0.06428034855769078,-7.3902331918567015,1265.1611431697713,0.0031608792818509646,0.03617077636718716,-4.094860013521729,536.1783560345212,0.2930553635817308,0.0,-0.297855327900164,194.67290620536244,0.002158569335937499,-0.05797377366286103,-8.858871915377081,1001.724653160694,0.26989449368990387,0.365656146709738,-5.196106647198937,238.2953249863474,0.02386687293419472,0.05270708289513183,-2.082151905940254,-570.0236550844468,0.2739091233473558,0.6345516826923147,-0.30975466684223946,-2999.47603540053,0.015017568734975964,0.14642745736929214,-5.1736094595103275,-2426.5571688913556,0.26478455528846156,0.7280123197115432,-14.485957744892673,-3560.832555964657,0.007082660381610581,-0.15307972599910083,23.079511587289762,295.31156531002193,0.2740853740985577,0.6466061166616666,7.269194603553076,-1502.0134873823145,0.0060703594501201885,-0.22300422551081941,-21.200717524601764,2728.6673936169445,0.27759267953725963,0.746733971228972,1.3803233173074383,-5444.643956324802,0.005775794396033651,-0.14261454890324662,-16.184309488149687,2004.938536479107,0.3271885892427885,0.25248722956731046,-6.125184720553612,1752.9256442636247,0.006906494140624997,-0.00576000507061288,0.809433938833406,85.61685925292947,0.30723084435096154,0.3384005314753611,11.398822998046647,-102.3961356881676,0.02642430701622596,0.031113837608924305,-4.731939464862495,-287.84691476792574,0.29338097205528846,0.31449534254807965,12.19607870718118,954.1247873746285,0.03025011268028846,0.08252410184420139,-14.636744680551473,-488.77736259872967,0.2779457256610577,0.445685180664065,-7.816750122070148,-3654.2008119390366,0.03312430044320913,0.07903960242638208,3.14058880849987,-212.26617179517223,0.2609314716045673,0.27784433218149107,-6.524556283804037,2037.1003579594694,0.029476102388822117,0.06936017784705593,0.42991010108354727,-621.1014745307459,0.24611191030649038,0.46649407489483324,1.9436826453576974,-2103.199977257379,0.02201500995342548,0.007275918813852658,-5.275915885338265,1129.5117005439047,0.24611191030649038,0.46649407489483324,1.9436826453576974,-2103.199977257379,0.02201500995342548,0.007275918813852658,-5.275915885338265,1129.5117005439047,0.29331210092397836,0.010018866905799277,0.2720532451923077,0.011562651179387021,0.28546491887019226,0.02469938777043269,0.24611191030649038,0.02201500995342548,37.614028788181166,125.03176682781123,114.90685658554496,157.67540537482498,114.40218671662157,106.6086927531782,47.22250004943066,178.58916435157988,175.19921506878927,44.361498461735174,151.08046419077127,175.10624065322423,157.3496781287327,165.37858090546197,26.723537660074616,10.580952912813343,176.9629752074412,161.03045642089515,163.46572087096558,21.885845002767102,-8.371958928693559,4.352523533444019,20.077282722046714,-32.80176518418437,22.690032420549873,3.468925863424976,27.458972507768816,-19.79309918557608,4.383144685964064,1.8058165190948667,2.1067324944205823,-1.2090914828060915,0.28340484016136147,-6.259703902259376,5.924692803458313,-0.8933674552715369,0.7653903033982088,1.9436717612374645,-4.800488813511205,4.51557481094347,132.06169715170338,363.2617041781181,2420.818135752146,-2652.018142778567,-357.4063706308683,-1340.4797205613468,194.5730137955833,-2447.961605894337,-1414.8927871081976,164.9865229655409,-473.64476614942373,256.28635921693797,-330.03057540186256,-273.7198395180556,303.2181490818299,253.60911220228758,420.10126673120317,318.7848626153091,-76.36096359936842,-75.93174448702656,217.61402878818117,272.58226196037,337.67540537482495,294.40218671662154,221.01087946979976,353.78837942036915,355.1992150687894,135.63850153826482,164.55803734749355,169.4517966942693,192.10211856553659,206.7235376600746,169.41904708718667,166.38202229462786,185.35156587373268,201.8858450027671,-8.371958928693571,-12.724482462137635,-32.801765184184326,22.690032420549848,26.158958283974847,-1.3000142237938819,18.493084961782152,-1.8058165190948225,-3.912549013515405,-0.051606258639623884,-0.3350110988009412,5.924692803458302,0.8933674552715369,1.6587577586697457,-0.2849140025677629,4.515574810943487,132.0616971517056,-231.20000702641687,-2652.018142778567,-357.406370630875,-1697.8860911922,-1892.4591049877943,555.5025009065429,-164.98652296554638,308.65824318387735,-300.53226583807293,29.498309563785263,303.2181490818321,-253.60911220228178,166.49215452891255,-152.29270808640103,-75.9317444870282
84,stance,swing,0.4221105527638191,0.30108167442908657,0.34088578913761725,1.314133244440429,-1080.9035981914303,0.020964101938100957,0.01862214778019922,2.0159618330736575,-341.2927026637443,0.29105271559495194,0.23599296687199312,12.886426293005826,1474.707851198653,0.014196627103365389,0.052119403545673265,-3.4044194641113457,-688.8660716447226,0.29064618389423075,0.048010319636418455,12.9139435143107,3464.781835730854,0.0031723351111778847,0.0016892277644229565,3.6542126183144057,1370.9704833808319,0.2930553635817308,0.0015677678034841868,0.6711970872142303,1017.6159414274102,0.00157591834435096,-0.08903388859675399,2.6779090435322144,1762.9155111600317,0.27179529747596154,0.3421956881009557,-2.1429965726413274,359.0247164049989,0.0239757080078125,0.03542987060546758,-2.7893259007379045,-33.26255681431623,0.2771811711237981,0.5684008507361745,-22.735174466647027,-3152.5799954645613,0.015568443885216346,0.054812077448917765,-14.569532008244504,-410.46328104457973,0.26883914888822114,0.6293419846754739,-35.98936470383857,-3379.5719710550843,0.007014695387620187,-0.0964532235952519,6.307207420936236,-1341.5003760364264,0.2780829514723558,0.6367659912109339,-32.48891385591985,-5826.201372506928,0.0041176757812499964,-0.259171264648436,10.899887434739457,4136.23963932093,0.28253224534254806,0.6389447960486742,-56.21545199819688,-5440.759008087104,0.004428541917067305,-0.17931694617638044,6.765703824556936,3013.1196036153624,0.3283482572115385,0.3000771108773991,9.285574772761317,379.79993959880795,0.006903996394230769,-0.0002485257662257132,0.5731205045259791,-89.7423042860784,0.30885036057692306,0.40434581580528484,5.608121258075691,-2627.9084861144197,0.02642430701622596,0.0,-3.143935497577377,102.4423850719737,0.2946262770432692,0.40308823805588667,15.434186316857204,-2923.3865492060236,0.03036510291466346,0.015364685058593518,-7.225455236581668,1363.478083208533,0.27957442533052884,0.3352070688100937,-24.907733459472865,-793.1214325608556,0.03357118107722355,0.08613800283578706,-1.4777026731049872,-942.3728189562289,0.2619460637019231,0.30585486778845905,10.968401597243187,1603.9471292325547,0.029786513108473564,0.0594439063438997,-1.2444570371188166,-110.66552550798588,0.24850954026442307,0.4594082876352157,-9.288921461838823,-1387.4075143761302,0.022085463303786065,0.007010108360878263,4.762013184767338,1141.1665452563639,0.24850954026442307,0.4594082876352157,-9.288921461838823,-1387.4075143761302,0.022085463303786065,0.007010108360878263,4.762013184767338,1141.1665452563639,0.293958984375,0.009977245624248798,0.2756861628605769,0.011021012995793267,0.28697582068810096,0.024856093969100563,0.24850954026442307,0.022085463303786065,34.01121554478392,126.12309731227171,121.4181317141847,146.46998651832752,122.64449551000006,103.0734584965543,63.11901208970841,158.6022584093833,176.00331649253735,45.032913524940085,150.45252933134924,176.53898670097658,155.85855950799396,162.29813292795524,29.818878006784853,10.743603593121659,177.8447356131387,161.49241725650032,163.7172640188257,21.891450744690996,-6.503737172873723,6.799207094076077,37.92765078938312,-51.23059505633295,17.569785998108816,-4.029889208721508,23.329994103564783,-29.539628456597487,-4.680537238557602,2.35189428955586,-0.30695313422048964,-0.48717665785404873,-2.3900782526143107,-4.455080975617842,5.287394730750776,-0.3462220453882621,1.9374469298597439,2.4130371872607856,-3.079323220098338,2.9499550080855306,765.8145220877753,704.1716555394524,3593.6271320356695,-3531.9842654873382,-1758.143322816797,-614.5995536299929,-1622.8913555894549,-358.34412903892485,-1331.6527685986287,-100.02191262184728,-106.32726808760202,53.44046020750657,-323.2697574139784,663.8389077274513,-451.5196313824565,-63.56017398445603,-33.78880549856556,-201.8156049309755,599.1509545671636,-367.5639811502935,214.0112155447839,267.8881182325122,326.46998651832746,302.64449551000007,225.71795400655432,342.59894191684594,363.9966835074627,134.96708647505992,164.51455714371068,167.97557044273407,192.11701093474014,209.81887800678484,169.25639640687834,167.10113202001705,185.6087147635167,201.89145074469099,-6.503737172873713,-13.302944266949789,-51.23059505633295,17.569785998108816,13.539896789387374,-9.790097314177476,19.749531142420057,-2.351894289555882,-2.0449411553354366,-1.5577644974812996,0.8323137551330555,5.287394730750809,0.3462220453883063,2.283668975247962,-0.129368212012824,2.949955008085514,765.814522087781,61.64286654832837,-3531.984265487347,-1758.14332281679,-2372.742876446783,-749.8515208573439,-391.5073918184146,100.02191262183958,206.3491807094372,-110.95048106899353,212.31927634497615,-451.5196313824532,63.560173984459034,29.771368485893476,231.58697341687338,-367.5639811502947
85,stance,swing,0.4271356783919598,0.3028695537860577,0.35246372633713935,-8.185443702110488,-1459.3160562766902,0.021151259202223563,0.020260922945463982,-1.8529037041298348,-417.40068861157084,0.29250679837740384,0.31575852614182737,15.281911963829618,-271.1138877164036,0.01431573016826923,0.011850754957932318,-5.185880652794525,221.41429990681146,0.29109698016826924,0.1940687255859396,27.431694805438465,168.56975400006945,0.003177856445312502,0.07289653132512104,9.683737809401265,82.13890559266939,0.2930711200420673,0.006745699368987269,9.929440565842697,2489.641328366858,0.0012637563852163497,-0.031060114933893934,8.858871915377081,202.62780021549227,0.2733336463341346,0.34411849271334266,-1.5878180401135047,-565.0194717594974,0.02422295203575721,0.024673656757062318,-2.4164489593504688,142.86897143375407,0.27962169471153847,0.4060574669471174,-31.993975726787717,-810.8626961787327,0.015568443885216346,0.0,-9.298868565486021,524.1812658820668,0.2711096003605769,0.3663101618840184,-48.45150519268261,522.5440376962105,0.006113281250000005,-0.08969070669320874,9.597095747727629,410.8980252520843,0.2804850323016827,0.3200843693659883,-51.285593059833396,63.73165084841357,0.0034656231219951927,-0.11345761812650279,20.369530106764554,-486.70076526702053,0.2840142352764423,0.18175455416166422,-53.3006717388446,4476.773852090633,0.00397361403245193,-0.07461752554086507,14.098299593411877,-410.1672849884225,0.3302044396033654,0.3458095890925502,-2.3080999004650735,-1101.290326561636,0.006903996394230769,0.0,-0.09249876755934558,-387.8565822530917,0.31129462139423075,0.394763559194715,-15.012317565917485,-2570.98474455852,0.02642430701622596,-0.0004835040752705804,-3.702367755596423,-90.04292528063567,0.2974321101262019,0.46961279296875574,-17.184690631572956,-4462.7695386823,0.03040453162560096,0.009906461275541099,-0.9334473618726903,526.2671130905168,0.28131464092548075,0.19535620117187427,-15.78781979604863,3831.354451568666,0.033990009014423075,0.06418831927959823,-6.33049479910046,-488.4489919738966,0.26400538987379807,0.3880795241135839,9.595515366774475,-1312.039518568829,0.030073528583233172,0.056853071946364256,-0.6823062356801347,-198.54397962775136,0.2507290790264423,0.3731380803034879,-12.00011146897533,968.924590184087,0.022085463303786065,0.055135347806489425,6.193094619750868,-840.4761766128252,0.2507290790264423,0.3731380803034879,-12.00011146897533,968.924590184087,0.022085463303786065,0.055135347806489425,6.193094619750868,-840.4761766128252,0.29488611309344953,0.009977150550255411,0.277712841796875,0.010668782865084136,0.2891633801582532,0.02498030598958333,0.2507290790264423,0.022085463303786065,33.409828601383516,130.62389204458185,126.90128061576746,135.8846559410342,126.0007805818107,102.00381233895894,63.774477213384124,156.03926111958143,171.8091454121959,45.91011135826511,150.10979754951197,176.52183053321824,154.70890044143053,161.71495948187302,31.034400635701076,11.036527070418328,179.21155709454513,162.78839021763756,163.58589496756255,21.800744838926697,-0.675330566002316,11.42962559916719,56.194138320395304,-68.29909448556481,5.020250281687513,-2.7079540725548794,11.148506622447591,-23.394547718630616,-9.000300224574975,0.8005711661114727,1.0381167347461855,-0.6720014304693397,-2.9655374454062753,0.41204391409694796,1.386807060921042,-1.5321631737082837,0.4258043184880007,-0.08462577575727272,1.221128820329661,0.8214644476239208,1155.0359147683957,800.2377911604273,1660.1923517598218,-1305.3942281518541,-2542.6273307901474,749.3678095950999,-2131.855576347187,1694.5470205765218,-143.41392800993086,-365.08828775144536,369.7498256130037,-74.95520501067601,44.05354537885877,638.6690304747813,-612.4289087045235,-153.22165287969298,-248.93433325336827,-521.1315670532153,695.3920841913144,-269.9731975117692,213.4098286013835,262.78593655680163,315.88465594103417,306.0007805818107,228.00459292076965,344.2301157073855,368.19085458780415,134.0898886417349,163.98009109222292,167.45826055900469,192.74936011757413,211.03440063570108,168.96347292958168,168.1750300241268,185.38663980648923,201.8007448389267,-0.6753305660022718,-12.104956165169508,-68.29909448556485,5.020250281687558,2.3122962091327,-8.836210413314959,14.558337305315657,-0.8005711661115058,-1.8386879008577357,-1.1666864703883075,1.7988509750179236,1.386807060921064,1.532163173708314,1.9579674921963146,2.0425932679535874,0.8214644476239263,1155.0359147683912,354.7981236079686,-1305.3942281518584,-2542.6273307901474,-1793.2595211950454,338.5960551521417,-1355.9509654243848,365.08828775144866,-4.661537861550647,70.29366714911218,26.240121770240204,-612.4289087045322,153.22165287968556,-95.71268037366956,425.41888667954584,-269.97319751176417
86,stance,swing,0.4321608040201005,0.3046240234375,0.25862002328726114,-13.352359783465907,1762.6750143643287,0.021167729304387026,0.0,-2.1790199620174784,27.75888014456335,0.2942261681189904,0.38958002178485257,10.161663602388723,-1735.9983698001681,0.01431573016826923,0.0,-1.1791501183142605,475.0274208010226,0.29259662334735576,0.32370574481670267,14.608111896220935,-403.8496191639617,0.0039049635667067345,0.09901322584885713,4.479729257436706,-142.55910056242865,0.29312315955528845,0.10136114032451565,25.692717975323188,1215.026811152618,0.0012637563852163497,0.0,4.71436934720549,188.35524038109935,0.27525377478966345,0.32623771784855876,-7.8215842285156345,-426.93731154699304,0.02422368445763222,0.011143951416015797,-1.353456841102195,38.39161347549436,0.2812621506911058,0.24685335599459157,-30.88454829758901,2005.447279700614,0.015568443885216346,-0.03864388803335319,-9.30137858229412,481.7890807095907,0.2725206580528846,0.1423921837439936,-30.737665832519905,4327.425341989211,0.006113281250000005,0.0,10.436835815429518,-546.8989631946239,0.28129987980769233,0.12133289513220977,-31.848394751915695,3503.150324514586,0.0029773982121394232,-0.05445236910306494,6.008422457181494,-2251.198005352309,0.2843589242788462,0.10325965294471193,-11.222749967135545,4281.120458949139,0.003678617037259621,-0.03762549297626203,2.6434195533165363,-1685.2905454242384,0.33182373046875,0.27688012695312714,-1.7826697152952526,943.524428612248,0.006903996394230769,-0.0011781616210935018,-3.3249355985201423,-775.6021659851114,0.31281783353365383,0.2534682523287282,-20.230921400803734,1749.466190356834,0.026419447678786054,-0.037209726186898474,-4.048889520498332,592.8246012878305,0.29934600360576924,0.2303777794471144,-29.417768845778674,2456.304772538444,0.03046466533954327,0.005983304537260011,-1.9363385221041483,-60.94743794486369,0.2815378042367788,0.17653551307091256,13.598341430664222,4184.644244384799,0.03421628981370192,0.02251493952824516,-6.386737768319996,63.77327529379258,0.2658463604266827,0.4022922081580511,-2.217925222543951,-1914.206495380052,0.030357900766225965,0.05258655724158683,-3.2398739177997213,-452.73059288084244,0.2522596717247596,0.33880415226863025,0.44901411790067935,840.295804016073,0.022639587402343744,0.06925226534329863,-3.684983565110245,-1163.4541232997908,0.2522596717247596,0.33880415226863025,0.44901411790067935,840.295804016073,0.022639587402343744,0.06925226534329863,-3.684983565110245,-1163.4541232997908,0.2961424936147836,0.010163044856144835,0.27893907752403846,0.010512284968449522,0.290605233999399,0.025166981232471953,0.2522596717247596,0.022639587402343744,33.3841617150952,132.28019852251148,159.82960394369118,101.27435924889257,124.76796996718058,102.47801050283731,66.90238997905833,147.43283988108493,167.08924939012533,45.757855380451765,150.9557023949765,175.18289415412053,154.28908297061216,164.21446526080308,29.59999983903596,9.52324356162646,177.865410145618,163.06548124857753,161.5135169645084,23.763168370905632,5.104663980577412,14.841797960009965,54.61300105832594,-64.35013503775853,-7.984257527420134,3.5014455610784396,1.904309919171087,-12.509005134220498,-6.121883248707651,-1.3173347330717073,3.4091255151564073,-1.2404953011774207,-1.9473290528267884,1.9637032502593135,-0.8676696783398709,-1.8861381547318998,-0.5644056656514784,-2.824465999203655,3.9095419476535187,0.23665654063058253,607.5748462113377,-622.1611499530652,-3991.438396294942,1237.1962503372827,-1906.0074653999118,840.0037453878746,-862.0400307818575,1124.995456353924,775.9344560504148,-255.68271899034337,239.04830335304098,3.422392928604636,310.4477324884124,-57.77489819488027,-239.4608115848321,115.5397971400947,-1.0579154833974125,-263.23697485477635,222.50124194749878,-5.684018799274797,213.3841617150952,261.10396319258376,281.2743592488925,304.7679699671806,227.2459804700179,340.34359049095957,372.9107506098748,134.24214461954824,163.28644222457172,168.1035480704512,193.81446509983903,209.59999983903597,170.47675643837354,168.34216658399154,185.27668533541402,203.76316837090562,5.104663980577379,-9.73713397943254,-64.35013503775858,-7.984257527420134,-4.482811966341605,-6.387121885512759,6.12188324870774,1.3173347330717182,-2.091790782084689,-0.8512954809073127,1.0960335719193874,-0.867669678339926,1.8861381547318694,1.3217324890804352,4.1461984882840905,0.23665654063061567,607.5748462113311,1229.7359961644095,1237.1962503372827,-1906.0074653999163,-1066.0037200120485,-203.9636892301776,-1328.9591455841016,255.68271899035,16.63441563730907,13.212022708700012,-297.235709779708,-239.46081158483648,-115.53979714009634,-46.41975170655623,216.81722314822446,-5.684018799274256
87,stance,swing,0.4371859296482412,0.30546875,0.2182691556490392,9.52988307542053,3541.0378197067994,0.021151259202223563,-0.00163877516526454,-1.5739199840839708,-463.04883040207335,0.2964221754807692,0.4178857985276441,-2.165307833157072,-715.8664618952795,0.01431573016826923,0.0,-0.4117357201209103,36.648011707013346,0.2943503042367788,0.34088392052283406,23.372904663087073,3804.7518060186376,0.004172964242788457,0.11791893592247506,8.250983029879363,-715.3577186736727,0.2940898249699519,0.26496397047776415,22.14076530104494,2348.8212046344024,0.0012637563852163497,0.0163204815204328,10.75188940664442,1425.5540061175993,0.27661241736778847,0.2655096059945922,-5.878645291842097,1649.6230206532964,0.02433495154747596,0.011071075439452259,-2.0306035977877097,-66.65461190323647,0.2821026329627404,0.09565999661958835,-11.838726684570402,4420.7380987033275,0.015180063100961538,-0.09348119178185085,-4.4567672518217725,1062.4963434471658,0.27254067758413464,0.0573888972355758,-4.9597932128913556,3227.9664910255406,0.006113281250000005,0.015202115572415017,4.100623755821837,-308.38164116606373,0.28170445838341346,0.0,-16.07805210993791,2955.446622042138,0.002918363131009613,-0.0530714627779448,-2.255575474665783,-793.2601807121791,0.2850520207331731,0.0689630972055276,-10.274335467998792,375.84099234717576,0.003595468374399044,-0.048050494854266594,-2.839293827937324,-448.2952769763616,0.3329871544471154,0.3278933105468692,7.174557673527411,139.19214542344926,0.006892155573918271,-0.033416438176081975,-7.887495410625825,145.99080483892826,0.313842041015625,0.191437715970556,2.5702572115382094,4011.283054224957,0.026050339918870194,-0.041175861065203746,2.2556684382511465,362.2806730229225,0.2997474646935096,0.17395682466947135,7.501789494441662,5060.348576622578,0.03046466533954327,-0.009554227388822285,-1.5459844266451923,-831.1985502266449,0.2830888671875,0.3320229492187515,26.26890627817064,55.61025905664458,0.03421628981370192,0.0,-5.689557358961839,-214.25489529770826,0.26804852764423076,0.3657888183593732,-9.642740868201004,-574.6578433391471,0.030602036696213947,0.0242915250338041,-5.232362445537867,214.80063802631076,0.2541341458834135,0.3776507850060073,-3.5549275090147607,-1491.024633796031,0.02278146597055289,0.01810033710186369,-5.499911644568687,1070.7148589447859,0.2541341458834135,0.3776507850060073,-3.5549275090147607,-1491.024633796031,0.02278146597055289,0.01810033710186369,-5.499911644568687,1070.7148589447859,0.297582763671875,0.0102259274996244,0.27960244140625,0.010428425480769232,0.29197470014523236,0.025167825552133413,0.2541341458834135,0.02278146597055289,37.074441676921744,138.61946888129896,173.57137307361626,84.88359972200651,120.9512495430608,102.52612046128743,62.69828931605736,149.34424575741795,168.56516506912712,45.019552054003995,152.37064914351168,175.30144337718636,153.79615628591992,164.1740589420153,29.338140197362712,9.15448429971999,177.67788229348878,159.31120047538343,167.77898132166516,21.433216196720192,5.4309492954181895,5.176749720241885,16.07917956366204,-55.864961316345834,-14.135603641929775,5.7342946248107305,2.484787720117328,-12.088060720098667,-1.2019639828622288,-1.7691044016306832,3.4406122458320345,-0.6376055216391422,0.1545402680451189,-0.16860832906768047,-1.0198342615395926,-0.3709591823505428,0.41517200207194627,-2.730223512991217,3.4573222067366935,0.7643386305457819,-320.4576649828988,-3138.7297170085253,-8277.19438071753,2345.0000180066863,-749.4542632284232,10.645378765056897,200.5370607221559,-286.59719496685994,652.7487502186581,69.45268865401198,-343.8898939835665,379.8820321135816,432.01453267566774,-423.92907936342505,-113.53028009626212,294.1762448418711,191.3946776618341,465.7869811281481,-610.8031334699972,285.15077819790883,217.07444167692174,258.4549727956228,264.88359972200647,300.95124954306084,223.47737000434822,340.77908068829083,371.434834930873,134.980447945996,162.6097988024843,167.30835542529795,193.51219913937803,209.33814019736272,170.84551570028,168.52339799376878,189.21219751838535,201.4332161967202,5.430949295418167,0.2541995751763706,-55.86496131634588,-14.135603641929775,-8.40130901711909,-10.88609673723635,1.2019639828623172,1.7691044016307165,-1.6715078442013624,-1.0339023225621762,-1.188442590607295,-1.0198342615396145,0.37095918235055664,1.4914373242912249,4.221660837282486,0.7643386305457929,-320.45766498289225,2818.2720520256203,2345.0000180066886,-749.4542632284188,-738.8088844633797,-939.3459451855266,-652.7487502186713,-69.45268865401417,274.43720532955234,-105.44482678402052,-537.4593594596882,-113.53028009625442,-294.1762448418664,140.1346258560592,-325.6523552720801,285.15077819790383
88,swing,-,0.44221105527638194,0.30681768329326925,0.35439774263822166,22.23596001258248,-308.90888414116245,0.021151259202223563,-0.015818291297326408,-6.832777051485572,-269.3194116257743,0.298426025390625,0.36781813401442964,2.967025794395934,2335.6678798873836,0.01431573016826923,-0.004138047438401127,-0.8108283926156323,-749.9245081106523,0.2960225923978365,0.5586093092698401,52.846823514498865,3013.5173483157523,0.005090078500600961,0.18193767841045913,-2.7097955533540063,-2622.201312156154,0.2957861140324519,0.32388139460637533,49.2989612379806,6301.848535050569,0.0014277813251201976,0.1080591900165273,19.04154528808595,-991.6515373734824,0.2779222130408654,0.2671558556189897,8.757541607195957,1652.4534829407303,0.02433495154747596,-0.009264124943659767,-2.02335243811965,222.41328659644643,0.28222355769230767,0.12787117826021516,13.544980332595381,2189.982320981581,0.014628934420072112,-0.08343551870492899,1.3769766282302047,662.8924177140691,0.27309743088942307,0.09254501577523604,1.7042084491439613,194.672906205567,0.006266066331129805,0.04121229905348597,7.337522838886151,1814.6870713630224,0.28129987980769233,-0.04025556828425233,-2.1454136258639274,1247.5863773333074,0.0024440166766826893,-0.07712146935096235,-1.9640416705791341,201.46231574427128,0.2850520207331731,0.0,-7.445453561636275,-143.59508675913025,0.003195697490985583,-0.06616110933744129,-1.8620606173001826,-190.43646265115262,0.335119140625,0.3489862342247597,-0.3837536808887215,-1017.4124441387083,0.006568152794471149,-0.08044947228064989,-1.8576913287821635,1542.9071925201713,0.31474183067908656,0.27929998309795656,20.083481154221133,1238.909992936436,0.02600561992938702,-0.014539691631610473,-0.4078777313232161,-1243.7754281099808,0.3010943134014423,0.3057726487379857,21.440005793644435,897.7930379309134,0.03036864295372596,-0.009554227388822391,-10.290092795738806,-1759.4745570068465,0.28487471829927885,0.44054462139423667,14.157238506610401,-4203.032999375675,0.03421628981370192,-0.03466654146634643,-8.54005329895024,298.6877703258879,0.2695226299579327,0.3053802396334175,-7.993380934495203,1062.0523493627795,0.030602036696213947,0.0,-1.0810735356257346,778.6685001297024,0.2560551570012019,0.30307623760516517,-14.53615808105447,52.55779972733312,0.022821500338040868,0.013976771428035207,7.075969791118805,1948.7547850635196,0.2560551570012019,0.30307623760516517,-14.53615808105447,52.55779972733312,0.022821500338040868,0.013976771428035207,7.075969791118805,1948.7547850635196,0.2992631037785457,0.010496212299053488,0.27991902043269234,0.01017393329326923,0.2935679649939904,0.025097040420923478,0.2560551570012019,0.022821500338040868,39.164965341191554,143.76688882212093,169.09259605590142,86.3054804631692,113.90113432161223,108.5999358871287,67.48491620573071,143.68783055250208,168.67167654949188,43.647762666055414,154.0809793609322,175.61640465309065,153.4072714207855,163.23135231573204,30.016229583404172,9.36732206699393,178.4033934521317,160.09031108520963,166.27795415004678,22.66780614988139,1.8839839304980126,-16.703224321482892,-28.57488216496618,-40.78229566080681,-15.516461177957083,3.6084342923855446,3.919757765624924,-15.389378952982922,0.4384056982135634,-0.619317761674599,-0.04705432387442664,2.577414569310853,2.3945255469286852,-2.296890512187188,-2.008677518503314,1.0704070195582749,1.359158933964953,1.8568101930390593,-2.229183011843967,3.102493507443749,-295.7463773296774,-4474.634309001853,-6986.314105579338,2379.2908746599032,10.91380907189127,-1061.0349941481556,367.14578128442025,-1096.7330920484706,320.53387431220267,234.32418917991703,-688.8665518731849,533.3781267221426,259.88282310821967,-33.51226790927945,-405.78904058229665,21.55107208505315,45.06009752413186,692.7778415340056,-1015.9073865483336,449.19884165561564,219.16496534119156,255.39807651907066,266.30548046316915,293.90113432161223,222.50107020874097,335.01615400301023,371.3283234505082,136.35223733394457,162.2712579730124,166.65485331992173,193.2475818991362,210.01622958340417,170.63267793300608,169.0360713851378,188.94576029992817,202.6678061498814,1.8839839304980457,18.58720825198085,-40.78229566080683,-15.516461177957039,-11.908026885571584,-15.827784651196485,-0.4384056982136076,0.6193177616745879,0.6663720855490145,-1.9110424837617948,-4.305568030690568,-2.008677518503292,-1.0704070195582582,2.730120688638825,0.873310495599854,3.1024935074437323,-295.74637732967517,4178.887931672156,2379.2908746599114,10.91380907189127,-1050.1211850762577,-1417.2669663606912,-320.5338743122203,-234.32418917992365,454.54236269327436,-179.41848538334867,-439.30130849156836,-405.7890405822933,-21.551072085060294,126.06929664129083,-566.7085448927235,449.19884165561456
89,swing,-,0.4472361809045226,0.30903053635817307,0.4417461407001179,6.425271174504346,-2260.6143798898324,0.020992281400240384,-0.07030990131084772,-4.28064773911686,1332.8979906534205,0.3001188401442308,0.447705153245191,21.308741210937075,2076.7453297353677,0.014274141751802888,-0.008149029071513839,-7.948665449876159,-1835.601042708183,0.2999644681490385,0.8720077749399044,53.659511178823074,-1730.0784486765858,0.0060014836237980845,0.09068480975811337,-18.102799001840605,-628.1776302490416,0.2973449143629808,0.7604309175931437,85.47592645733164,1766.0789690106683,0.0023497783954326973,0.20769279597355664,0.7855422973632565,-3679.5547241269564,0.27929740084134613,0.3535250995342495,10.728927401029452,-1496.6300591100733,0.024241844764122597,-0.009264124943659665,0.20470581524188736,166.07228727604186,0.2833877704326923,0.23179045222356112,10.171145888108654,-1946.433065997939,0.01434151517427884,-0.0796422306941102,2.2054681020884246,-167.40426952890388,0.2734707782451923,0.07451662034255017,-3.0032815927349166,-263.08499469236,0.006527475210336545,0.08894606370192358,22.338684774545555,751.6449851871988,0.28129987980769233,-0.021561945988582038,-3.5394955538243518,-110.31403019130761,0.002143272986778841,-0.07281057504507164,-0.23082858276357293,518.4093427863472,0.2850520207331731,-0.005865581805891753,-11.71750216909557,-308.92738389463807,0.0029305326021634576,-0.06676467191255976,-4.753228125938845,-422.7933667602621,0.3364945537860577,0.32403648963341475,-3.050693021333911,-525.8739933284945,0.006083618164062499,-0.052086702786957866,7.619109539325541,614.0438185659259,0.3166490760216346,0.39328174767126955,15.02161392446713,-2054.0461321762077,0.025904212364783658,-0.04527513474684408,-10.244587120643049,-326.12290478399177,0.302820556640625,0.3894342698317255,16.524835101787467,-2030.4589464485903,0.03036864295372596,-0.11297224543644778,-19.229145803598303,1252.8819317761854,0.2875164513221154,0.4743067533052872,-15.972631403996665,-2985.9527155832084,0.033867882361778845,-0.08582968139648424,-2.6876702200082114,1230.2428584160455,0.27111767578125,0.2854533315805275,1.0311520902188172,2211.016540724548,0.030602036696213947,0.013426464374249051,2.59345162611738,116.85831799608798,0.2571801382211538,0.23155874399038545,-3.026708416277748,2696.5980709040264,0.022921936035156257,0.08921561138446427,14.085563582200223,41.467197496875784,0.2571801382211538,0.23155874399038545,-3.026708416277748,2696.5980709040264,0.022921936035156257,0.08921561138446427,14.085563582200223,41.467197496875784,0.3016146897536058,0.010904421292818513,0.2805015700120192,0.010036928147536057,0.2952964086288061,0.024958054762620197,0.2571801382211538,0.022921936035156257,37.01104929821213,128.08009352081325,145.41524710750227,54.346202884901146,112.44820629112776,105.78794365274422,67.48444895702299,138.90201330968608,168.15031232283715,44.96405686467787,152.92821587884887,174.9868495201528,155.85768199499,162.40679969388881,28.85639604744162,10.551612519212364,179.39078796363103,161.04706939341415,164.794019717588,24.216510406154427,2.458623895119944,-39.79444936520357,-54.13503255271274,-31.952490214236416,-14.025917118594185,-4.929373658085234,6.1746950697094665,-23.110503856264128,2.019481990124711,0.5859125750518842,-3.4826696825416357,4.722978666523059,2.766427937474445,-0.5054150417237531,-5.098116076437019,-0.15436549305352767,0.8680373038220122,4.232367859209797,-6.75280228118619,5.278899853215256,1093.9126351742534,-2782.412221186763,-369.3734882800665,5314.541766618295,242.95961591429364,-1542.751864642803,17.60314685166631,-388.7913632905648,786.0366782121773,164.21252701084086,-424.7524371309669,190.20421944806048,-29.19076328987735,540.7498620738185,-630.3642180381037,-250.62323241504888,-215.26474514319622,112.88000648193464,-201.37935659391457,118.98065024486631,217.01104929821213,268.9309557773989,234.34620288490112,292.4482062911278,218.23614994387196,330.75170098684896,371.849687677163,135.03594313532213,162.10772725647323,167.12087773632047,191.26319574133043,208.85639604744162,169.44838748078763,170.0575995171566,189.01053012374243,204.2165104061544,2.458623895119944,42.25307326032338,-31.952490214236374,-14.025917118594185,-18.955290776679398,-25.12998584638893,-2.0194819901247993,-0.5859125750519173,2.8967571074898064,-2.837103180686271,-5.603531118160716,-5.098116076437007,0.1543654930534697,2.758465431238863,-1.473902427970978,5.278899853215256,1093.9126351742523,3876.324856361019,5314.541766618298,242.9596159142871,-1299.792248728503,-1317.3953955801715,-928.6040322895935,-164.21252701083753,260.5399101201294,-118.80511925415813,-89.6143559642676,-630.3642180381037,250.6232324150442,30.481300132888016,-82.39870634905982,118.98065024486799
90,swing,-,0.45226130653266333,0.3112573429987981,0.41897333233173295,-0.4837824988732197,-1024.1093549100847,0.02044462702824519,-0.058839876615083976,6.563182653573988,986.152485642052,0.3029255746694712,0.5819763371394263,23.83883815354545,-2530.5997826421144,0.014233830378605775,-0.08402413236177995,-19.25908007812509,270.67914350893926,0.3047864896334135,1.0979008789062552,35.459100412221545,-7342.607668121435,0.0060014836237980845,0.0,-9.02313857093234,2245.9995746154937,0.30342863581730767,1.1829359318659936,67.04849861497232,-9029.581691115347,0.003515146108774042,0.11595408747746459,-17.93890420062734,-818.1700988159268,0.2814752291165865,0.3749842717097384,-6.283966524563638,-1529.0416272630418,0.024241844764122597,-0.00720678006685687,-0.35428422429007606,-278.5322888747065,0.28455310997596156,0.23009375000000107,-6.017161034218161,-957.2142462111552,0.013828509990985574,-0.061270010141226135,-0.3054783419095402,-665.4638834522002,0.27384634164663463,0.062361281174884986,-0.9398618492717287,577.1368103095895,0.007159996619591352,0.26572169377253774,14.891743795541448,-4227.202927338868,0.2810831768329327,-0.07582838792067813,-3.2540973463795866,1102.899805117221,0.0017122521033653831,-0.07944135460486762,3.2461024780273937,773.5024439615034,0.2849930701622596,-0.11776384089543336,-10.550251389723103,2310.4527158508445,0.0025246957632211603,-0.11393224628155049,-6.111240182729971,1060.0266263533229,0.33837578876201924,0.3183260028545695,-5.6689194429841665,214.81913777978386,0.0060446683443509674,-0.0038755070612973824,4.313603330171893,-890.4208861565571,0.3186944110576923,0.4302709773137073,-0.5601985661428505,-2885.8320495771254,0.025550593449519238,-0.11750036621093803,-3.6854948648306856,2182.6194190838323,0.3050082256610577,0.471851393479569,1.0333832162715806,-3553.044159736042,0.029233243502103365,-0.20281197415865543,2.301685413067132,3921.189254622277,0.2896416203425481,0.28001566256009863,-15.852336524376746,2403.080981684722,0.03335367995042067,-0.0616783024714542,3.8241965343769047,512.9287908084472,0.2723915076622596,0.3157435772235564,14.227890831580757,861.700018829437,0.03073697603665866,0.02606484046349137,0.09338192162138576,-331.55258243970786,0.25838238055889423,0.2726570575420721,12.565330068734859,994.8797443611528,0.023718139648437497,0.15554022451547525,7.492725544856252,-2018.6838533384023,0.25838238055889423,0.2726570575420721,12.565330068734859,994.8797443611528,0.023718139648437497,0.15554022451547525,7.492725544856252,-2018.6838533384023,0.3055995107797476,0.011048771784855773,0.28119018554687497,0.009893459848257213,0.2970823223407452,0.024772883488581737,0.25838238055889423,0.023718139648437497,36.702156944699404,113.96457113280937,138.62230835795995,61.35989416984998,106.46615678266562,105.44979702808303,68.88765476072396,131.28975182630305,168.2614527762783,44.74347236109115,150.3168488003676,179.94999987679347,156.36412634019337,162.01382102093052,26.61173160062386,9.97525517877326,178.50046640322537,164.53727225269776,160.64754052815584,26.339465637147732,12.878080766420204,-44.66716624295802,-32.28717852958998,12.630184405708949,-13.074655992888795,-11.896609573371338,4.09667381438539,-19.296829840325298,8.338271810898798,1.0310593942132558,-4.315923038758535,4.489014764768756,2.101151041502781,3.1377814684542273,-8.343996292755639,-1.4484194368743883,-0.804305841343561,2.9912826199931812,-4.253096143441107,4.298278937040401,1868.9722467988151,608.9778530851274,5411.885017482666,8668.897237920166,206.2266869672632,-720.3979677024463,-445.3192933839604,1231.8623319549476,1014.6469808311715,-20.864804914331614,129.35065742405124,-254.83400887938134,-111.23130131312723,531.4213202188182,-326.30221282463174,-28.869292294181705,-318.17819805323546,-402.63133276054975,652.9620291610742,-248.76086163284057,216.7021569446994,282.73758581189,241.3598941698499,286.4661567826656,211.91595381074868,323.0282990500247,371.7385472237218,135.25652763890884,164.93967883854125,164.98967896174779,188.6255526215544,206.61173160062387,170.02474482122673,171.5242784180014,186.9870061653036,206.33946563714773,12.878080766420227,57.5452470093782,12.63018440570897,-13.074655992888816,-24.97126556626011,-29.0679393806455,-9.771109540320115,-1.0310593942132336,3.284863644545301,-3.105063782798565,-5.206214824301302,-8.343996292755618,1.448419436874358,3.0364654135924747,0.04518279359924912,4.298278937040401,1868.9722467988172,1259.9943937137052,8668.897237920159,206.22668696725876,-514.1712807351828,-68.85198735121817,-1300.714319306175,20.86480491433381,-108.48585250972617,93.88780608105218,205.11910739417942,-326.3022128246345,28.869292294190217,1.5698347676820747,404.2011675282407,-248.76086163284225
91,swing,stance,0.457286432160804,0.31324132361778845,0.4368840050330504,-3.867285156250205,-1998.5838711477181,0.020400925856370197,-0.00434826660156184,5.630432518592139,-789.9348500184435,0.3059678485576923,0.6872914663461487,-4.12442243370712,-6909.121443831063,0.01342967810997596,-0.20170762282151344,-5.228272047776285,3074.270538848853,0.31099864783653847,1.2283806434044402,-20.13554076209538,-12701.41276815066,0.0060014836237980845,0.0,4.470061044546114,1342.5733617401054,0.3092337176983173,1.434285175030047,-5.273638277495363,-16660.526517472455,0.003515146108774042,0.027402301494891132,-7.437272766113341,1872.6467991157008,0.2830660869891827,0.2903696570763239,-4.638325134277399,922.0462147850014,0.024169414813701925,-0.012824770413911661,-2.5946136709360488,-186.05664600725402,0.2857002704326923,0.17131647198016292,0.5509022075945972,2139.884988471569,0.013725736177884612,-0.08271236478365329,-4.4826111285869095,101.23990109369424,0.2740975247896635,0.06507077261117608,2.79708836012524,1305.287108537004,0.009198044996995197,0.23861183049128387,-20.145766756498062,-3191.05948276923,0.28053778545673075,-0.05426644193209525,7.544924598107441,1528.2091383550492,0.0013448674128605786,-0.04018642953725886,7.543065326397214,74.86850246251929,0.28386846454326925,-0.1118982590895403,11.503128140963012,2136.2405370294664,0.0017854849008413498,-0.12818417123647866,5.900305807260309,1877.1237394655664,0.33969381009615385,0.2670624248798054,-0.891706711989364,1764.9504840464292,0.0060446683443509674,-0.008733905498798423,-1.3298440903885411,-426.9558113004141,0.3209734074519231,0.38765161132812537,-13.981723257212327,-1225.3681733657286,0.02472330416165866,-0.0823152841421271,11.691286437988284,1604.7148690032868,0.30756278170072116,0.399820030799279,-19.184151428222762,-1667.530782052865,0.028330331655649035,-0.0898397287222054,20.179791428786128,844.2963757130578,0.2903306790865385,0.31498678823617526,8.178936251126002,2248.1640457764415,0.03324799992487981,-0.04739554537259601,2.467393004197254,88.72019290453922,0.2742909780649038,0.42844720928485575,9.691453786997021,-2109.7303902470717,0.030863994891826924,0.014364976149338349,-0.7387351320706164,-151.50835632381362,0.25992041015625,0.35784346829927766,6.972082984336787,-1438.6703313574626,0.024485154371995194,0.1645193857046271,-6.20271635084891,-2239.8715312646564,0.25992041015625,0.35784346829927766,6.972082984336787,-1438.6703313574626,0.024485154371995194,0.1645193857046271,-6.20271635084891,-2239.8715312646564,0.3098603844275841,0.01083680842472957,0.28145402644230766,0.010044709660456733,0.29879534442608174,0.024615908891726768,0.25992041015625,0.024485154371995194,43.78454974980752,99.67643993724681,110.52279979445895,54.63090960701962,104.1563018147991,97.16071239818488,71.9624040457252,121.81867624086057,172.4640660736018,44.93601274230842,150.11842972675552,179.12684546972778,155.6183358934779,164.51848022295152,23.935586884234368,8.279883109917847,179.08035328115636,162.1757010871779,161.74385512652236,26.88091395753823,21.242264566464694,-33.674068932187254,0.25577164309257894,55.172105141744574,-11.95328709882271,-12.169554238009269,1.6991242819309995,-10.729977906968255,12.21693908390526,0.3762160432495578,-2.1826630752647476,2.161832848639847,1.6485254117143797,4.8355027494201135,-8.377535300805155,-0.4445091342010805,-2.3297335308838503,0.18582180131485124,-0.1903698273060917,2.7787906910761713,559.6637743017486,2330.743626375873,6027.927683635462,5513.32229693222,588.6222572560987,33.72188502528908,-487.221809484483,1409.4557273985956,118.54368782287224,-131.7414963314076,377.57298285395706,-578.0857693899088,-68.56584972272749,82.18695511210338,239.1566406449589,378.28588876343,-223.79745558247197,-562.6542486677932,695.6380224605051,-259.51597818628125,223.78454974980752,304.10810981256066,234.63090960701956,284.1563018147991,201.317014212984,309.3546101672588,367.5359339263983,135.06398725769156,164.94555753093607,164.07240300066385,188.45406710718592,203.93558688423437,171.72011689008215,170.80047017123854,188.6247690840606,206.88091395753824,21.242264566464716,54.916333498651994,55.172105141744524,-11.953287098822754,-24.122841336831954,-25.821965618762977,-15.091987711794811,-0.37621604324956887,1.8064470320151789,-1.8935071396706777,-3.5420325513850575,-8.377535300805171,0.4445091342011081,2.774242665084914,2.588420863770107,2.7787906910761544,559.6637743017442,-1771.0798520741182,5513.322296932219,588.622257256103,622.3441422813792,1109.5659517658662,-299.8897756327556,131.741496331401,-245.83148652255605,252.77774603431894,321.34359575704207,239.15664064495627,-378.285888763427,-126.53220439356176,436.12204427422716,-259.5159781862824
92,swing,stance,0.4623115577889447,0.3156481370192308,0.3801061448317307,-20.570052560659416,-227.6209672100547,0.020400925856370197,-0.0022526151216953937,-1.375861065204373,-695.5722322927325,0.3098330265925481,0.5405248553936259,-45.5995683171188,-1623.6863662296257,0.012206618088942314,-0.13656958007812475,11.638111267089645,1056.927917640092,0.3171320237379808,0.8955336350660997,-92.19328921743389,-3009.13290673346,0.0060014836237980845,0.044925236628604356,4.4700610445461635,-732.4144914116075,0.31784356219951926,1.1299345421424218,-100.39397894756564,-6790.834019876182,0.0037905461237980748,0.04120762751652617,0.8816666447566672,1001.215909939104,0.28439351712740385,0.32836793870192515,2.9828296039288786,-33.521553363531574,0.02411295259915866,-0.03328329937274692,-2.224200264563994,513.2941609403383,0.2862748835637019,0.2356304556039669,15.489220759466045,-14.041312915512153,0.012997229942908653,-0.10632137826772793,0.7120081012431702,1027.707556968092,0.2745003192608173,0.0904727219801639,12.178601553110278,557.0275782425463,0.009558105468749994,0.06325167611929002,-17.17920578002884,2963.882509643573,0.28053778545673075,0.0,12.104788466234039,17.833762385394337,0.0013083683894230813,-0.0036316528320309693,3.998549738957239,-714.5807290262048,0.28386846454326925,-0.0021545128455533373,10.919502751276653,-884.7322119516012,0.001236412635216344,-0.05463269042968784,12.75432503802957,-83.14714215907723,0.34105983323317307,0.3093641263521638,12.069276376578012,478.21862828177706,0.005956890399639425,-0.01724077430138328,0.022590151273240214,138.6371528179761,0.3225904071514423,0.2897511455829295,-12.87545658991907,1612.438516094591,0.02472330416165866,0.0,12.442292763343122,-740.2167624552808,0.3090265174278846,0.2790458514873796,-15.725720120943217,2274.285697735092,0.028330331655649035,0.0,10.787076123751167,-1824.010947132981,0.29280731670673077,0.3622160268930236,6.742277001014724,341.57944884329675,0.03287734281099759,-0.036880382831280686,4.7158567645732825,130.18739040141622,0.276697509765625,0.41314512282151683,-6.975429673415029,-1719.4225906537545,0.030881347656250002,0.018640366774339414,-1.4293151268591595,-111.04014551662821,0.26197879732572116,0.3427282433143014,-1.8936682363653308,-390.3262993468422,0.02537160081129808,0.0932013667179985,-15.018546126145417,-160.20786541277857,0.26197879732572116,0.3427282433143014,-1.8936682363653308,-390.3262993468422,0.02537160081129808,0.0932013667179985,-15.018546126145417,-160.20786541277857,0.3151141873873197,0.010599893423227168,0.2819149939903846,0.009842613807091347,0.30069339693509617,0.0246901362492488,0.26197879732572116,0.02537160081129808,54.638490300987336,95.00752405802808,148.20858923434474,107.839555477304,99.60642753227401,96.67564395367485,70.08400994937145,127.43568296305408,178.76237857352334,45.45697317181383,149.43496124697108,179.2312308198924,157.2763789332813,166.5402236010449,20.52269386678128,9.136891053244712,177.32438099450465,164.1291528423939,161.98084862405085,27.42872648580586,18.502842317191572,-21.242607183903914,28.29500924564105,68.04045874673652,-7.158854412425466,-11.557696156031747,-0.8000277884737562,-5.131445645364476,9.529665658364856,-0.2929757447958717,-0.5212196934926183,-1.3208924652806042,1.4120470241889338,3.9637810173195915,-5.940411964665589,2.353448791903819,-3.053526500463892,-2.663533949532404,2.7382407657097283,1.6900781512486178,-1144.14394855941,2127.3660613358784,2089.216217607925,-1182.2937922873773,746.3145965972251,166.4199786567072,-337.6122892568529,331.9610828413127,-930.7532424520617,-88.07511678000881,143.1492655876915,-415.975997721651,-103.36212393567023,-375.56331548223903,591.1231014109778,453.4975094145889,-129.20170711793068,-326.7666989658016,459.03913743000516,-350.62986850370373,234.63849030098734,319.63096624295923,287.839555477304,279.60642753227404,196.28207148594885,306.1980615365774,358.7623785735234,134.54302682818616,165.1080655812151,164.3392964011075,187.06291746782617,200.52269386678128,170.8631089467553,173.5387279522506,189.40957510985672,207.42872648580587,18.50284231719155,39.74544950109553,68.04045874673653,-7.158854412425444,-18.71655056845728,-17.91652277998348,-12.78507713461918,0.2929757447958275,0.8141954382884458,-0.5645839231571579,-1.9766309473460917,-5.940411964665595,-2.353448791903819,1.7647849674260194,4.428318916958335,1.6900781512486067,-1144.1439485594144,-3271.5100098952908,-1182.2937922873612,746.3145965972383,912.7345752539254,1250.346864510783,918.3857816694834,88.07511678001211,-55.07414880767941,112.19766199307018,215.5597859287448,591.1231014109794,-453.49750941459,-218.35743003949247,108.40926892630478,-350.6298685037004
93,swing,stance,0.46733668341708545,0.31706148587740385,0.23014980844350766,-6.154933067909056,3685.9093894583752,0.02037828650841346,-0.018176016000600825,-1.360243182842388,326.65939763582855,0.31140025916466346,0.22900434758113367,-20.44287837571348,7016.845508530727,0.012057119516225956,-0.08474168043870244,5.394119084284985,-751.7652335850503,0.31999898587740383,0.30181492262620613,-50.37808253831119,13010.41415105958,0.006452993539663457,0.04492523662860485,-2.8908886178821342,-96.28196715249662,0.32058984375,0.42530046198918187,-73.52322641695477,11642.301879596478,0.003929293118990387,0.03626327279897828,2.6251986905611147,186.00577168509312,0.28636626727764425,0.3203478440504836,-4.975225168081738,-533.2368952261579,0.023834909292367784,-0.03517854191706748,2.5641216148965196,643.9671698714037,0.28806841571514424,0.32698703237680726,0.4097834848256302,-3416.145983748331,0.012657179612379804,-0.07555650446965155,5.8461080369215965,619.3162483168409,0.2750067983774038,0.18746877817007387,8.395355478140806,-2229.0353006451555,0.009833740234374999,0.06595649601863146,9.641997159517874,2791.8255521063693,0.28053778545673075,0.06738972355769461,7.724158390925475,-1725.62000808021,0.0013083683894230813,0.0,0.36134945678708386,-397.855699026248,0.28384681114783655,-0.002154512845553361,2.6113471163237643,-808.106232905423,0.001236412635216344,0.0,5.06465613731983,-1318.6161809422479,0.3428029972956731,0.3883616849459166,3.9145106576767574,-2318.1301135583403,0.005871394230769225,-0.008506868802584952,0.06349412888760675,-82.39790214185075,0.3238854792668269,0.25825003756009396,2.223688964843935,1954.3139609939103,0.02472330416165866,0.04273288433368371,4.2519219912015105,-1661.074368077202,0.3103672626201923,0.24177259239783896,3.6729912625822827,3323.0737238299585,0.028330331655649035,0.018573096642128396,1.8480231158917675,-1083.3640654085775,0.29397104116586537,0.382748366135821,11.61189553598327,-751.1639915960129,0.03287734281099759,0.0,3.7758089881310912,-456.7635391464211,0.2784431903545673,0.35834238844651345,-7.5891752647995805,76.77397707429614,0.031051335261418275,0.0,-1.8547164940467842,309.66737403517476,0.2633649151141827,0.3388116267277667,3.0492056039664965,425.51283052644646,0.025421851524939906,0.013579223632813222,-7.812845651479857,1434.9472559632268,0.2633649151141827,0.3388116267277667,3.0492056039664965,425.51283052644646,0.025421851524939906,0.013579223632813222,-7.812845651479857,1434.9472559632268,0.3172626436673678,0.010704423170823315,0.28276521559495194,0.009774122032752403,0.302139147636218,0.024712593274238786,0.2633649151141827,0.025421851524939906,55.77096037284062,88.86481811779717,136.27081454272547,103.17695679776894,98.65850130823124,93.539058644937,69.22334955398887,124.21992795169183,178.75428244748755,44.90047338450727,150.03952909118863,179.44020847373147,157.79327508565993,166.23378101424717,20.473149898128472,10.622082252437307,176.5422332102485,161.77619799839724,163.13184566235813,27.927640876558808,9.743330410088664,-12.29350550167582,21.252919558750207,43.2897554705146,-4.4526378867902645,-10.496991638444365,-1.693964052308743,-7.393685617105802,2.862635139663392,-0.5089610098158612,-0.7439769889562841,-2.018830445045106,0.6097100957779912,1.060997066181514,-2.4365996082324877,4.1132547795134,-3.628243150159541,-3.098265625477139,4.423088840332171,-0.7451275853429769,-1264.7082722601072,1144.1738901247425,-3927.670705113328,-6336.552867498175,132.64864474216157,313.4522733196945,36.349654773516185,-728.1814974095255,-1082.3841472040435,37.87108143182941,23.068585560818345,59.926016591010715,-97.5960768675037,-504.12747872982544,616.3453069682115,160.1256503665972,-38.25962935314765,179.1747381349047,-63.529270132202946,-343.4498612732997,235.77096037284062,326.90614225504345,283.17695679776887,278.6585013082312,192.19755995316825,302.97421039917936,358.7542824474876,135.09952661549272,165.05999752430407,164.50020599803557,186.70693091237564,200.47314989812847,169.3779177475627,172.8356845373142,191.05948653891693,207.9276408765588,9.74333041008864,22.036835911764506,43.28975547051471,-4.452637886790176,-14.949629525234673,-13.255665472925909,-5.861979855820063,0.5089610098158833,1.2529379987721674,-0.7658924462729826,-1.3756025420509297,-2.4365996082324877,-4.113254779513384,0.579695629512116,3.6779612549892553,-0.7451275853429603,-1264.7082722601037,-2408.882162384855,-6336.552867498179,132.64864474215491,446.1009180618625,409.7512632883444,1137.9327606979002,-37.87108143182391,-60.93966699264225,14.62175137088731,112.21782823839978,616.3453069682121,-160.12565036659583,-227.8043932706106,-406.9791314055065,-343.4498612732991
94,swing,stance,0.4723618090452261,0.31796120042067305,0.31824752103365017,16.474262911283805,1563.4141692881078,0.02021825232872597,-0.01592340087890523,1.9071479562612184,302.8039654822426,0.31213457782451925,0.3350687913161049,24.921492070124206,3466.2248165048,0.011354942908653853,-0.08235732797475843,4.082681783822859,-571.170639802214,0.32016533954326926,0.3892212477463927,38.56464194899316,6923.7177493520585,0.006452993539663457,0.01587107966496501,3.5024030832145456,773.7614405106366,0.32211793870192307,0.3910076434795648,16.61408014385546,10391.367046877353,0.004155001126802879,0.06759153395432614,2.7510713853103543,-435.97444113744103,0.28761309344951924,0.27836567570612913,-2.376335172213376,1130.26094056112,0.023759399414062507,-0.00751323289137504,4.24783159344002,367.7334753705213,0.2895611853966346,0.23974888258713903,-18.84390470534107,-1290.320807945879,0.01223786808894231,-0.04756652362530022,6.9362920039249465,-393.3880085531322,0.2763844275841346,0.17484815392127695,-10.22376327749415,-1217.376279848681,0.01022098482572116,0.16015617018479564,10.87934248234654,-1749.9194343179795,0.2812150691105769,0.0776297325721148,-5.238126187838308,-697.7182037000898,0.0013083683894230813,0.0,0.0,-162.64058299959038,0.28384681114783655,0.02409018179086623,2.7978320688101452,-3.7924494699654314,0.001236412635216344,-0.00373162372295621,-0.49809889103815735,-971.274058880164,0.3449629657451923,0.34870594200720634,-11.228513709435301,-1119.4200850030973,0.005871394230769225,-0.01660264235276412,-0.8055294682428421,158.05264412863653,0.32518588491586536,0.31209977839543124,6.765889751728139,209.04721468408428,0.02515278038611779,0.04273288433368324,-4.2519219912015105,-1137.3509710945555,0.3114563927283654,0.31596033653845756,17.672005746694328,612.7673355736952,0.02851699594350962,0.01857309664212819,-0.10100493563144897,-193.9282911265592,0.29665403395432693,0.47891849459134717,-0.8071098491964105,-3554.894135087351,0.03287734281099759,0.001067446195162187,0.12526843144345298,44.07566274202346,0.28029894080528844,0.3368720045823256,-6.203831913874369,634.4860461967551,0.030881347656250002,0.0,1.6829197880671993,184.54429115765421,0.2653839393028846,0.3733735257662258,2.382842623196916,-12.616831895153602,0.025508075420673085,0.014680304894080868,-0.5969656642035349,872.9571188412995,0.2653839393028846,0.3733735257662258,2.382842623196916,-12.616831895153602,0.025508075420673085,0.014680304894080868,-0.5969656642035349,872.9571188412995,0.3180947641225962,0.01054529747596154,0.2837241173377404,0.00975260667067308,0.30399035957532056,0.024801322741386217,0.2653839393028846,0.025508075420673085,56.67960884742937,88.07935664596808,161.75423163156924,130.3544838330305,99.59695797323585,89.10540422951591,70.24465249549351,120.02387162461237,178.43383808264588,44.27289291457555,149.49533671323408,177.35478068833118,156.62851383022337,167.1459953011872,19.81204192911093,11.698664571216165,175.7635860387182,160.33549130435236,163.9898908716921,28.2123672140212,5.792206415080028,-9.743372107273414,-11.179068192683593,4.356510329669861,-5.82570220396154,-8.407422052316246,-0.43470462492083217,-12.449852654505387,-1.3485669768515902,0.08763813894110474,-0.2893746124793702,-0.7186209417528624,0.4311819300431746,-1.1028268091107807,0.254013230994786,3.9627518106635793,-3.4380453884352224,-0.862782812498198,2.099755638752919,-1.7616792484830142,-204.9635786064532,391.8076529788003,-3242.5809227342947,-3839.3521543195347,-770.6724440386066,1014.0093320012674,91.28476114345037,216.44572848299768,-932.4927937143873,173.06619015310966,144.11115045986074,326.02923284191553,-38.44465181854784,-152.38855509515832,318.57396013652516,-119.81588234039924,124.77604608000516,533.9820376601618,-536.2249685818615,-108.65560507507014,236.67960884742934,328.60025220146133,310.35448383303043,279.5969579732359,188.70236220275174,298.45770970725823,358.43383808264593,135.72710708542445,166.23177037219034,163.58655106052154,186.95803723029815,199.81204192911093,168.30133542878383,172.53774939006564,192.2022580857133,208.2123672140212,5.79220641508004,15.53557852235343,4.356510329669839,-5.825702203961584,-14.233124256277787,-13.798419631356932,-1.3485669768514135,-0.0876381389410937,0.20173647353827653,-0.4176316480728643,-0.8488135781159506,0.254013230994786,-3.9627518106635655,-0.5247064222283431,0.33807639026985503,-1.7616792484830197,-204.9635786064509,-596.7712315852534,-3839.3521543195575,-770.6724440386242,243.33688796266725,152.0521268192192,-64.39360166378732,-173.06619015311185,-317.17734061297705,127.74075322282171,166.18540504135638,318.5739601365235,119.81588234039765,-110.89853599677436,-644.880573656945,-108.65560507507456
95,swing,stance,0.47738693467336685,0.32025995342548075,0.39572028996394865,9.55777215106697,-2023.9470332126855,0.02021825232872597,0.0009913001427280866,1.6830127516525253,-199.57534088603626,0.31476778470552885,0.4794716045673077,14.39355194091783,-3113.5640153080612,0.011229407677283657,-0.043709702711839354,-0.34628935593829585,-1306.0363485541761,0.32391075721153845,0.689399263822119,19.207020470252512,-4126.814014906765,0.0066125018780048145,0.08012526761568586,4.885608271672036,-1026.0240793985486,0.32451956881009614,0.5922761418269259,30.912623300406004,117.21443825111338,0.004608605018028844,0.06391223144531362,-1.7564539841870557,-429.5920261758862,0.2891639122596154,0.29646507850060033,6.384181269718511,697.7552032071842,0.023759399414062507,0.007513232891375123,6.259935437715845,-22.94431929306944,0.2904779522235577,0.13760105543870524,-12.558264836238537,2769.4685999872563,0.01217912409855769,-0.005845027043269881,1.892459709754422,-914.9145598062196,0.27676406625600963,0.08471738844651412,-3.839582007775638,1956.4229328941935,0.011443349984975967,0.17529662146935093,-7.945132833627723,-2106.5206830127295,0.28131798377403844,0.014745239257811892,0.7119151376582104,1169.998411104706,0.0013083683894230813,0.0,-1.2732292668268967,-126.68631204927568,0.28408892352764425,0.025964402418870332,2.5732320462738603,284.1377141887711,0.0011989088792067337,-0.005006019005408638,-4.69689219313412,-392.5462697683472,0.3463075796274038,0.275512300931491,-7.33594245793231,1401.8003226083968,0.005704533503605766,-0.016602642352764305,1.6519629141000411,683.4826433727558,0.32702216045673077,0.3262489295372615,4.324665996844791,-187.29150455421745,0.02515278038611779,0.0,-7.178741034874472,131.84774327909486,0.31354274338942306,0.41938069035456665,9.83145694674005,-2318.389110107397,0.02851699594350962,0.0175579716609078,-0.10100493563144905,-99.2789272214471,0.2987842923677885,0.37463670935997767,-24.11568371112594,-1388.8504951500613,0.032888070913461534,0.00125897921048697,4.21878047297555,663.2254132772558,0.2818288386418269,0.2959923189603386,-1.2124310819175923,1837.0995227425979,0.031051335261418275,0.016913766714243283,0.0,-302.84096498931547,0.26711741286057694,0.3627597937950725,2.922403273361937,353.7892861609907,0.025569392277644237,0.007579568716194754,0.9605927288347481,210.63819348617068,0.26711741286057694,0.3627597937950725,2.922403273361937,353.7892861609907,0.025569392277644237,0.007579568716194754,0.9605927288347481,210.63819348617068,0.3208645160381611,0.010667191725510821,0.2843625676081731,0.009977830153245196,0.3057671712239583,0.02481385138095954,0.26711741286057694,0.025569392277644237,58.5751410797337,85.36744210306934,133.69180844389024,106.89950742055457,96.47379071213487,86.59728422886724,68.87542006711561,116.45781478814429,177.73784008574222,45.24085728700907,148.77282587289312,177.51574392128092,157.3194818572774,165.74559256204435,20.43698634205697,12.823802222945293,174.37331850172507,160.61707486189388,167.37574723955794,24.810057173877876,7.683394946707216,-8.355740145104946,-11.335833433554408,4.703301658257798,-12.198089585670767,-0.3059430756175134,-0.7765292669474287,-5.2183516625028,-6.5091517318380285,1.2303976851902736,0.7043762819970963,1.2578452619088327,0.22333168554132782,-0.47054620110651607,0.7651487348481809,2.909075057499332,-2.374212536290137,2.268388019348631,-0.9661068238071648,-1.8371437167507216,358.35701373743973,96.09158005410035,900.9524416549189,1163.2178753382636,-821.3332372255862,1283.0133003632625,92.62590763242724,1258.1374156602965,-889.0832601550408,92.31758199082202,250.52384637284186,277.5471293896501,-226.53050334015057,314.7559816342284,15.403944247512335,-242.73017987121415,464.35480580288487,102.71081058651312,-240.97119147707963,-83.3642450411163,238.57514107973373,333.20769897666435,286.8995074205545,276.47379071213487,183.0710749410021,294.1956548738865,357.7378400857423,134.75914271299092,165.98631684009783,163.50206076137874,186.18257890410132,200.43698634205697,167.1761977770547,172.80287927532967,192.1858044134358,204.81005717387788,7.683394946707216,16.039135091812184,4.703301658257688,-12.198089585670855,-12.504032661288258,-11.727503394340784,-6.5091517318380285,-1.2303976851902736,-1.9347739671874142,0.5179342192830202,0.29460253374160406,0.7651487348481643,-2.909075057499332,-0.534862521209239,-2.803250540557958,-1.8371437167507494,358.35701373743416,262.2654336833473,1163.2178753382705,-821.3332372255774,461.6800631376808,369.0541555052557,-889.0832601550671,-92.3175819908209,-342.84142836366277,103.6294225415946,330.15992588173634,15.403944247503542,242.73017987121585,-221.62462593167783,-324.33543651818655,-83.36424504111133
96,swing,stance,0.4824120603015075,0.32193828876201924,0.4143055326021618,-3.8669133019088764,-2409.5558954138587,0.020228215144230774,0.0009913001427280755,-0.09863436420144418,-71.8206680714426,0.31695338792067307,0.479727604792665,-6.370608586238011,-2589.188502014067,0.010915649414062506,-0.08583762300931415,-9.043311668982843,92.46176805230083,0.32709397536057694,0.5822566293569694,-2.9108757887629966,-1322.8063751125962,0.007258272611177882,0.0649726703350354,-6.809396709735621,-961.8761840960941,0.3280704627403846,0.701687274639422,17.792114699143024,-2819.029439645606,0.004797335111177886,0.04993873009314982,-1.5664364154522923,861.2282751147712,0.29059264197716345,0.3425283015324454,4.636279935396469,-901.3634903586052,0.023834909292367784,0.055400691105768715,4.017235419640329,-1171.344268172606,0.2909441105769231,0.1135351656400189,8.989950570912573,3217.699127826521,0.01217912409855769,-0.02854682804987902,-2.2588292001576,94.32099328024815,0.27723585862379807,0.13625939002403462,9.438778761643343,1739.5873219817213,0.01198275991586538,0.0803055889423065,-10.29171965848477,511.1481895329794,0.2813632624699519,0.08478465857872994,6.5206518132139335,-910.2248722910552,0.0013083683894230813,-0.012796274038461189,-1.2732292668268828,253.37262409854995,0.2841077599158654,0.049951810396633496,5.65348748779275,-406.9760775075875,0.0011861008864182676,-0.05093657038762042,-4.4432875319260425,971.6255541968776,0.34773193359375,0.2749778771033645,2.8599317439153262,933.0905676316573,0.005704533503605766,0.0,6.063642826960687,274.5918413766839,0.32846476862980767,0.3555637582632178,4.883563072791293,-873.0403677320433,0.02515278038611779,-0.02941526677058232,-2.926819043672928,1005.503227815462,0.3156712740384615,0.41476894906850764,-5.628387319711515,-2396.1620738712927,0.028693457970252412,0.017557971660907605,-1.0987830986610614,506.6249997992804,0.30041922701322116,0.23654981407752027,-14.765406282865275,3307.015937781838,0.03288999586838942,0.04346724994365989,6.790850474430903,-270.2628990548947,0.2832737379807692,0.32468676757812875,12.259479872483274,1052.8579718673498,0.031051335261418275,0.0,-1.360708000770121,164.05118920487172,0.2690297663762019,0.4027444129356923,5.938513840895291,-326.4466504703109,0.025584251990685092,0.024334503173827016,1.5200011045016837,-336.49664156573584,0.2690297663762019,0.4027444129356923,5.938513840895291,-326.4466504703109,0.025584251990685092,0.024334503173827016,1.5200011045016837,-336.49664156573584,0.32351402869591345,0.010799868070162262,0.2848487267127404,0.01009825251652644,0.30743178460536863,0.024846059163411458,0.2690297663762019,0.025584251990685092,61.84040954342154,81.67311816404468,131.4756327302741,111.64292410965092,91.72717383730328,89.09350479638962,69.68098244098499,113.69053946339842,177.4491567293095,45.267985113102185,150.2017666564233,179.914269833685,158.49504366298385,165.12326667548095,20.99766805832464,13.780868188531175,173.55403468197014,163.79780923138244,161.36429788431855,27.502990013797664,9.393784442591961,-8.777627584116633,-2.124269784091504,16.047142242617156,-14.080307603213607,4.4871839814853,0.4962090196261691,0.19474448780906634,-10.284077129163498,1.0154530333212193,2.228452989257717,2.0707974440727477,-1.8455065457372177,2.0605498907306896,0.4088267410200346,1.5232525154755137,1.2288370819454986,0.16948664063258007,-0.3220653811172118,-2.5995108569364387,238.7210023635446,252.62368369939767,3783.408735752432,3769.506054416586,257.2107421010929,364.6369358381525,825.7900071167002,33.32332660909761,-237.26565578655445,-103.7042361000788,262.93536942055175,-180.60312384410514,-443.2133928068497,466.4990641276108,-84.94076546306442,-265.3258659493773,671.8822245918547,-533.6725401607957,401.9520324325317,-274.8358509142029,241.84040954342152,340.1672913793768,291.64292410965083,271.72717383730327,180.82067863369292,291.1396961927079,357.44915672930955,134.73201488689782,164.53024823047448,164.61597839678944,186.1209347338056,200.99766805832465,166.21913181146883,172.6650971294987,188.86728789811622,207.50299001379767,9.393784442591917,18.171412026708662,16.047142242617202,-14.080307603213562,-9.593123621728262,-10.089332641354387,-10.284077129163586,-1.015453033321197,-3.2439060225789142,0.6238700860135065,2.469376631750724,0.4088267410199462,-1.5232525154754832,-2.75208959742107,-2.921576238053606,-2.5995108569363943,238.72100236354018,-13.902681335857574,3769.5060544166013,257.2107421011061,621.8476779392477,-203.94232917746126,-237.26565578655445,103.70423610007663,-159.23113332046637,-61.655094142306034,381.55829866455684,-84.94076546305837,265.32586594937567,-406.55635864247466,127.1161815183343,-274.8358509142018
97,swing,stance,0.48743718592964824,0.324423828125,0.3568568396935075,-14.658870013896538,145.40806260339312,0.020228215144230774,0.0,0.9611969921405362,115.26733919407131,0.3195891676682692,0.41544538762019173,-11.628443054198534,147.66503253177686,0.010366717998798083,-0.13459725717397888,0.5829746445873446,2232.3560064004764,0.32976258263221153,0.6601442307692245,5.912484036960031,-1892.3767862359266,0.0072654935396634646,0.01168911977914666,-4.781489055926941,620.685230076717,0.3315717022235577,0.7710913649338917,2.580669133113357,-4450.559701364262,0.005110501802884623,0.048169151893029206,6.8991065697302805,691.4467872596258,0.2926064077524038,0.3430608567457912,-2.6747482816242942,-522.340540407557,0.02431619027944712,0.04788745821439368,-5.512368765023964,-873.8127324412632,0.29161900916466343,0.22795231745792746,19.780419865535684,-193.41492296643003,0.011892221304086542,-0.02854682804987902,2.84040939096295,-23.013693368793408,0.27813350736177883,0.1795794865534828,13.64370766038244,332.40357110137495,0.012250441331129805,0.07186225304236787,-2.8079650996279084,432.3762390793927,0.2821700908954327,0.08027942833533915,-8.436073528583591,-1960.807374476604,0.001179762620192315,-0.012796274038461189,1.2732292668268828,1292.3095314483667,0.28459095177283655,0.08278337214543088,-1.5169797879732676,-1658.9468964233092,0.000686983548677883,-0.04966217510516805,5.06818875356821,946.8543842444697,0.3490711763822115,0.3042553335336552,2.0418521916321253,-877.4803085750133,0.005704533503605766,0.044338491586539346,4.411679912860695,-1042.294612612223,0.33059566556490383,0.37532996544471187,-4.449609055738596,-1409.496220069263,0.02485714956430289,-0.02941526677058232,2.926819043672928,1053.4222143495872,0.31771127554086537,0.3628139836237974,-14.250573946438877,-241.64378037200177,0.028693457970252412,0.00651492544320864,4.990703605064858,1182.6984918905555,0.3011616774338942,0.22624066631610493,9.120657372108758,3811.0047227055925,0.0333249276968149,0.06950873272235564,1.5025704322228273,-691.3774131839285,0.28509202223557695,0.4192031719501208,9.369056072528178,-2106.6224316570015,0.031051335261418275,0.003238309420071153,1.648755670400728,284.3920857996131,0.2711650954026442,0.4224433499849752,-0.3584675856361765,-1571.3690632981027,0.025813960148737977,0.022855961726261993,-2.4212830657957776,-572.2760000745437,0.2711650954026442,0.4224433499849752,-0.3584675856361765,-1571.3690632981027,0.025813960148737977,0.022855961726261993,-2.4212830657957776,-572.2760000745437,0.3263368201622596,0.010742732121394236,0.28582399338942305,0.010065119816706733,0.309132818760016,0.024907560690855368,0.2711650954026442,0.025813960148737977,63.883308504339865,80.83642408647812,146.96663717248427,130.01352159034604,85.455952236684,93.02243806788836,68.44555680454339,121.53850052668011,168.49433297334892,46.03090664781185,150.54991688109143,179.0536607792692,156.3125531829415,167.44363592972272,20.609326579163255,13.565337622503842,174.65030643644963,162.23254519116765,164.08847854230635,25.463332207572503,10.082601000612197,-5.8168086506386265,26.68837496596769,42.587784617218624,-9.613057001740174,3.3587497468764975,7.522867789501854,-4.88344385738624,-8.89373118697929,0.18814405604374837,3.346942808836824,-0.5572615103937393,-4.231074272316477,4.217886604196125,-0.08852729995649039,0.2424834399176389,4.3783726354873265,-3.0951550978453195,3.0736120951127694,-4.599313072672371,-135.84033813870317,611.7135773527069,3347.2977737379083,2599.743858246491,990.9602745431422,-548.8946688173439,1597.1599504169772,-852.963517137994,-302.1308275531936,-52.19894691572672,89.24006812077363,-494.5322852945607,-244.7545969215744,98.5453907520616,12.812301768844941,-120.77267434047624,271.0433449435623,-349.969411446274,579.346966587812,-379.64822574460993,243.88330850433985,343.04688441786175,310.013521590346,265.455952236684,178.47839030457237,290.032833500029,348.49433297334895,133.96909335218814,163.4191764710967,164.36551569182748,188.05296250888597,200.60932657916325,166.43466237749615,171.7843559410465,189.55181074987885,205.4633322075725,10.082601000612152,15.899409651250801,42.58778461721867,-9.61305700174013,-6.254307254863632,-13.77717504436553,-8.89373118697929,-0.18814405604377046,-3.5350868648805505,-0.1017149680768421,4.12935930423968,-0.0885272999564462,-0.24248343991765547,-4.620856075404982,-1.525700977559618,-4.599313072672388,-135.84033813869206,-747.5539154914211,2599.7438582464783,990.9602745431312,442.06560572579605,-1155.0943446911963,-302.1308275531848,52.1989469157223,-37.04112120504249,-133.39690440066343,111.35769252090216,12.812301768858132,120.77267434047158,-150.27067060307755,199.69874084319648,-379.64822574461544
98,swing,stance,0.49246231155778897,0.32552478966346154,0.26698020582933163,-2.405525738055673,2549.7840270337856,0.020228215144230774,0.01065157142052245,1.059831356341991,-201.0923206740128,0.32112871844951923,0.3628588303786089,-4.886537907526679,1266.6596232040454,0.009562913161057687,-0.07997858135516996,13.392427088810988,687.9595837226894,0.3337285907451923,0.641678579477171,-21.929737961988472,-2845.854082238051,0.007375751201923075,0.016917503943809652,-0.5713541964017549,140.78312422532812,0.3358201246995192,0.7276236478365413,-26.937128530648746,-2780.2539562848287,0.005281447190504815,0.11927648456280118,5.382777526855534,-1867.328119981056,0.2940404897836538,0.3156464092548142,-0.6133737370413123,731.6652513942054,0.02431619027944712,0.0,-4.764802092332203,548.4806921198881,0.2932350886418269,0.3123333552433935,7.046081998385629,-2701.3710073102784,0.011892221304086542,0.0,-2.490122600848992,-813.0086675861046,0.2790406775841346,0.2733820800781301,12.779518169697377,-2247.01706105881,0.012704993614783652,0.05208483417217664,-5.946229818490854,282.3062385910856,0.2821700908954327,0.0,-13.18595496544549,322.1732074091957,0.001179762620192315,0.0,11.714806225116558,1127.6432254392332,0.28493975360576923,0.034705782376801594,-11.019345642089826,-465.10230304190907,0.000686983548677883,0.0,5.072836932842539,239.64580699275362,0.35078977614182694,0.2954990046574563,-5.958965829702937,-172.63969977285274,0.0061501464843750075,0.04433849158653984,-4.411679912860695,-892.002615081828,0.33223692908653846,0.31084406926081964,-9.282228083683774,364.8151392540043,0.02485714956430289,0.0,7.660338889488798,179.76672981321553,0.31931764573317306,0.2715471003605786,-8.056968026967825,2334.4468961557104,0.0287589346078726,0.06771579683743906,10.78763390526417,-635.0132891716453,0.30269300255408654,0.328214712289669,23.53614871920115,624.4221802859262,0.03358857609675481,0.058568460317758725,-0.15766624098549392,-226.70985434958504,0.2874868351862981,0.41884813514122643,-8.912604867788191,-1992.0534581580691,0.031083881084735573,0.016570408747746082,1.4975039168139426,-204.1586548186015,0.27327542818509615,0.39914172363281614,-9.85414006159827,-501.36181992528066,0.025813960148737977,0.0,-4.231516484187224,46.16150995048045,0.27327542818509615,0.39914172363281614,-9.85414006159827,-501.36181992528066,0.025813960148737977,0.0,-4.231516484187224,46.16150995048045,0.32905055588942306,0.010612081674429088,0.28668522010216346,0.010156030273437502,0.3109666028145032,0.025042107997796475,0.27327542818509615,0.025813960148737977,67.5993068162757,77.44692698293619,144.80970361124827,134.96208344458776,86.29091102426139,90.43190980872048,71.53172226804274,115.27960911928952,169.9114894456496,45.23704977798573,151.56792262346133,179.3941890696951,154.44730975678505,169.00757441235348,20.345954359719297,13.588564556665657,177.60942760664634,159.012811000971,166.72078809963847,23.0684087360785,8.028554913559763,-2.6297524348431702,31.516913871566008,42.17522121996894,-4.12090785906138,-1.029345353362402,16.548067817786812,-8.377753171869303,-13.320567858341336,0.4908405015048681,3.1253380959991643,-2.8993762774806484,-4.305351740928931,3.050955827937343,0.5375935929682255,0.30945679346067173,3.9528907999712626,-3.3477938764154156,5.500517197654792,-6.415070914671229,-540.4332373282119,570.1083814611314,102.65210251518299,-1007.889516274178,557.7564353811006,-445.06762242263204,1251.30407036506,-646.7777155109914,-491.83754189560693,78.72050618283617,-84.69613924746416,-202.3861957636544,147.31519336954926,-418.01363972850606,192.88729173944807,66.81368455016064,-305.41883338469984,206.89399264597034,-49.11933994785882,80.83049613642629,247.59930681627569,350.1523798333395,314.96208344458773,266.2909110242614,176.72282083298188,285.1910985649391,349.9114894456497,134.76295022201427,163.19502759855294,163.8008385288578,189.35352877207276,200.3459543597193,166.41143544333434,168.802007836688,189.78919683571698,203.0684087360785,8.02855491355983,10.65830734840289,42.175221219968854,-4.120907859061446,-5.15025321242376,-21.698321030210682,-13.320567858341336,-0.49084050150489017,-3.616178597503966,-0.7168023200233177,3.5885494209055246,0.5375935929682697,-0.3094567934606883,-4.262347593431906,-0.9145537170164469,-6.415070914671239,-540.4332373282118,-1110.5416187893434,-1007.8895162741865,557.7564353810875,112.68881295846202,-1138.6152574065982,-491.83754189560693,-78.72050618283178,5.975633064627963,-77.81115461951144,-225.1263479890696,192.88729173944532,-66.81368455016036,238.60514883454826,31.71115618857351,80.83049613642798
99,swing,stance,0.49748743718592964,0.32710704627403847,0.3326807016225964,10.967100107045859,417.9834308471651,0.02033526611328125,0.01065157142052245,-1.059831356341991,-350.10321027373743,0.3232359900841346,0.36633445387620533,1.1018044151887703,1139.0298237256577,0.009562913161057687,0.0,7.497141315167092,-1378.3888845391032,0.3362116135817308,0.43974485426682924,-22.68906452824632,3145.809085679206,0.007435518704927882,0.0059468665489783076,-3.366583284818125,-799.5038475224346,0.3388845027043269,0.5003664550781273,-25.36158168381941,2209.647558964606,0.006309260441706738,0.102267418494592,-11.868010213998797,-2340.8940602546277,0.2957787334735577,0.33689629657452175,4.67867133037772,319.58324191746124,0.02431619027944712,0.0,0.0,802.440683392463,0.2947580378605769,0.29876721191406397,-7.369037494366432,-1489.8591493249166,0.011892221304086542,-0.05357318584735616,-5.330531991811915,778.1551319697654,0.28088106595552886,0.3080168550931541,-8.939378380409472,-2487.4398576990347,0.012773907001201928,0.0121011493389426,0.02928352942820932,1756.0058532233645,0.2821700908954327,-0.052242732121398565,-5.198151846079134,1829.2186277467124,0.001179762620192315,0.10494047194260894,12.606327009934677,-1814.9460679122071,0.28493975360576923,-0.027963820237380692,-6.191374793419558,1377.676644028887,0.000686983548677883,0.0013211106520430538,7.476689326359687,246.9717093834598,0.352041015625,0.24436622971754568,0.30677983210597876,1196.3050605986002,0.0061501464843750075,0.0,-4.553170489971689,424.88383890710304,0.3337197265625,0.2820412409855791,-0.7831252441405875,1173.8833593420977,0.02485714956430289,0.047573063777043276,4.733519845815786,-1233.1889441628143,0.32044039212740383,0.28183943058894545,9.211203904372127,1827.3316528882945,0.029374018742487976,0.11493335665189305,-1.3913395021878157,-2110.641503107522,0.3044603177584135,0.46278487454928074,15.39625717397732,-3426.8018417711332,0.03391355543870192,0.06792414738581802,-0.7759205662654494,-370.0089450525332,0.28930155123197115,0.32962925368089335,-10.651581697904543,1070.4142379501473,0.031217872032752406,0.018288600041316706,-0.40309010667062994,-36.310391205443764,0.27517657001201923,0.3234067664513249,-5.397279846191727,1964.6183236999107,0.025813960148737977,-0.019671842134915844,-1.957348292424118,615.7920452728326,0.27517657001201923,0.3234067664513249,-5.397279846191727,1964.6183236999107,0.025813960148737977,-0.019671842134915844,-1.957348292424118,615.7920452728326,0.3313597881610577,0.01091073960524339,0.2877055363581731,0.010169812950721158,0.31252326221955135,0.0252211170685597,0.27517657001201923,0.025813960148737977,70.23404734002914,79.54503270377232,166.46219728992793,157.15121192618471,85.30339238693358,91.06115614929992,80.02051664729511,106.43254244328875,169.9114894456496,45.59681353725455,153.18855022398608,177.07314932957294,154.05798866970366,169.14773007799215,20.935768161490582,13.434998650059903,177.8816122046567,160.05515879949309,167.32895554414728,21.299274801643033,4.651111178218144,-0.08707617364236933,27.720054388230828,32.458241740091275,-4.007464686352265,-1.1142916845067092,20.098788094678252,-11.383722405235355,-13.83682206030194,0.9793049222029007,2.495725328962818,-2.591293628621408,-2.7505195650848364,0.016744496371972395,1.8500384461686028,0.913977757004676,1.3088366215707659,-1.015818488338094,2.579950387094091,-3.7869462773314084,-484.71788773074013,676.6335636523908,-1860.1660127946354,-3021.517464177769,-323.82301363516575,165.0580287315314,-83.78042587886942,-291.3931893918541,216.40863036709592,76.66453215041595,-126.7254471868347,72.53018455251494,268.92894941543506,-526.8200864385872,235.42186750704872,113.90079394291686,-558.7218954101812,367.4782523664172,-467.54973498356685,544.892584084406,250.23404734002915,350.68901463625684,337.15121192618466,265.3033923869336,176.3645485362335,276.3440318889384,349.9114894456497,134.40318646274545,161.21463623875937,164.14148690918645,190.08349823948276,200.93576816149059,166.5650013499401,168.6833891452834,188.62823034579029,201.29927480164304,4.6511111782181,4.738187351860491,32.45824174009123,-4.007464686352353,-5.121756370858996,-25.220544465537294,-13.83682206030194,-0.9793049222028786,-3.475030251165697,-0.8837366225442885,1.8667829425405034,1.8500384461686195,-0.9139777570046898,-2.222814378575367,-1.2069958902372733,-3.7869462773314084,-484.7178877307535,-1161.3514513831376,-3021.5174641777558,-323.82301363515484,-158.7649849036365,-74.98455902475851,216.40863036709592,-76.66453215041375,50.060915036407735,-22.469269516102802,-291.39821893152913,235.42186750704926,-113.90079394291496,444.82110146726626,77.34284910083583,544.8925840844026
100,swing,stance,0.5025125628140703,0.3288683143028846,0.3772023174579325,1.7953127629208325,-962.7271727576656,0.02033526611328125,0.0,-2.4587938725397684,-33.74355040565175,0.3248104717548077,0.37393224158653615,6.560998009314024,586.7011828754847,0.009562913161057687,-0.004630427433893165,-0.4607275296723679,-1020.1689074120557,0.33814813701923074,0.41364778019831505,9.686433753380218,2760.163223970939,0.007435518704927882,-0.016917503943809465,-8.606568744365868,-1294.3815038416926,0.3408489332932692,0.4727333796574535,-4.729615375225714,2493.396778329671,0.006309260441706738,0.0,-18.143795943040065,-521.5080514995549,0.29742638221153844,0.36266823167067036,2.598518141526116,-888.8576569846574,0.02431619027944712,0.0,3.299928394024156,1061.4464824353558,0.2962377741887019,0.23827267690805298,-7.9273767887993625,1119.6050825383088,0.011353797325721157,-0.05357318584735557,5.330531991811915,1934.6394731339506,0.2821363243689904,0.18353908128004554,-12.219877385066624,1314.0559917016346,0.012826613206129808,0.05237914100060085,11.702070213904648,296.0330556969328,0.28164503831129806,-0.05224273212139798,5.198151846079135,2540.108655947234,0.0022344407301682773,0.12669675386868937,-6.52585777400098,-2007.7874985198855,0.28465871018629807,-0.02751908991887194,2.8266507803109566,888.4876619145531,0.0007002610426682654,0.07514260629507173,7.554964665339606,-636.0122758612938,0.35324571814903843,0.2985822190504812,6.064200608473867,-169.6057401968043,0.0061501464843750075,-0.0014220158503612532,-0.1414905771109441,467.1187761747199,0.3350715144230769,0.3029734637920701,2.515594623271902,852.5426408409076,0.025335270808293273,0.04757306377704275,-4.733519845815786,-757.1255371651191,0.3221502028245192,0.36412201397235816,10.308174213115414,-679.9399405752994,0.02991404371995192,0.05373248525766211,-10.42484351290174,-100.25941415757792,0.30734410682091345,0.48295096529446513,-10.904070796086389,-4138.82035493567,0.034271230844350964,0.050770263671874864,-3.876349105835049,-17.667264603828666,0.29079969200721156,0.311797062800478,1.8453271719117086,2114.688324188291,0.031267686110276444,0.012519251896785004,1.1325753619853645,226.27048520365832,0.27652574744591346,0.3448977050781258,9.890767714280098,966.2236261713631,0.02561625319260817,-0.019671842134915626,1.9573482924241181,1127.6571002543394,0.27652574744591346,0.3448977050781258,9.890767714280098,966.2236261713631,0.02561625319260817,-0.019671842134915626,1.9573482924241181,1127.6571002543394,0.33316896409254804,0.01091073960524339,0.28842084585336536,0.010286260516826925,0.31418949694511217,0.025425771859975965,0.27652574744591346,0.02561625319260817,69.35908715404354,78.42158344582289,166.42588612392709,157.36338983214776,84.76082027741025,89.27658135591071,86.6929907908596,114.32383728898736,153.020573553474,46.55001055984985,152.96218906585636,176.88607704458755,153.31206594281892,168.68973209771352,21.599925289173783,14.445797157164503,177.15139101570608,160.1918450763732,167.6260245175955,20.584942233160678,3.1570183534518543,4.170584888296389,12.821778064584871,11.808211529740314,-7.375410508661014,0.6295293072559932,15.706053487345919,-11.30632793962661,-11.145606749124306,1.2613383120618071,1.8517155112068644,-2.1704296990634178,-1.6025482292160336,-2.2437184076263113,2.903642512637041,1.454188390876914,-1.6624046312868024,0.34545489108624033,0.8015248862621921,-0.9387635369385413,-85.40607540695399,871.2042597006712,-2390.3887729860016,-3242.0030509436806,-342.58860691221213,363.06996324758205,-1075.2788040566093,154.88973980629464,940.8704205856959,58.258874943333325,-219.08344709592225,81.45165842678674,154.46169385665428,5.712009282737886,-80.80078941359872,-49.49266261179427,-282.3694262488562,138.5868687215955,-255.55627696835754,448.8314971074048,249.35908715404352,350.9375037082207,337.3633898321477,264.76082027741023,174.03740163332097,267.34441084246134,333.0205735534741,133.44998944015015,160.4878003742938,163.60172332970623,190.28965738688728,201.59992528917377,165.5542028428355,168.40281182712943,188.2109667507562,200.5849422331607,3.157018353451788,-1.0135665348446454,11.808211529740358,-7.37541050866097,-6.7458812014050205,-22.451934688750963,-11.145606749124306,-1.2613383120618071,-3.1130538232687157,-0.9426241242052539,0.6599241050107796,2.9036425126370906,-1.4541883908769113,0.20821624040993525,-0.1372386506763935,-0.9387635369385855,-85.40607540694087,-956.610335107623,-3242.0030509436765,-342.588606912188,20.481356335372045,1095.7601603919884,940.8704205856959,-58.25887494333331,160.82457215258017,79.37291372578903,-75.08878013085204,-80.80078941360752,49.49266261179537,331.8620888606384,193.27522013903848,448.83149710740923
101,swing,stance,0.507537688442211,0.33089802433894233,0.3507240459735596,1.2914501295818421,-217.77909834180804,0.02033526611328125,-0.014059924785907488,-1.398962516197789,324.3700531387288,0.32699410306490384,0.4322741323617737,6.998298715444923,-410.5095304282489,0.009516376201923082,-0.004630427433893165,-2.755812528170197,-448.81327007471776,0.34036887770432694,0.5370959472656258,5.05126938100947,-2531.358272536076,0.0072654935396634646,-0.08055131178635742,-16.37544261991057,-600.0302552807096,0.3436355919471154,0.45283263221153697,-0.30231758000350917,1348.5580320012627,0.006309260441706738,-0.08008228947566068,-17.10929716374309,1446.73622388867,0.29942364032451924,0.36301205679086473,-4.254571453387721,-724.6908443204153,0.02431619027944712,0.0331651094876801,10.66780384357146,76.41785681914929,0.2971527381310096,0.21909508338341677,3.8832748929533034,103.95011498310373,0.011353797325721157,0.0,14.113080803504253,1731.484429943343,0.2827256798377404,0.18520401705228295,4.267214501014049,1511.7813572364457,0.01330033052884616,0.12970989520733153,3.0044901193471447,-2218.3701927454763,0.28164503831129806,0.0,20.33057836444594,1493.9290950974498,0.002453096829927892,0.03935396165114153,-7.572441819410993,653.466793299752,0.28466317983774037,0.0004447303185084442,2.7381494469277463,166.51628136036086,0.00144218562199519,0.0772504037710344,1.0846061518742942,-460.47736466394844,0.3550418419471154,0.3053129695012029,-1.3978004713794991,-664.8811412166381,0.006135854867788462,-0.0014220158503612532,0.1414905771109441,524.4125128009536,0.3367646859975962,0.3073235990084124,7.785142503004249,413.87648556756346,0.025335270808293273,0.0,-2.8757820352407206,450.8621177761266,0.32409990985576925,0.3854391714242767,2.3776366624092895,-1530.0036144455355,0.02991404371995192,0.010161060039814816,-2.3989718052790554,1492.9393582845446,0.3093140963040865,0.35319622333233164,-26.19992729773814,-522.1370431189945,0.03442380934495192,0.028965864915113843,-0.9534810145451352,876.3564485491248,0.2924351900540865,0.3481752554086493,10.601567288912545,387.93983114398765,0.03134369365985577,0.029671266995943534,1.8709851215068503,88.52132055428811,0.27864287860576925,0.42281146709735645,4.313510366585833,-1279.4799523879158,0.02561625319260817,0.0,9.375888896061754,543.3886349657448,0.27864287860576925,0.42281146709735645,4.313510366585833,-1279.4799523879158,0.02561625319260817,0.0,9.375888896061754,543.3886349657448,0.33547414926382213,0.010856599074143634,0.2891220552884616,0.010573120117187505,0.3160497671274039,0.02546148759890825,0.27864287860576925,0.02561625319260817,70.15837361053235,79.71134258100282,173.23715187544502,163.6841829049745,80.06310389582553,92.25281544525821,88.00516459789262,102.82876736295731,161.48198738023382,46.409705832740094,153.46704324794672,177.08528471194012,152.69624435728394,167.79040454503152,22.551317305057548,14.287011596232164,177.36937260994762,159.29867356401274,167.64013464295135,21.404807586856148,3.792758661565336,8.668745531892052,3.6960466195271904,-0.12470349552374484,-7.450566263359438,2.534652669740362,9.291965943355498,-9.827041603162035,-4.380837933812493,1.5648212532916803,0.2938816395565545,-1.7726839961913872,-1.1981407323546358,0.07415162484170014,1.0379702108560493,0.41656406241377664,-1.5290470593222734,0.37701436313523334,0.011545593442245433,0.7239230403309711,416.46984015684,1215.0038313063976,-1236.924494721264,229.56567518571705,-219.13372171180333,1090.4548936561969,-599.0996113003232,174.19708652748645,1296.223696717226,7.91735470782372,-98.11876500851639,-96.93141623732842,8.436431848788413,519.4496974076783,-340.75330271843063,-274.75191625219094,158.45998447154545,75.5441655464962,-139.66248257724584,180.41024881138716,250.15837361053232,350.4470310295295,343.6841829049745,260.0631038958256,172.31591934108374,264.3107547431911,341.4819873802339,133.5902941672599,160.12325091931316,163.03796620737305,190.3417218500891,202.55131730505755,165.71298840376784,168.34361579382025,189.04494222980748,201.40480758685615,3.7927586615654243,-4.875986870326717,-0.12470349552374484,-7.450566263359283,-4.915913593619075,-14.20787953697455,-4.380837933812493,-1.564821253291658,-1.8587028928483011,-0.08601889665695801,1.112121835697766,1.0379702108559776,-0.4165640624137794,1.1124829969084498,0.7354686337731723,0.7239230403310153,416.46984015685103,-798.5339911495374,229.56567518571705,-219.13372171180563,871.3211719443871,1470.4207832447169,1296.223696717226,-7.91735470782593,90.20141030069487,187.1328265380233,178.69639468924373,-340.75330271843893,274.75191625218906,116.29193178063477,40.74776623415176,180.41024881139322
102,swing,stance,0.5125628140703518,0.3323931790865385,0.39018171574518723,-0.3934218937807651,-1590.4238094152036,0.02019396033653846,-0.014059924785907488,0.8012066615178214,55.725882516132145,0.3291549353966346,0.44426690204326935,2.4352740854120065,-1066.9917835505064,0.009516376201923082,-0.032327035757211846,-4.9714136610765856,290.42763038283687,0.3435460862379808,0.4644143066406215,-15.754352905273926,-1734.6478877938166,0.0066259577824519245,-0.18149481670673048,-14.637023571307699,1275.160259942818,0.34540001502403844,0.46969501201922725,8.823731680063418,-1202.7059753134793,0.005504413311298084,-0.17195273531400165,-3.603733391395076,2174.211281112604,0.30107474459134614,0.3199087195763212,-4.684806927020802,445.6220625939305,0.02464950796274039,0.10721410898061816,4.067947055523147,-2122.8929648707117,0.29843973482572117,0.27730056527944313,-6.882652015099823,-2034.1958966579314,0.011353797325721157,0.08826682222806469,22.732385559081767,-884.8062109656303,0.28399767127403847,0.2264256591796844,2.973905099721839,369.051582808384,0.014130230243389427,0.0825750215970547,-10.593107602632898,-665.5286325894624,0.28164503831129806,0.1520846886268033,20.21251461087769,-2566.082309877858,0.0026299579326923145,0.050591810960035836,0.04164768629806423,943.3486809539721,0.28466317983774037,0.0,4.500181246244239,250.93065663500485,0.0014766470102163531,0.08604317063551695,2.9270514526365865,-315.2542995957589,0.3563141902043269,0.2845339731069686,-0.6180219163164936,118.69441853221954,0.006135854867788462,0.0,5.128986938476552,482.1775755333479,0.33816019381009615,0.38121610201321865,6.675157292292659,-1773.6083686897791,0.025335270808293273,0.01867073176457307,-0.2022422802265543,-197.65599145918543,0.32602396334134615,0.38801785982571796,-5.068746535080988,-2273.3977095664313,0.03001616492638222,0.029622215857872506,4.579572148249528,586.3034381749187,0.3108938176081731,0.21963511305588973,-16.151679269644145,3328.6606493905415,0.034562345064603366,0.04118753990760211,4.931253392146143,193.23455036985587,0.29429894080528846,0.4183454777644236,5.744219947228184,-1116.0531298640244,0.03156588979867789,0.031323122464693126,2.0222368750937916,-66.22449263410245,0.28077510892427887,0.3882495680588881,-2.968327284593483,-1400.3943413412403,0.02561625319260817,0.07455819702148432,7.418540603637658,-1430.8680603138669,0.28077510892427887,0.3882495680588881,-2.968327284593483,-1400.3943413412403,0.02561625319260817,0.07455819702148432,7.418540603637658,-1430.8680603138669,0.33762355393629806,0.010460176908052888,0.2899640737680288,0.010848028094951927,0.31774436911558496,0.025538629776392225,0.28077510892427887,0.02561625319260817,73.12876428943474,84.48534812682404,160.1845109037453,148.82792706635598,78.79009717398108,90.32776927815605,90.67945354252024,99.35157899163751,159.08683391797942,46.603133215745316,154.48828840305038,175.63261263749322,153.04063447120748,166.48885184965178,23.746479422851788,15.248677964689413,175.2498450139463,160.3660733401114,167.79425201060914,21.34115167064371,7.3426448876914705,16.381678670270286,0.39037610758718955,14.115404245174666,-9.577759470588695,11.588874972142442,9.684951866237117,-9.555603451913171,1.8817670872297791,1.3409097161605383,0.8655972699152381,-3.144614786875768,-1.517759969429215,2.9768815663202264,-0.5210137960909204,-1.307137400602404,-0.0698419732813135,1.1046927357746477,-0.6021181547151592,0.8744047928241515,609.4915679554636,1358.7857710059334,-1345.9699915606307,2672.8069123971823,-486.2742341643496,1637.1602394099223,592.5429982470719,871.0204922843736,-312.67748528588356,-97.2801954728626,164.46691794638278,-153.26384593456999,-127.43479251480235,543.0985579099513,-329.5866419340865,-231.3340897004233,271.2354045100147,56.64870689016775,-41.70817121958278,-54.841850480168674,253.12876428943474,348.64341616261066,328.8279270663559,258.7900971739811,169.11786645213718,258.4384129096169,339.08683391797945,133.39686678425468,158.9085783812043,163.27596574371108,190.23533127250357,203.7464794228518,164.75132203531058,169.50147702136428,189.13540368125282,201.3411516706437,7.342644887691515,-9.039033782578725,14.11540424517471,-9.577759470588674,2.0111155015536806,-7.673836364683393,1.8817670872297791,-1.3409097161605605,-2.2065069860757984,0.9381078008000135,2.4558677702293172,-0.5210137960909536,1.3071374006023875,1.3769793738836567,0.2722866381090531,0.874404792824168,609.4915679554462,-749.2942030504698,2817.8484290993383,-486.27423416437597,1150.8860052455686,558.3430069984967,-312.677485285888,97.2801954728604,-67.18672247350915,86.0771234610696,213.51191597586313,-329.586641934075,231.33408970042825,-39.901314809586445,-96.5500216997498,-54.84185048017582
103,swing,stance,0.5175879396984925,0.33481944861778845,0.34677005709134084,-14.692708759013238,-623.55269187093,0.02019396033653846,-0.006007596529446936,-0.8389033954326394,-260.4580296936106,0.3314590970552885,0.4567492487980754,-3.7252367976255387,-2367.968449519293,0.009191481370192309,-0.054594383826622885,0.16305812894375374,829.0109543738932,0.34503635817307693,0.3787607421874952,-12.382377732496302,-766.7037845458001,0.005441425030048075,-0.22765707632211385,-3.5597616154600806,1577.8069775202553,0.3483561448317308,0.5415133526141848,-12.389814819335012,-4551.272359483139,0.004581092247596161,-0.11630071551983245,4.742072495680157,-403.55362310789394,0.30263880333533655,0.31592857008713787,0.2240422410236604,863.2539981243539,0.025393719012920674,0.07404899949293804,-10.66780384357146,-993.75588433544,0.2999396784855769,0.14992270132211172,-16.560904972955644,2761.754202773003,0.012240901066706736,0.22846618652343584,5.220556070181297,-4509.675663711517,0.28500131460336536,0.21509251051682418,7.976275634766668,1851.2333344257795,0.014130230243389427,0.023246502216045652,-3.6842398564263767,1044.6533311849614,0.28317352764423076,0.2031408503605807,-5.459193594125608,-3516.5256463037354,0.002961557241586546,0.039772531362679865,1.9084494464581143,696.598968612678,0.28466317983774037,0.045672682542068826,5.260065594013233,-663.0866651259768,0.0023069411057692335,0.1066680063100957,-2.0837787686861104,-431.9414948718663,0.3579014798677885,0.2991016939603336,-0.2048917424124635,-171.455715547946,0.006135854867788462,0.05012559157151387,4.987496361365718,-1006.5900883343015,0.34059600360576925,0.37441060697115297,-10.040067232571499,-1802.8379792386627,0.025522916353665867,-0.0020325857309201525,-4.862274411714955,-53.73715901357884,0.3279995868389423,0.33449699519230675,-20.47058152418811,-391.158788254994,0.030211754432091342,0.056186910775991174,3.493525060800555,-734.6529615865726,0.311521484375,0.19086778846153551,7.253948575533782,4609.8240793481455,0.03483775446965144,0.07852620051457278,0.9885747680664899,-1268.0887291629488,0.2966396672175481,0.4059061091496363,-0.6150470815802108,-1521.290230541498,0.03165849891075721,0.04999525569035359,1.2054123312143605,-415.7819601792333,0.2825448843149038,0.3929790320763163,-9.760804621768402,-1145.708234743446,0.026365581805889424,0.07455819702148432,-5.004694624680688,-1236.1119052176864,0.2825448843149038,0.3929790320763163,-9.760804621768402,-1145.708234743446,0.026365581805889424,0.07455819702148432,-5.004694624680688,-1236.1119052176864,0.3399177621694711,0.009851989746093751,0.29108330078125,0.011406669734074523,0.31953385103665866,0.025788726806640627,0.2825448843149038,0.026365581805889424,73.01640228562435,88.4566207659965,179.08853348043647,165.47124803919138,78.40318076052193,94.38860844336683,92.0860267177521,104.4284788624277,156.27728362370894,48.24693671571042,152.17013463421847,175.26428273991905,152.25961891840151,171.47670806919356,20.58231892255698,13.351736817604356,177.14171268352032,160.53222697264317,167.18067319011502,21.7936503361171,9.918302058102684,22.324883933961793,-9.831289979072173,26.737677533593782,-12.337744496166993,18.988524422603977,15.24717195588891,-1.0730668063341218,-7.523325223117869,0.5871308465292379,1.9468154882639261,-3.3130241563378258,-2.478892415920494,5.532428588760832,-2.2744583512955883,-1.9084016632186283,1.1969369056025092,0.9463481007248614,-0.40763200675456823,0.1727486636458564,-18.12060104049962,483.62139423335367,-2054.519021062724,962.8184618526085,-158.0807000497203,530.0296998770889,1338.1834856696564,312.9861099433843,-1279.220595785668,-204.57001482808036,274.396543633806,114.76996146561949,-28.30833056970785,-51.36237469033525,-104.92578501131196,-5.269906011206692,134.81024549672247,-135.9252311527248,-122.6582379878712,129.04312965508632,253.01640228562437,344.55978151962785,345.4712480391913,258.40318076052193,172.79178920388878,260.7057624861366,336.27728362370897,131.75306328428957,159.5829286500711,164.31864591015204,192.05902699175053,200.582318922557,166.64826318239565,169.5065504988753,188.9743235262321,201.7936503361171,9.918302058102597,-12.406581875859109,28.195381219042595,-12.337744496167103,6.650779926436941,-8.596392029451946,-7.523325223117913,-0.5871308465292379,-2.5339463347931197,0.7790778215447502,3.257970237465244,-2.274458351295544,1.9084016632186753,0.7114647576161219,-0.23488334310873946,0.17274866364582878,-18.120601040506248,-501.7419952738647,1492.7061425534644,-158.08070004972683,371.94899982737485,-966.2344858422794,-1279.2205957856725,204.57001482808363,-69.82652880572235,-184.59649027134623,-156.2881597016472,-104.92578501131194,5.269906011208327,-129.5403394855053,6.384891667206297,129.0431296550863
104,swing,swing,0.5226130653266332,0.3358783052884615,0.24251630108173697,-6.6602831186142595,2004.7442890670104,0.020133582481971155,-0.022491114689753147,-1.81646197861898,-239.36368575171204,0.33374538010817306,0.4068273362379874,-21.363403799204104,-2312.876183561071,0.008967688927283654,-0.030688260591947982,3.3603547245907186,164.82355391401865,0.34735272686298074,0.3399682992788491,-23.459918579101096,-1591.8667901893862,0.004337946965144238,-0.21727131535457064,1.2203329866848844,1234.137056530382,0.35084236027644233,0.345174260066111,-36.917699068511034,-1205.0739437633144,0.0043355618990384565,-0.12429371525691445,-7.6595486990121175,-422.8396161439532,0.3042499060997596,0.3221604003906294,3.991112652118469,464.3068136407841,0.025393719012920674,0.0,-5.9195492694561915,1205.5549373544604,0.29994649564302883,0.11085930926983795,20.873671630860127,5044.956781700562,0.01364993990384615,0.14073472243089202,-22.590987945556787,-1903.98538156488,0.2861594050480769,0.30658923339844524,21.57926524470463,724.2653499894489,0.01436386343149039,0.04554748535156331,-0.09407914851263742,452.63346917487934,0.28368665489783657,0.09721842134915876,-15.129451683632366,2073.0083795260152,0.003029681865985581,0.06977220740685114,7.042642345721994,561.5137684689984,0.28512220177283654,0.052864980844354335,-2.1640063429615863,1037.577175466616,0.00254868727463943,0.06510067044771675,-1.4140690988394757,440.6918782829904,0.35932023737980767,0.28247475961538604,-2.341194936898873,606.8289146962821,0.00663962965745192,0.05012559157151497,-4.987496361365719,-1813.623335536105,0.3419231144831731,0.2803109036959167,-11.443817373422624,570.4213997848777,0.025314842810997593,-0.030196347750150305,-0.7423142301117711,584.4812124539906,0.3293857421875,0.18228337214543458,-8.999990638146272,3616.1838184720036,0.030580857496995198,0.06473302048903401,-2.8038747018668118,-988.4788296462289,0.3128120868389423,0.29253911884014916,30.178210975061035,1280.8304343941525,0.03535155310997596,0.05112296471229049,-7.81335695120013,-771.962339481673,0.2983783991887019,0.41216410006009985,-9.545129103440203,-1598.1382066298977,0.032068354679987976,0.043437819260817405,-2.1564762925367114,-295.89430754559373,0.28472464693509614,0.2901510291466424,-14.482982910155805,1646.774058612336,0.026365581805889424,0.024259758582482208,-5.004694624680853,233.66576167003666,0.28472464693509614,0.2901510291466424,-14.482982910155805,1646.774058612336,0.026365581805889424,0.024259758582482208,-5.004694624680853,233.66576167003666,0.34195469313401444,0.009443695068359376,0.2918329326923077,0.011797178297776444,0.3210907045022035,0.02605346992688301,0.28472464693509614,0.026365581805889424,79.1855578516561,97.97583438080831,161.24888351554335,179.9608399553044,69.87505914569306,107.1606966555474,99.34298897419826,96.21671628714708,161.4760505398951,47.02921588122379,155.75442643307775,173.27472256990262,151.12674443007725,170.14602404673062,22.66886663898792,13.12297777604701,177.25839816921226,160.86666045423476,167.04532027093282,21.706643329573154,7.160528294319614,21.242195195228636,-20.258056264902585,23.79197170097982,-11.166510224857248,16.915806629198634,23.134032124223673,-6.410014407256029,-10.974721312626237,-0.7150703323628912,3.6233514772901847,-1.991147837472552,-1.8022658043006519,2.460676795563086,-1.5755442987171757,-1.3601012801120191,1.285034865881732,-0.2613899893783713,-1.8348642651460307,2.1713206687546727,-1118.8204479364795,-1048.0009011929121,-1501.1735671140918,-2156.366019291292,846.3969994907202,-1529.086202054882,797.0881976370121,717.6811184265745,-2197.4585186277463,-196.09187268648725,276.73972922634175,187.48826437034398,317.15245319167684,-857.4216129608719,272.1330388589846,193.22068124547036,-134.71160717029508,-219.20119991951063,-354.70072227766474,515.3928481219858,259.1855578516561,341.2097234708478,359.9608399553044,249.8750591456931,177.03575580124047,257.69276682704225,341.4760505398952,132.9707841187762,157.21635768569843,163.9416351157958,192.81489068571858,202.66886663898794,166.877022223953,169.61862405474074,188.75196360050597,201.70664332957315,7.160528294319592,-14.081666900909045,29.117476029631703,-11.166510224857292,5.749296404341384,-17.384735719882222,-10.974721312626281,0.7150703323629022,-2.9082811449272823,-0.9171333074547304,0.8851324968459215,-1.5755442987172088,1.3601012801120191,0.07506641423033122,0.3364564036086142,2.171320668754689,-1118.8204479364574,-70.81954674356733,-1631.327954654551,846.3969994907334,-682.6892025641598,-1479.7774002011697,-2197.4585186277372,196.09187268648503,-80.64785653985673,-268.1361209102095,-585.2885741018906,272.13303885898125,-193.22068124547803,-58.50907407517857,160.69212584433205,515.3928481219924
105,swing,swing,0.5276381909547738,0.33725679837740385,0.27983253831129923,5.455475050705101,1102.8813053634851,0.019967918982872604,-0.024263495812049424,-3.2445685788668883,-156.72991175253614,0.33554781400240385,0.24204167292668116,-26.97022356708312,2702.8509875911263,0.008883056640624998,-0.020821974534254453,1.8195762587328566,-5.438927532512258,0.348453125,0.14298266601562912,-28.381038940429548,1432.0659193536533,0.0032577937199519263,-0.21539242318960267,8.843625887357609,1644.498588930556,0.35182523287259615,0.17048120117186943,-24.501110736554036,2258.708905278371,0.003331909179687495,-0.19328110445462623,0.4924281123239188,2181.241187447157,0.30587659630408653,0.3560402550330514,4.8904423781168855,-241.64378037202414,0.025393719012920674,0.014556042010967322,1.4483261800912424,247.09658271966336,0.30105384239783656,0.35970834585336553,34.14217826021493,822.5730401516304,0.013655320387620198,0.0014210815429696608,-13.914975402832232,3053.985559123092,0.2880826134314904,0.43196954815204275,15.25532437837909,-1739.7353200097373,0.014587993915264427,0.02230098313551665,0.8648402357833848,1911.6442795186954,0.2841505972055288,0.051086059570308345,15.375061476487238,8338.634397200427,0.003662785456730766,0.11055285644531172,7.551803903432872,719.1964175273957,0.2851944861778846,0.023923875075118596,15.68797690523532,6122.9189190837815,0.002961219200721149,0.09245625657301579,2.3452853346604474,2.774963026797597,0.36074042217548075,0.27557209660456644,5.89389131986162,765.7047978562537,0.00663962965745192,0.0,-13.239873845026972,-422.34937267595024,0.34341319861778846,0.2593973670372593,-4.307188842773835,1312.8905072302819,0.025219435471754814,-0.009493030254656414,1.011908628023539,-141.79598573012638,0.32983158052884615,0.24404482797475788,15.872974440353998,1762.027522991494,0.030862337552584135,0.028007265531099095,-6.440935538658856,-1093.5759293470744,0.3144615760216346,0.4941663912259626,20.126616257886845,-4574.989043485291,0.03535155310997596,0.0,-6.769840704110989,210.980438926124,0.3007820199819711,0.3099751633864199,-16.67673760047337,1609.774551588701,0.03209505990835336,0.02832212712214582,-1.7683998049222072,-65.82674793361987,0.28546097506009616,0.24742141488882335,6.789688429611563,2467.978117004326,0.026609398475060095,0.024259758582481673,-2.656295009906492,233.66576167005314,0.28546097506009616,0.24742141488882335,6.789688429611563,2467.978117004326,0.026609398475060095,0.024259758582481673,-2.656295009906492,233.66576167005314,0.343270742563101,0.008860169630784256,0.29287162710336534,0.012052207594651443,0.3224482953976362,0.02612956902919672,0.28546097506009616,0.026609398475060095,81.23555536082966,104.78733755924269,155.18911826957364,178.74090046798665,67.6645533309136,108.22277174413725,105.68128552549099,104.10989542005495,146.09614412950484,46.997898127906886,155.56405027223764,173.7198893046649,150.32782063059813,173.69056326032,19.69977840427253,13.115927033572815,177.42854105371103,160.4329131470277,167.68487763142704,21.33774113426136,-1.3261245543240443,11.792211560163869,-24.918461507856748,5.065657239209323,-3.8312419887227196,3.620823899439606,23.25810861555723,6.139808755741876,-29.608335460582264,-1.3836417432846693,4.728119299583894,-1.428719991811789,0.7085694252018293,-3.084874054061849,0.46054706437255005,0.03351473120817484,-0.15694859359641233,-1.2566790341445528,-3.9724633864295273,5.352576282962205,-1437.6887581128817,-1572.9248508453154,593.1260750402747,-2519.4509164249525,2049.6257391171566,-3082.8563082133132,-1686.8598684861824,5463.04789358346,-4809.418594193447,10.66827887922209,-218.53991797381934,388.53958900967814,346.02355830228146,-764.7373222304108,238.04581401304299,190.9884019000847,-200.2843022607325,-231.51210512227223,-168.70782209881452,409.51582758173345,261.2355553608297,336.44821780158696,361.2590995320133,247.66455333091358,175.88732507505082,250.2060395495598,326.0961441295049,133.0021018720931,157.4380515998555,163.7181622951906,193.3903416645925,199.69977840427254,166.8840729664272,169.45553191271614,189.0226187656884,201.33774113426136,-1.3261245543239117,-13.118336114487914,11.80012539336901,-3.831241988722698,-0.21041808928313574,-23.468526704840322,-29.608335460582218,1.383641743284647,-3.344477556299203,-1.9157575644874585,-2.6243269896893318,0.4605470643725611,-0.033514731208205216,0.1234338623882071,1.38011289653276,5.352576282962243,-1437.6887581128772,135.23609273243824,-2740.5281055388155,2049.625739117159,-1033.2305690961584,653.629299390013,-4809.4185941934375,-10.66827887921989,207.87163909459065,-180.66794991508746,-526.6915082173734,238.04581401304625,-190.9884019000847,9.295900360634581,240.80800548292441,409.51582758173447
106,-,swing,0.5326633165829145,0.3386906926081731,0.297345196063698,4.423951106144433,-292.29610548737526,0.019889728252704325,-0.055099844125601406,-3.391636971106787,731.2258822485143,0.3361779597355769,0.1357698129507187,5.800927734375173,4360.243904719476,0.008758422851562503,-0.012401062011718188,3.3056921363242635,135.24244804849175,0.3487897385817308,0.05473172701322425,-9.067296274039192,2969.0994401338476,0.0021731989933894275,-0.12839065317007167,17.747956996037278,-382.95414757247573,0.3525557391826923,0.09893194110576788,-14.217107055662987,1504.3259565712165,0.002393038236177883,-0.11934468900240268,14.262473285381514,512.0269278246951,0.3078282001201923,0.37131057504507065,1.562531944861935,-414.4869774333658,0.025540010892427883,0.014556042010967322,-3.4361665285550416,-548.5546911339245,0.30356165489783654,0.4539967792217483,29.140737361027302,-2453.8073058140726,0.01366422213040866,0.0008857234074518997,8.102334256685475,2196.022490503162,0.2905008075420673,0.4599090763972307,4.094488159179557,-1002.2611460123438,0.014587993915264427,0.05423934701772802,19.11842617328338,2331.0660662014097,0.2842000826322115,0.25174165226862916,68.67591914250293,3041.48897562583,0.004140765850360578,0.14566973407451853,14.270747044489822,-192.50843504449324,0.28536264272836537,0.21053309044471,59.37286721566965,3261.5435436495454,0.003477895883413462,0.08867137732872638,-1.3861800231932686,-529.481445263204,0.36208980618990383,0.3417098482572116,5.354330669696675,-1224.2026888944117,0.00663962965745192,-0.08293846717247527,-9.23221367469187,2040.9853061969231,0.3445301231971154,0.23702257361778753,1.7510620962285077,1085.2325405132642,0.025219435471754814,-0.020026411790114693,-2.1673995138316404,-319.8468634050694,0.3318384540264423,0.3418107534555257,8.70882868840148,-1792.9221113562094,0.030862337552584135,0.0,-13.794587559626402,-1134.922878446104,0.3177785832331731,0.4948166691706711,-15.801578406700893,-5010.880235731706,0.03535155310997596,-0.01691563532902628,-5.69295052983204,94.59386464457499,0.3014937274639423,0.24455869704026625,6.633509605994045,2785.230389979403,0.032352999173677885,0.02566495689979012,-2.8180516486534968,-791.4888293134281,0.28721129432091347,0.35838910381610567,10.320817260742055,-1130.4644378497335,0.026609398475060095,-0.002436673677884662,-2.656295009906439,288.4250320651722,0.28721129432091347,0.35838910381610567,10.320817260742055,-1130.4644378497335,0.026609398475060095,-0.002436673677884662,-2.656295009906439,288.4250320651722,0.34405353252704324,0.008303597083458535,0.2942906775841346,0.012282177734375002,0.32415699807191506,0.02617255890675081,0.28721129432091347,0.026609398475060095,77.27950217951131,104.85075592492423,149.0879122919713,176.6591660373842,70.2384560274893,105.71584698982232,117.0484883178384,88.59679241932228,150.30902228015094,46.61687998145607,157.35375208185178,173.73727640017123,151.85899886512615,168.52584274289345,21.90724992850131,13.134897907693079,177.1829284329671,160.01383309944498,164.12029947767184,25.54804108222299,-7.288604953046093,5.4339052369841925,-14.296990184095778,-1.5291430369595156,9.432743434611751,-14.067673855357413,6.180666611799654,48.49498954835687,-59.31058658090229,-0.6078514491546285,1.4269703921261614,1.9137726550870444,1.6753578972298304,-5.225125437908413,0.8168759426199499,0.5593801460194938,-0.7278726945276484,-2.588144814727851,-3.530420266139149,6.287057629375127,-564.7030616931055,-572.8177974150066,1029.403750587285,-656.8563570761333,1682.0949502443034,-2567.526937220521,-3861.555096854807,6236.5568253281335,-3260.4337154495342,96.49440334963896,-712.3501854186213,727.6017059082882,-128.64292036794492,117.64808437843449,-100.75108784979628,82.1120854660208,-76.29356791258814,-160.54950417810915,295.16101200642703,-140.43002538173488,257.2795021795113,332.42874625458705,363.34083396261576,250.23845602748932,175.95430301731164,238.9058146994732,330.30902228015094,133.38312001854393,156.02936793669213,162.2920915365209,190.43309267139477,201.9072499285013,166.86510209230693,169.68217365933984,189.6683405598948,205.548041082223,-7.288604953046071,-12.722510190030263,1.5744799940656022,9.43274343461173,-4.6349304207456825,-10.81559703254538,-59.310586580902246,0.6078514491546616,-0.8191189429715882,-2.7328915980586324,-4.408249495288508,0.8168759426199499,-0.5593801460194938,0.1684925485080661,2.7566373632360057,6.2870576293751546,-564.7030616931188,8.114735721907643,-1021.2890148654034,1682.0949502443013,-885.4319869762089,2976.1231098785847,-3260.4337154495383,-96.49440334963894,615.8557820689824,-111.74592383929684,16.896996528648064,-100.75108784979517,-82.11208546601777,-5.818517553429615,154.73098662467947,-140.4300253817431
107,-,swing,0.5376884422110553,0.3402451923076923,0.32429435847355503,2.517825749324433,-1045.4580704626633,0.019414151705228366,-0.05835029954176602,4.104435262826755,544.2072490586331,0.3369123347355769,0.30034245417668315,16.851323214017327,-2276.357670128448,0.008758422851562503,0.012401062011718188,3.1787968421347896,-263.7139863116711,0.3490031926081731,0.05185406024639061,1.4591564378002058,774.2146844718148,0.0019674353966346175,-0.03702099609374986,4.994840484619143,-2258.190912179772,0.35281952373798076,0.02759570312500461,-9.382256901667374,1236.8565202963684,0.0021324650691105784,-0.04993966440054003,5.6384273869439925,-1496.9815544269134,0.30960836087740384,0.37174409367488,0.7247441124548999,491.24245475410487,0.025540010892427883,-0.019978294959435258,-4.0647862936165655,151.61935484491147,0.30561662409855767,0.652580078124998,9.48079830228445,-5720.290283651426,0.01366422213040866,0.08285157658503509,8.155602391169491,-1626.4335796261878,0.2927048152043269,0.4731201829176666,5.182348036546445,245.34373107438967,0.015133112980769234,0.2144459698016821,24.29263989609916,-2657.336969013487,0.2866806640625,0.7412963022085318,45.94278987473692,-6454.508501030557,0.005126802884615381,0.25397744985727033,5.617045762282178,-3476.4366804433475,0.2873103966346154,0.6206361083984343,48.46730900221581,-4394.52394797686,0.003852388822115388,0.07852479905348539,-2.9761362257737867,-466.2585376363918,0.36417469200721153,0.32938446514423175,-6.409653292142571,-547.1857093741158,0.005806077223557693,-0.09278606708233075,7.272541292630637,1837.2105212636743,0.3457953350360577,0.2769959810697067,6.599670860877109,861.9775151321273,0.025018165001502404,-0.031275939941406664,-2.2026327127309413,-191.46319897106326,0.33326686448317305,0.3315707444411048,-2.146343261718536,-804.4802812171266,0.030862337552584135,-0.11063180541992061,-17.847195623544373,1036.6753124829343,0.31943460787259614,0.33535655799278713,-30.23398912635162,384.09188241340985,0.035181546724759614,-0.05721558321439261,-5.819148597130332,187.76787320708584,0.3032398963341346,0.3766436016376166,11.315527625450395,-1323.0098724012237,0.032352999173677885,0.0,-9.723061406062223,-843.7182584157935,0.28906287560096156,0.35114822152944747,-4.571763207069226,-1100.4208381465173,0.026584909292367787,-0.002436673677884662,0.2424490309495228,-89.51568230555915,0.28906287560096156,0.35114822152944747,-4.571763207069226,-1100.4208381465173,0.026584909292367787,-0.002436673677884662,0.2424490309495228,-89.51568230555915,0.3447450608473558,0.008068118755634016,0.29638417217548074,0.01266330754206731,0.32582904522235573,0.02596767249474159,0.28906287560096156,0.026584909292367787,72.6315632822485,101.95287369995415,148.20258983890113,177.52390025660677,71.42127142906374,102.08847100752381,114.559164453357,122.65498952587504,116.29558845735546,46.26901636678462,158.7386868015402,172.33359949346612,152.75142591720413,167.76773569583005,22.139535725174856,13.397713750774686,176.9460520072955,159.2141275477629,163.24322002420035,27.198886669966477,-7.00153220953116,6.035248772073325,-14.57269517029605,-1.5359141886915433,13.074234898154776,-22.183466926897403,-15.55149034780783,68.8187718243666,-62.37651350530134,-0.41384874479583134,-2.43117904633193,5.8838599670655105,-0.5843242468378239,-1.9024812462383816,-0.5520266828615877,0.8587618213189402,-0.9237181203560956,-2.8702418902059583,-1.0060210547066297,3.9412192439497877,74.02222049325603,146.30344706686324,-301.61624424649665,-233.84604490492984,-84.27503171851745,-619.5512432233453,-3850.004719039491,1801.804355568062,1344.3740885295913,47.57170909814295,-761.7246047040555,490.3694010393162,-444.7314050295716,868.7710751224744,-403.43989935882075,-3.7940109529725916,108.76485265535308,-2.155862625085321,420.0842418195666,-522.8992208968585,252.6315632822485,330.67868958229434,362.4760997433932,251.42127142906375,173.50974243658754,238.95057798323052,296.2955884573555,133.73098363321537,154.99229683167516,162.65869733820904,189.9072714210049,202.13953572517485,166.6022862492253,169.65623424192978,190.44210669416685,207.19888666996647,-7.00153220953116,-13.03678098160442,1.5359141886915433,13.074234898154776,-9.10923202874256,6.44225831906518,-62.37651350530134,0.41384874479580924,2.8450277911277833,-3.038832175937683,-2.4545079290999032,-0.5520266828615656,-0.8587618213189402,0.06495629903715544,2.9351981892431134,3.9412192439497433,74.02222049325161,-72.28122657360942,229.3350176728698,-84.27503171851092,-703.826274941856,3146.1784440976444,1344.3740885295913,-47.571709098146236,714.1528956059269,20.59977073409075,465.3311757636624,-403.4398993588163,3.7940109529698414,-104.97084170237004,-102.81497907729354,-522.8992208968646
108,-,swing,0.542713567839196,0.3419499323918269,0.3226499774639437,-6.08316517991253,-742.7281039945299,0.019303293081430292,-0.013849238469050932,2.0777826174222125,-614.3166899302406,0.33919647686298077,0.3051298452524011,-17.077038799579174,-2852.2549969528445,0.008883056640624998,0.01954664494441049,0.655300314096402,-167.8205139828891,0.34931088491586537,0.06939661583533693,-1.2862441687947874,-830.7869307110168,0.0018011286808894272,-0.07819125131460268,-4.947429056020834,28.628368559602265,0.35283308293269233,0.0046379018930300464,-1.786388258714509,950.5173354397988,0.0018911320612980814,-0.06267707707331709,-0.7825674626277298,-162.5943336158119,0.31156432166466347,0.3785944354717531,6.499642042893162,495.6823955971387,0.025339224008413458,-0.026296081542968194,-1.912353917048387,258.4184318688928,0.31012024864783655,0.5492811842698336,-28.34961724853501,-1285.732869074921,0.014496901292067307,0.08285157658503509,-8.243731870210956,-2114.910321230345,0.2952557842548077,0.5119929762620193,6.56025430063072,-404.68210807208646,0.016743229792668277,0.2983864816518915,-7.588478037907561,-5371.218434635969,0.2916502967247596,0.7134782339242786,3.806486971341273,-2753.595811473943,0.006693303034855769,0.20212245530348538,-20.668315070518847,-2559.958891465388,0.29160019155649036,0.6976417236328107,15.206797386756302,-3012.4073631049855,0.004267089843750002,0.05876046048677864,-6.0721954768253665,-371.5767991626432,0.36540020282451924,0.2772912222055272,-0.14502319335978928,825.7919972628732,0.005707106370192311,-0.00984759990985548,9.23221367469187,-235.2336157801672,0.34731400240384613,0.3033509239783618,10.414152700571533,56.68324476049203,0.02490510441706731,-0.04216342397836546,-4.091652769822234,225.8866153182901,0.3351708233173077,0.32023946439302775,0.6235997314453994,912.2968446843865,0.029750460111177893,-0.17936880023662763,-3.375740197988827,2727.9875276752778,0.3211490009014423,0.190957481971156,-11.941358482948013,5631.731963590129,0.034776522122896635,-0.07539954082782384,-3.8058362262432297,83.19801648121496,0.30527909029447114,0.35828259277343655,-6.6630720261791145,-1635.711206012359,0.032352999173677885,-0.07205425321138843,-11.297632135244422,933.5576864078217,0.2907404221754808,0.3124417349008369,-0.738688650278266,11.11835186079897,0.026584909292367787,0.0,-3.555950108454776,-1149.565433350789,0.2907404221754808,0.3124417349008369,-0.738688650278266,11.11835186079897,0.026584909292367787,0.0,-3.555950108454776,-1149.565433350789,0.3458225942758413,0.0079696526160607,0.30003816856971155,0.013507949594350963,0.32750892365284456,0.0256795169145633,0.2907404221754808,0.026584909292367787,75.19840513583455,110.19742898441538,143.53720499278901,178.5362288413698,82.41350852592458,88.99293690537147,101.14227923528338,161.44724716580643,88.81691903020621,46.708027613980086,155.0448968673619,177.96707557961497,151.59733823950694,167.04239025387577,21.640271445660293,13.807526380764601,176.48347917283635,157.6143975715123,165.3881382452783,26.706458629608363,-6.544663038541004,6.9042916396662415,-17.328309221749024,-3.8793545435417354,8.585758191209562,-20.294319515893573,-32.51284815241651,66.60357603647817,-45.799289208745535,-0.12974382002756168,-6.228553273241264,6.842108343924415,-2.794304464876436,3.506242151262221,-3.2377964127451,0.5212493826730354,0.36524140251108084,-2.609811775783985,0.6915319129519911,1.031789077647883,-162.0833343525648,-76.5505257728,-447.5335848327169,-362.0007762529477,-909.5795355222739,794.5972796430544,-1970.4392785904058,-3125.6531446815447,4981.110167392731,24.40880164990568,-333.93048786133306,-156.92541108577083,-7.0051251317266034,416.56301048762816,-203.38371526698992,76.39623864775837,95.01736034332662,115.92088688543355,156.04889142111017,-443.38337729762435,255.19840513583455,325.00097615141914,361.46377115863015,262.41350852592456,171.40644543129605,250.26416619601264,268.8169190302063,133.29197238601992,158.24707551865797,160.27999993904302,188.68266169953608,201.6402714456603,166.1924736192354,169.708994446399,192.09459687488666,206.70645862960836,-6.544663038541026,-13.448954678207246,3.879354543541691,8.585758191209607,-11.708561324683965,20.80428682773259,-45.79928920874549,0.12974382002756168,6.358297093268915,-2.525858726359227,0.2684457385171645,-3.2377964127450563,-0.5212493826730631,-0.8864907851840996,1.7233209905998852,1.03178907764785,-162.08333435256904,-85.53280857977798,362.0007762529477,-909.5795355222716,-114.98225587922602,1855.4570227111906,4981.110167392727,-24.40880164990348,309.5216862114208,206.1741700889001,213.1792952206311,-203.38371526699268,-76.39623864775837,-171.413598991085,-287.3344858765185,-443.38337729761554
109,-,swing,0.5477386934673367,0.34348790564903847,0.26315701998197155,-4.946778310922131,706.4315876041754,0.019274963378906246,-0.03746806218073867,-2.0696018218993077,81.41741520572725,0.3399789663461538,0.1287139235276455,-11.814556152343046,2663.668509652901,0.008954871544471152,0.01898699481670718,1.4921585106484596,76.32073311319851,0.34970064603365386,0.03892698317307611,-6.890460956280401,-257.40557036417107,0.0011815936748798134,-0.0867439011793866,5.282562781700574,1351.0554987253047,0.3528661358173077,0.009642052283652683,0.17068114295376074,82.28690362085912,0.001502544696514424,-0.05780466402493936,4.004313481257434,567.9424328143739,0.313413330078125,0.4370671292818467,5.706476731521642,-2017.3796207157077,0.025275728665865388,-0.03919793231670556,-1.467616124079943,-10.466235549369019,0.3111370380108173,0.3676593017578107,-3.4411400803781285,3563.6815180053372,0.014496901292067307,0.0,-13.099777721698388,36.99950702371507,0.29785047325721153,0.5390523869441063,1.1151911715003322,-2019.9695862074307,0.01813197209284856,0.13817985886793743,-29.689454924363076,-1314.3381129426389,0.29385129957932693,0.7795524526742734,18.268460111179582,-903.3984632450415,0.007158184344951926,0.04625569035456746,-20.11118430269671,1313.7599956453257,0.2943218712439904,0.7734682429386993,18.19185811673844,-451.39398568956693,0.0044429462139423115,0.017497708834134706,-6.710576418363182,344.9926533660684,0.36696153846153845,0.3279269456129776,1.8897637657757889,-22.53269977737851,0.005707106370192311,0.0,4.908384350116384,-527.7147188028049,0.34884408804086536,0.3816608323317326,7.169351712741353,-2283.6835725192495,0.02459441199669471,-0.07239807833158005,0.06758452664886849,1123.8785255995456,0.3364853515625,0.3378380784254807,7.022469247672323,-1275.9279997136616,0.02905963604266827,-0.14455884258563761,9.569764453594217,1694.1056779726932,0.3213537785456731,0.2153429048978317,26.366332115760475,2914.30317023185,0.03442376239483173,-0.09546519352839508,-4.982987627469877,2.700964012730155,0.3068407264122596,0.3096780536358162,-5.123780977688966,139.8951360567292,0.03162883582481971,-0.11354404156024593,-0.34057209543080863,1431.3583037819433,0.29220299353966345,0.3437242149939875,-4.4600209773124515,-1064.3093192913077,0.026584909292367787,-0.03817486572265644,-11.310972409761973,-287.28267228580916,0.29220299353966345,0.3437242149939875,-4.4600209773124515,-1064.3093192913077,0.026584909292367787,-0.03817486572265644,-11.310972409761973,-287.28267228580916,0.3465084134615385,0.007728493323692909,0.30211480243389427,0.013901146521935099,0.32878141276041667,0.02533311032026242,0.29220299353966345,0.026584909292367787,71.22142891512826,109.86662277969066,135.56533523542993,174.21052909999239,78.07538465238564,86.62350002318291,94.72212489745822,150.14462188392403,99.83213789418633,46.19182226120433,153.67301708686435,179.65452258830166,149.58005472724346,171.88745858313922,19.01312475324695,13.926819001763901,176.5322571553645,157.87397440891644,164.67912648585104,26.98782294810408,-8.63051044423031,5.265896754256237,-19.070520143489205,-5.174112945002591,3.9327320285841445,-14.197564618926972,-35.35490018288737,37.405172380330846,-12.31510478778624,-0.16853415534954203,-5.78726435147097,4.306720157158259,-0.654727514493368,2.2840816732352867,-2.596084122730842,1.6265632147637512,0.031230224802969973,-1.70520785115637,0.5623095123397104,-0.5148951007499734,-314.9830587618158,-276.31274647453904,107.72251732550312,146.39282961277112,-393.7599061347984,1052.341376623553,-132.32035673649042,-5339.119410929264,6130.021238154491,-98.74852304768757,387.2727347732539,-582.9451260161067,682.086967132765,-528.0794722425358,265.30730997597755,285.65708025695216,-204.38114008597293,313.0500021388895,-240.75687700544623,-153.56906530441157,251.22142891512826,321.3548061354376,365.7894709000076,258.07538465238565,164.69888467556856,249.97675977811033,279.8321378941864,133.80817773879568,160.13516065193136,160.4806380636297,190.9005833363862,199.01312475324696,166.0731809982361,169.5409238428716,191.66694943395512,206.98782294810408,-8.630510444230353,-13.896407198486614,5.174112945002591,3.9327320285841667,-10.264832590342827,25.09006759254456,-12.315104787786282,0.16853415534954203,5.955798506820468,-0.9667299639889291,-0.3120024494955611,-2.5960841227308475,-1.6265632147637512,-1.6577934395667213,0.04741441158964867,-0.5148951007499292,-314.98305876181144,-38.6703122872681,-146.39282961277112,-393.75990613480286,658.5814704887522,790.901827225223,6130.0212381544825,98.74852304768757,-288.52421172557956,419.31480486619097,-262.7721622665653,265.30730997597044,-285.6570802569467,-81.27594017097381,-394.3259423098589,-153.56906530441267
110,-,swing,0.5527638190954773,0.3445947265625,0.2729336125300527,1.016649770883234,574.2693485153685,0.018926729642427892,-0.03464925677959683,2.8960480968767612,548.9616857111929,0.3404900841346154,0.18639058743990766,9.693498985877232,1223.27770121873,0.009073880709134619,0.03454321289062623,1.4223428579476467,-95.79172368448822,0.3497021108774038,0.00014575195312155603,-3.8732348257211413,899.3840167331065,0.000929330679086543,-0.02510016808143085,8.63101816734912,-407.97506419723635,0.35292998798076924,0.006353290264424634,-0.959384202223459,-79.88193566427033,0.0013101806640625074,-0.022432720477764814,4.925396686260474,-261.2997684783863,0.3159569561298077,0.43594596041166933,-13.775530024601474,-2259.652392707508,0.024945274939903853,-0.04104599233774155,-2.0175422140269705,-201.12469524263116,0.31381531700721155,0.5146968618539729,7.4662774047851155,-1506.4164287180984,0.014496901292067307,-0.048804480919471906,-7.871877528264069,1088.2110008286909,0.3006733961838942,0.5232009277343845,-13.740947570800833,-2886.4055419361,0.01813197209284856,0.0,-20.797906308687907,1848.254874110317,0.2994849947415865,0.8970808481069887,-5.272894568809938,-6164.173369415751,0.007158184344951926,0.0,-7.4646970238321,1684.2360594740812,0.29937374173677883,0.8804744685246552,10.67017441500184,-4813.709862802772,0.0044429462139423115,-0.008682518592248606,-2.604932628925167,1442.6292786090926,0.3686959510216346,0.2962838228665905,-0.3714824876048004,277.7922987341412,0.005707106370192311,0.03948289607121391,3.9285481590857674,-879.2747846656297,0.35114978966346155,0.3754047100360641,-12.537440993089364,-1828.8116331694937,0.024177485539362983,-0.04148418250450748,7.203608793992342,659.9463319672919,0.3385661808894231,0.39081704477164436,-12.199797250601506,-2598.5123777844206,0.028297607421874996,-0.08319026301457477,13.650447520329774,-128.58716172258664,0.32331325120192306,0.45594574444111163,17.34812061485965,-4361.464888451378,0.03381707294170673,-0.1254798184908379,-3.7786908592811175,819.4697065001948,0.3083914325420673,0.306787306565507,-5.2570907592773075,27.02813988081219,0.03121185302734375,-0.07547708834134632,3.0878784555289407,-16.18265938451339,0.2941949368990385,0.2676174034705608,-11.435264723557788,864.0864870321809,0.026201242300180283,-0.11367811467097509,-6.443213146503122,1715.5607671080872,0.2941949368990385,0.2676174034705608,-11.435264723557788,864.0864870321809,0.026201242300180283,-0.11367811467097509,-6.443213146503122,1715.5607671080872,0.34692922738882215,0.00756003042367789,0.30586088115985577,0.01383505577674279,0.33071859036959134,0.024902061266776843,0.2941949368990385,0.026201242300180283,67.38365954833006,108.86424618630338,131.7903231415577,173.270909779531,78.41633400847451,86.1221589887154,80.71922699685703,176.1655663136014,87.6536996867315,46.469940218529295,151.65952787605158,178.23617032276633,150.20317852206222,170.4631915305048,19.440332175618373,13.506256667788222,178.22768180351088,156.84550784404124,163.8790219610691,27.541531723590506,-9.710321920569317,4.127279112283928,-16.245670856668585,-2.408069823815386,4.628372199905038,-9.718024273445758,-33.84270098393903,12.94408446934966,15.80896444104861,-1.1221912878435214,-2.3363649840628162,0.9833633588378897,4.060840933442841,-1.8010892280597697,-0.5713912873583796,3.3921748123911604,-1.6888404073982035,0.5364194014913,-1.7281351926303936,-0.5116186138537473,35.08328352150848,147.93366179531887,389.81641828447414,502.66679655827124,488.0033574536693,570.0745225367608,785.7291941550611,-4546.260662919994,4818.6093487553435,-133.01381823475873,479.65630809701037,-321.92567770580627,723.8526133387268,-618.9484662384506,312.6350619030199,227.2580206901496,-290.2624118024695,385.97760156470457,-294.9039710529963,-28.069239399396025,247.38365954833003,318.5194133620267,366.729090220469,258.41633400847456,164.53849299718993,263.8192660003329,267.65369968673156,133.5300597814707,161.87053190541909,160.1067022281854,189.90352370612317,199.44033217561838,166.49374333221178,168.26606152870087,191.4205536846596,207.5415317235905,-9.710321920569296,-13.837601032853158,2.4080698238153415,4.628372199905038,-5.089652073540698,28.75304891039818,15.808964441048566,1.1221912878435214,3.4585562719062937,1.68836041802462,-2.372480515418177,-0.5713912873584072,-3.392174812391133,-1.7033344049928851,-2.239753806484141,-0.5116186138537915,35.08328352151272,-112.85037827380155,-502.66679655828,488.0033574536627,1058.0778799904258,272.3486858353586,4818.609348755353,133.01381823476095,-346.6424898622451,417.5392090032907,-306.31340433543164,312.6350619030144,-227.25802069014685,63.004391112322686,-322.9732104523775,-28.06923939940317
111,-,swing,0.5577889447236181,0.34623095703125,0.2733746056189888,0.8247729304382536,522.0630441049589,0.018926729642427892,-0.008362051156852136,3.4476010495698692,-36.38439021944568,0.34185223858173075,0.22613602388821896,0.4796921011113095,-1298.1647034348632,0.009302039513221158,0.03328189791165815,0.5294276193470876,480.2813507983923,0.3497021108774038,0.0,2.1485743877707595,460.4958644174506,0.000929330679086543,0.0,1.1823108802208844,-544.2164989354194,0.35292998798076924,0.0,-0.6321523813102484,116.99244120905716,0.0012770902193509626,-0.008303189791166626,1.378185154841538,-547.8887000074976,0.3177946965144231,0.29861959134615595,-17.003597567045876,576.5818177043448,0.02486320612980769,-0.05947473848783053,-3.4889698451113764,485.8960259892505,0.3163098707932692,0.44269726562499645,-18.58100368558488,-2870.477254162057,0.014006403996394232,-0.07911434701772793,-2.1629837435207833,1116.1548785083528,0.30310877403846154,0.4009524113581707,-27.893909752480056,-641.5159525310496,0.01813197209284856,-0.0708443251389725,-11.11402905390796,2288.8958780711446,0.3028671875,0.7265585374098529,-43.68303103872637,-5094.295624316779,0.007158184344951926,-0.028766390286959848,-3.1841887300931804,928.1788830742756,0.30317086087740386,0.8807061767578114,-30.18713547926845,-6959.496272644056,0.00435568472055288,-0.008682518592248414,7.788210301325933,614.2843153616283,0.3699392653245192,0.32419345327524096,4.6816461651138415,149.10801330558184,0.00610391939603365,0.03948289607121304,-3.9285481590857674,-1036.8279354494318,0.3526169996995192,0.25565640024038444,-11.210664701022077,2187.336856229342,0.024177485539362983,0.0,6.7002109785813335,-460.7918604736418,0.3404131610576923,0.21522705078124663,-19.09323304161787,2917.596126356945,0.028223552997295676,-0.007368415245642318,8.277431169950153,-1351.61974120745,0.32593614783653846,0.38969587590144317,-17.46748585862445,-3247.9277250648634,0.03316265869140625,-0.13344198608398353,3.2528888197681143,1220.9606070914454,0.30992401592548074,0.256842970628005,-4.852141380896889,1055.1519413029212,0.03087027212289664,-0.08251008723332245,-0.5032118882399855,16.062410986660495,0.29489261568509617,0.2287969313401424,4.224265324518359,2326.2330055964735,0.025442415677584138,-0.10293077674278717,5.930844345092868,1071.5797224214812,0.29489261568509617,0.2287969313401424,4.224265324518359,2326.2330055964735,0.025442415677584138,-0.10293077674278717,5.930844345092868,1071.5797224214812,0.34767882361778846,0.007608797513521639,0.3086502779447115,0.013703090256911058,0.3322870342548077,0.02466338407076322,0.29489261568509617,0.025442415677584138,65.53700765875874,112.38295075044377,127.00493950899201,173.85088260067704,82.2122835503468,80.43280072230702,73.90623983995144,172.5545148811639,96.18432955153848,46.21595916508974,152.1264933124746,179.50441093772451,153.0145366905817,168.2927104977808,19.854711271797647,16.508889212008192,175.25579993162967,157.03725205722898,165.72373214269467,25.474326656438496,-8.2779146299438,6.7526672245609225,-15.15276719590662,-0.12218534140196483,8.837288384902342,-8.46817243262797,-27.45812436223363,-8.285889558562754,36.11312987307062,-1.505356449166189,-0.9665979384357752,1.071286210366294,6.620173122076621,-3.9365059271510403,0.5459768009175434,3.9105634227049126,-2.8859799440660185,2.1739640238657176,-2.401549493217989,-0.7969980092866118,-48.42232227987402,184.60277336842978,488.7977375716892,380.89266466849864,212.19628628091866,474.53162533159633,1958.7418622168025,-4762.394238621912,3490.380288017622,20.933048506096455,114.09391852221445,-92.40759059644697,214.77133080098776,-29.960881143272957,111.13293437555735,-32.06286596779454,-110.17161850383013,215.76849455815747,155.20739413843168,-228.74140422498317,245.5370076587587,313.154056908315,366.14911739932296,262.2122835503468,162.64508427265386,268.73884443270236,276.18432955153855,133.78404083491026,161.65754752243566,161.16195846016018,188.14742176957844,199.85471127179764,163.4911107879918,168.23531085636213,191.19805879913315,205.4743266564385,-8.2779146299438,-15.0305818545047,0.12218534140187645,8.837288384902298,0.3691159522743283,27.827240314507915,36.11312987307067,1.5053564491662113,2.4719543876019863,3.229643995843064,-3.3905291262335133,0.5459768009174827,-3.910563422704885,-1.0245834786388663,-3.19854750250454,-0.7969980092866394,-48.422322279871715,-233.0250956483213,-721.8228332199842,212.19628628091203,686.7279116125084,-1272.0139506042722,3490.3802880176268,-20.933048506096455,-135.0269670283065,295.94338403327936,81.17205323228715,111.13293437556008,32.0628659677918,142.23448447161311,-73.5340100865487,-228.7414042249717
112,-,swing,0.5628140703517588,0.3473422100360577,0.2812227877103367,6.263514535757215,119.39740916560015,0.01884268892728365,0.0,2.530375833364743,-180.74721674933122,0.34276280799278847,0.1912116135817299,-3.353382455679238,-222.29303819855028,0.009408372145432692,0.039864093487079394,6.249291107177741,720.6116486710769,0.3497021108774038,0.02173946439302878,0.7548643141527543,-569.1264170391536,0.000929330679086543,-0.013217646672175681,3.1615056152343297,458.6458890662493,0.35292998798076924,0.0,0.21641922701330146,159.87486984957633,0.0012267315204326917,-0.008581613393930201,-0.5810224092922889,-198.4283561683154,0.31895815805288463,0.2650555326021623,-7.980737886869341,1244.089923919758,0.024347538874699523,-0.07611101590670026,2.8658349315936595,624.7505509109236,0.31826453575721153,0.3279531062199532,-21.382740224984428,193.67391951575394,0.0137017822265625,-0.07054301100510801,3.3457594416691734,612.2308427217768,0.30470306865985575,0.24286012620192046,-20.188344078650605,3450.8515213365995,0.01741996882512019,-0.11169878446138701,2.2060723653940495,1515.3610595409211,0.3067870905949519,0.45805541053184745,-56.471845566968746,3248.5567166843766,0.006869074894831725,-0.032001896784856224,1.863733961839053,566.3329542588517,0.30822506009615386,0.5770861722505991,-59.27451174222516,-136.89817598766618,0.00435568472055288,0.06959095177283649,3.5687790832520285,-1463.8947452709456,0.3719541766826923,0.3433355431189911,1.1270905104412547,-519.0660840360158,0.00610391939603365,0.0,-6.491833101712589,135.84369003765593,0.35371920072115387,0.2627347130408669,9.445843994140303,1805.538943251376,0.024177485539362983,0.025854621300330324,2.5725348193828563,-849.7399281839081,0.34072926682692306,0.19892525540864983,17.122776883639276,3766.623814030737,0.028223552997295676,0.0,0.06632951824479062,-1764.0439961242575,0.32722979266826924,0.2803931227463928,-15.294369084284849,1206.03593094583,0.03247594745342548,-0.09278746854341952,8.492270016009844,360.9856902770754,0.31097276893028847,0.25802206655649285,5.347451364370188,864.881976433321,0.03038260591947116,-0.080534494253306,3.2493097217265343,505.0617706275539,0.2964944035456731,0.3100723313551676,11.943961463341543,-436.483184358991,0.02516676213191106,-0.05407163884089576,4.3264323049690985,-518.6128400749734,0.2964944035456731,0.3100723313551676,11.943961463341543,-436.483184358991,0.02516676213191106,-0.05407163884089576,4.3264323049690985,-518.6128400749734,0.3481842792217548,0.007601780818058894,0.31138758263221156,0.013338809908353363,0.33351660156249996,0.024421712239583337,0.2964944035456731,0.02516676213191106,64.10813904259663,114.81102083294967,124.03302658518349,174.7359083755365,86.27217323812121,78.39564295778139,63.49452810074263,161.3984016988547,119.77488639630522,44.74529298346804,152.55532457173322,179.81595819067115,155.1780034146682,167.52573699367744,19.81160022712423,17.085475269633637,174.84244611671977,159.37779030775405,161.3581601372061,27.33612816868643,-10.196978425894686,5.982583367243029,-11.333130780571185,1.4199971577775814,6.760998192678099,-4.948862209811604,-14.156853122463547,-34.919174210267755,50.88816331559773,-0.911808890797325,-1.189692436100857,0.054643855356006674,6.219346770638707,-2.102203611409248,0.5455226259638096,3.0699349534183495,-2.796092854672883,2.7049469849903796,-0.16826188470645026,-2.8105271990294676,-514.1648790527142,-310.6730982611633,845.693448413196,289.8701529239518,-845.5756900534118,982.2013467852295,2156.1885568326643,-480.64063690673845,-1538.9222631940788,183.04204397653794,-316.1066747841141,-449.34975434602046,-417.0378654450895,360.59853190767103,12.161587913601561,-244.67841906054434,238.9819272027181,-148.32759075139785,587.3860517695891,-433.36196916037153,244.10813904259666,309.297118209647,365.26409162446345,266.2721732381212,164.66781619590262,281.17328809515993,299.77488639630525,135.25470701653197,162.69938244479877,162.51534063546993,187.3373372208017,199.81160022712422,162.91452473036637,168.0720786136466,188.69428830589254,207.33612816868643,-10.196978425894642,-16.179561793137804,-4.846431012566441,6.7609981926780325,1.8121359828664512,15.968989105330063,50.88816331559773,0.911808890797325,2.101501326898182,4.662665785193269,-1.5566809854454382,0.5455226259638096,-3.0699349534183495,-0.27384209874551096,-2.97878908373589,-2.810527199029396,-514.164879052711,-203.49178079155632,-1049.1852292047392,-845.5756900534095,136.62565673182215,-2019.5629001008224,-1538.9222631940927,-183.04204397654016,133.06463080757393,-44.277745623815264,372.7601198212698,12.161587913607605,244.6784190605405,5.696491857822382,154.0240826092158,-433.3619691603688
113,-,swing,0.5678391959798995,0.3490573167067308,0.3363245004507199,2.024746891901577,-1152.682641817489,0.018926729642427892,0.017068861741286096,1.6310461073655276,165.63291813014717,0.34377396334134613,0.19243368765023652,-1.7544087853062909,216.29911806086812,0.009702683668870199,0.09608884371243973,7.771755746694625,-349.92283767698035,0.34992059795673075,0.007586576021635755,-3.5712891000599543,-1.5539792949863847,0.000796490009014425,0.031773925781249684,5.79181730299728,-611.7960985142579,0.35292998798076924,0.0021750676081738933,0.9746302302432894,76.81097658124887,0.0011908428485576938,-0.014142610990084127,-0.616069681020937,197.82711417916167,0.32045857121394233,0.2184111703725944,-4.500181246244235,1351.4069940420927,0.02409827129657452,-0.030672377366286092,2.789930164043661,-399.28942992343184,0.3196058819110577,0.2277953538161068,-16.63453213266272,2237.0641936692014,0.013297429011418269,-0.045488623985876796,3.990090052678005,-131.90324253964317,0.30554957932692306,0.1980544809194703,6.78801508507386,3029.593634117776,0.017009371243990393,-0.04867274357722316,4.115730338463172,-603.3740857280078,0.30747075946514424,0.1590023005558932,-11.034219815767674,6713.819546006299,0.0068365572415865355,-0.010035395695612499,2.507599754920429,-86.08860296749818,0.3089707219050481,0.2849824406550434,-31.56299654447113,3791.912977081388,0.0050550912710336515,0.02718460787259625,-6.9242997013972,-83.48938759906493,0.3733898737980769,0.3355209960937461,-0.5350983980622189,-1008.4585634388632,0.00610391939603365,-0.025761657714843407,-2.563284942626908,900.9842454117761,0.3552575495793269,0.3505895057091316,6.935455331655149,-1232.8975730448765,0.02443733097956731,0.025854621300330324,-1.8398888021614976,-439.03615034365964,0.3424124098557692,0.3873152606670692,18.762282677284173,-2352.1696600201235,0.028223552997295676,-0.006701786921574067,-9.451654218233418,-814.340649838971,0.32875416917067307,0.2359836237980772,-5.346521728515554,1900.3316802462166,0.03223012131911057,-0.0480925386868993,6.880885706974918,-522.4237892984107,0.3125172025240385,0.3105862004206704,3.8401397892872797,-925.7461654873298,0.03006088022085336,-0.04985370812049282,4.572785806509322,-87.42983509709212,0.29800892052283656,0.34883674504206796,-0.16250034743131864,-2443.2994458195385,0.024898982121394228,-0.05944904503455484,0.7186549976056753,-219.44870109616636,0.29800892052283656,0.34883674504206796,-0.16250034743131864,-2443.2994458195385,0.024898982121394228,-0.05944904503455484,0.7186549976056753,-219.44870109616636,0.34892046649639424,0.007654186542217552,0.3124111027644231,0.013259344012920674,0.3350566875751202,0.024325797839042467,0.29800892052283656,0.024898982121394228,60.196761336478346,115.58515463828036,117.14606068819403,172.53445398999605,85.486057788414,79.72115553415865,64.5126135633815,150.59782163785172,130.0967781213394,45.31594976159155,151.10741187786363,179.92539336877525,156.04165132833407,168.0245560650724,19.585037598363094,17.103141494568526,174.9319309158927,159.09723857980018,163.05128528700533,25.816403722733238,-13.44540085157914,3.6303245284688153,-6.653335553562904,2.7910825271804782,0.3390402436619857,1.4031978868216164,-5.78788761014646,-13.116448723454619,20.646574464084836,0.3342620832613358,-4.14354944380377,-3.4447917227595597,2.428837790970176,-0.3124000788327228,0.6682038151245948,1.4514838341567176,-0.48415152996833866,0.6832344685752806,3.5018279115015245,-5.152394684265239,-391.88577747606416,-170.53528091061116,429.2845940487082,192.24132487925036,-941.8020059531822,895.103395397311,1540.9263280899818,4945.072418917677,-6532.697357563518,253.48103256358635,-548.1813879044519,-487.5375916185325,-693.1473563309396,227.07134886219907,15.24568720937552,-231.40917301542927,408.6126575792064,-394.8741498025652,528.1156076249126,-310.4449423861191,240.19676133647837,304.611606698198,367.46554601000395,265.486057788414,165.20721332257267,280.69459975919114,310.09677812133947,134.68405023840845,163.57663836054482,163.65124499176957,187.6095936634355,199.5850375983631,162.89685850543148,167.96492758953875,188.86768900973854,205.81640372273324,-13.445400851579107,-17.075725380047988,-10.422389826484997,0.3390402436619636,1.742238130483602,7.530125740630217,20.646574464084747,-0.3342620832613358,3.8092873605424336,2.784641527262004,0.3558037362918278,0.6682038151245948,-1.4514838341567287,-0.9673323041883899,-1.6505667727636706,-5.152394684265239,-391.885777476073,-221.35049656545297,-650.6350906141745,-941.8020059531777,-46.69861055586667,-1587.6249386458462,-6532.697357563523,-253.48103256358635,294.70035534087,-450.83032025936933,242.31703607157021,15.24568720937552,231.40917301542927,-177.20348456377275,217.67066523878805,-310.44494238612896
114,-,swing,0.5728643216080402,0.3507223557692308,0.3015720027043225,-5.321235633262825,-623.6266908850084,0.019014235276442304,0.016392423189603364,4.195028276883817,208.97784060845208,0.3446968149038461,0.17357936448317413,-1.1795219726554285,554.4376127507069,0.010374089167668271,0.11797219144380963,2.732478668213099,-877.2953110398437,0.34977835787259615,-0.014152888371393025,0.7392464317910821,709.8355422503846,0.0012486666165865412,0.04499157245342537,-2.987198892446681,-969.0540884587209,0.3529518479567308,0.009795278695912499,0.988388840895203,-103.30262361026374,0.0010845947265624989,-0.014773268479567786,1.4071897935133646,262.7242494988202,0.3211532451923077,0.21982758037860195,5.601241952749739,1507.9149087524952,0.024039273775540868,-0.048071516770582946,-1.1471241631142155,198.32198258562715,0.32055393629807694,0.16077187875600554,1.1003169978217158,4963.22487068542,0.013244610126201928,-0.030441603440504776,2.0200987126275276,-95.6344757795983,0.3066935659555288,0.31108138333834146,10.259833148663859,1963.0273448979474,0.016930795522836536,-0.07033466045673183,-3.857988797701533,-3113.1708955459376,0.3083851036658654,0.3471587289663427,11.00372775972801,267.11794095789827,0.006768216646634614,-0.006799889197716123,0.9985218717134393,-114.86496955520171,0.31108920522836536,0.25987012657752107,-21.164833580603,16272.845682877869,0.004628896859975959,0.0,2.729689760648357,954.309784909755,0.3753262469951923,0.3379576697716321,-9.008171433667966,-745.0960724439691,0.005845008263221152,-0.025761657714843407,2.563284942626908,606.4866692563528,0.35724271334134616,0.3324377817007179,-2.9450863882203207,-567.9794323213198,0.02443733097956731,0.00736327655498856,-1.8398888021614812,148.3726481035452,0.34462188251201925,0.3874909104567328,-6.517119196965083,-2626.6690026293136,0.028156198354867795,-0.09499149968073829,-8.11799862084038,1880.879189428463,0.3296014873798077,0.22665923602764326,3.804441772461127,1126.2279942955618,0.03199260535606971,-0.023632838322565766,3.241779671302175,-604.2481990814222,0.31409423828125,0.2966164362980737,-3.9565301983165853,-527.6869691724742,0.029881563626802887,-0.034576847956729696,2.370617911705504,-204.68127285534644,0.30000030048076926,0.3084391620342498,-12.611811861478044,-267.8394313447587,0.024569284292367793,-0.04684897554837638,2.12091772108802,-442.85172450553256,0.30000030048076926,0.3084391620342498,-12.611811861478044,-267.8394313447587,0.024569284292367793,-0.04684897554837638,2.12091772108802,-442.85172450553256,0.34953734412560095,0.007930396446814904,0.31357501126802884,0.01312235858623798,0.3368144781650641,0.02414699847881611,0.30000030048076926,0.024569284292367793,55.10851408398568,115.99702051539717,122.07109455341488,177.04039901517365,86.82225811420733,78.2845905684017,65.65673462708226,137.79900408966478,141.651109965862,45.79478978790113,150.62340261195249,177.90958574965194,157.92005347081994,167.0997662262008,20.65240215347364,18.215350602631805,173.72126982328484,159.45834683041235,166.26079457012744,22.34423817354358,-14.135528953292333,4.268660946030849,-7.0187127499308835,3.352070774654478,-2.7043486008212594,4.047151814282013,1.3298436422599562,14.78004608036238,-14.767086509161539,1.635739175168378,-6.699053118557684,-4.845231437292582,-0.746958318114484,0.17992049775859187,0.69874561299271,0.7442146216049798,1.310567020495039,-1.2636374351359214,5.1394326642876695,-5.930576871251784,225.95064230521157,429.7935923612263,-575.969147883526,-82.62341996675191,187.24218987659714,638.8333742421419,2727.636466775293,-794.0459775412569,-1107.514925115314,145.4470644216863,-248.17726691144193,-13.356842201286971,-414.5364029507823,-88.9354937303683,102.64194097400237,-192.34860192610103,359.7833858116782,-159.0139726334748,-158.0833902272581,149.6625789751634,235.10851408398568,299.1114935685885,357.04039901517365,266.82225811420733,165.106848682609,279.45011405552674,321.651109965862,134.20521021209888,163.58180760014636,165.67222185049442,187.75216837967446,200.65240215347364,161.78464939736818,168.06337957408337,188.60503274367105,202.34423817354357,-14.135528953292377,-18.40418989932327,-11.385477149392344,-2.7043486008212816,1.342803213460754,0.012959571200886033,-14.767086509161583,-1.635739175168378,5.063313943389351,0.13170779263677365,0.8786661107512577,0.69874561299271,-0.7442146216049798,-2.0547816421000187,-0.7911442069641416,-5.930576871251811,225.95064230520947,-203.84295005601905,372.1261978275091,187.24218987660154,826.0755641187388,-1901.560902656567,-1107.514925115301,-145.4470644216863,102.73020248975573,-400.82995570714223,13.706447243635727,102.64194097400403,192.3486019261032,-167.43478388557062,-8.420811252104597,149.6625789751623
115,-,swing,0.5778894472361809,0.3520881911057692,0.28284474534255055,-4.242858041616123,329.55460906037735,0.0190914776141827,0.05922994995117388,3.731325912475608,-947.0208820261448,0.3455184795673077,0.18057919546274473,3.817828528771189,384.53587649762164,0.010888333834134623,0.12355094088041069,-1.0452825552133902,-876.361073487554,0.34977835787259615,0.015016188401445658,3.562736450195198,-36.33351589738381,0.0012486666165865412,0.0017518263596748747,-3.9474197669396554,682.446657176109,0.35302843299278847,0.012108623798075473,-0.06358709247293368,-2.885961547843326,0.0010423677884615346,0.0,2.024375037560182,-181.61208022602284,0.3226678936298077,0.2747050593449538,10.654742459811057,233.42988981272367,0.023615140474759613,-0.042201263427735544,4.783115918673088,626.7855237972927,0.3212216796875,0.23885381610577233,33.24712485915076,3335.1355631197257,0.012991483248197114,-0.025186124361479444,3.028939542330279,456.72191470105963,0.308676025390625,0.3011683819110673,26.516933124249295,3257.4550981231737,0.016302490234374994,-0.08744650033804276,-27.172419365516234,-2911.4079588071095,0.3109597919170673,0.2695925292968787,-8.349617394080243,13460.47615449646,0.006768216646634614,0.0,1.3531779503455326,-429.6845249434172,0.31158248197115385,0.07227054537260029,131.98319122314635,20227.297494314415,0.0050550912710336515,0.05461867581881102,2.6667534132737454,-105.68909181332333,0.3767864332932692,0.24498660982572593,-8.023501136192595,1040.9441306057222,0.005845008263221152,0.0,3.5320584669847044,9.777119731029307,0.3585986328125,0.32099064753606293,1.2271193284257789,161.87284322871014,0.02451133375901443,0.007363276554988723,-0.3487064091610368,363.575655768748,0.34630679086538463,0.32181657527043495,-7.636400766226632,-268.13542740106953,0.027268864558293276,-0.08828971275916618,9.451654218233628,2311.0123333946267,0.3310321514423077,0.27421921950120426,5.972352586012754,219.92506974905874,0.03199260535606971,-0.015511838472806945,0.8080394850510512,90.03367540390695,0.3154982722355769,0.27082207782452367,-1.46324683556173,544.447745854175,0.029713374211237986,-0.02602840247521127,2.5156875868575903,53.98690568603298,0.3011088115985577,0.22208486703726296,-2.8543539287856885,2082.517252831026,0.02442813814603366,-0.038133289043720375,-3.7321161029524603,-670.6854388809219,0.3011088115985577,0.22208486703726296,-2.8543539287856885,2082.517252831026,0.02442813814603366,-0.038133289043720375,-3.7321161029524603,-670.6854388809219,0.3501033653846154,0.00806771146334135,0.31502157451923074,0.012946484374999997,0.3382218487079327,0.023959887382311706,0.3011088115985577,0.02442813814603366,51.30955555233175,117.46837640701392,117.47316158387135,176.36801756144646,82.24789440431861,82.96789281228637,61.74539414705539,173.49510382541786,109.97528924413176,45.743903766348865,146.90038827726826,175.45986799133502,154.46833049004212,168.17900671138798,20.168238746287816,17.886468081883798,175.54059916038162,158.136990553683,166.87054373721512,21.565398466836424,-11.174540124893587,7.9498581200389475,-12.441970205658668,1.96069639686136,2.220871297698146,7.823633808853221,21.625544216741023,-21.09681030678387,9.515771196594192,1.7960416251878377,-6.637793332360986,-3.579031342872997,-1.7373572135603175,-1.2062241364243678,1.6997811113457286,-0.4816679439950599,3.131761895274674,-0.9148959096506035,1.913050120272793,-3.6482481619017815,560.1917592263602,592.6033232944487,-680.8650253620957,-817.9325571486685,1411.312982055125,644.1702631120168,118.89139456081973,-4677.792366837667,6614.384217443987,36.8512068839599,251.8043167568485,445.49727616222793,-26.917738389232944,-302.73129540439305,254.28055430112695,-226.19525774510078,162.10952410995452,196.1020888335471,-513.9272236885472,381.91086849015244,231.30955555233177,293.8411791453178,356.3680175614465,262.24789440431863,165.215787216605,283.4703930695496,289.9752892441318,134.25609623365114,167.3557079563829,162.8155759477179,188.34724545767574,200.1682387462878,162.1135319181162,166.57293275773458,188.43594220405154,201.56539846683643,-11.174540124893575,-19.12439824493261,-6.682428039273834,2.220871297698168,10.044505106551366,-11.581039110189634,9.515771196594237,-1.7960416251878377,4.841751707173149,-1.2438002386389402,0.4935569749213332,1.6997811113457453,0.48166794399507096,-2.650093951279559,-1.7351980416290438,-3.6482481619017926,560.1917592263602,-32.41156406807081,648.4534612940162,1411.3129820551385,2055.4832451671396,1936.5918506063158,6614.3842174439915,-36.851206883958795,-288.65552364081617,-75.36847949249189,-48.45074110325894,254.28055430112968,226.19525774509913,64.08573363515339,-132.01635519839374,381.9108684901535
116,-,swing,0.5829145728643216,0.3535650165264423,0.25893021334134714,-2.0091290095404983,321.0077229378689,0.019609511155348563,0.053893186129056046,-5.322769532424003,-753.2174642357502,0.34651168118990383,0.21194950045072308,2.685160203199997,-784.1305523541566,0.011615807166466346,0.1074668391301074,-6.0751703115611555,-483.5373074164574,0.34992927433894233,0.021653508112980186,0.3740854679982864,-436.2981868238753,0.0012662729116586502,0.005319011981670741,3.871561481182435,894.3798334080512,0.35307354266826924,0.009156212439903126,0.9593842022234113,119.47140817967951,0.0010845947265624989,0.005572209284855797,-0.41805724393406857,-346.8796282243076,0.32391410006009613,0.326910419170671,7.947270996093653,-1502.8089767831893,0.023615140474759613,0.0,5.152227834848413,-380.3595571424078,0.32295447716346154,0.49491383713942433,34.61926738093394,-2658.4515791627664,0.012991483248197114,0.0,6.61026870962302,710.658781281674,0.3097203838641827,0.5775832237830533,42.998075340855976,-405.2741001846524,0.016051936222956725,-0.34342430232121174,-33.11837029324985,2631.7101854611833,0.3110945763221154,0.26324297626202015,146.28489514159958,17015.869782928195,0.006768216646634614,0.006799889197716123,-3.3199155649037424,-599.6140108266778,0.31181554236778847,1.5863343599759532,182.12458847280462,-20781.53160977641,0.0051778282752403815,0.026801541841946715,1.6674878328762823,31.532829860988027,0.3777884239783654,0.2573194673978386,1.453578622670763,686.636851346429,0.005845008263221152,0.00973641733022837,2.6615474524864973,-279.40177728975635,0.36046875,0.3447706392728361,-1.3182236422031623,-1092.817439453137,0.02451133375901443,0.003858689528244534,1.8141378889816502,776.0184104391392,0.34785621995192306,0.31074316406249664,-9.211947613056186,-291.8521114031296,0.027268864558293276,0.0,15.10825598614038,202.92842121004318,0.33235745943509615,0.2866828801081724,6.014743980994341,-366.6651146052418,0.03183670748197115,-0.015511838472806601,4.146640730637907,409.4272948479365,0.3168160682091346,0.2819104379507199,1.515306443433819,-581.9652459763907,0.029619971642127402,-0.00929355562650311,2.9131998783992934,-66.29386670975592,0.30223230919471156,0.2797521878756002,8.318009775014305,296.05155545038605,0.024186035156250008,-0.08435768010066175,-4.619639453594492,874.201227265028,0.30223230919471156,0.2797521878756002,8.318009775014305,296.05155545038605,0.024186035156250008,-0.08435768010066175,-4.619639453594492,874.201227265028,0.35076987868088944,0.008394046490009015,0.3158998159555288,0.01292092097355769,0.33958653846153847,0.023877986810146235,0.30223230919471156,0.024186035156250008,48.57606391593017,120.30195754803194,111.58102262863072,176.6930837392675,84.83854482847286,82.14040471504286,68.55906695768587,164.03381081019245,114.38607177563745,47.14309629895267,145.18966062175642,175.91129325290618,155.46094558662398,167.68210097558676,20.43548976998636,17.587787582918097,176.497796737861,158.15509084036296,166.41732784042426,21.34199699843362,-8.505461021369214,10.224473240447313,-13.861577326434237,-4.868356935382247,11.479701470084269,10.521224810382568,2.524732029805862,-32.23294253107062,51.70913678173162,2.0061030634493755,-4.168356467735131,-0.3678718778732852,-1.0174883521771219,-2.862605084195053,3.2543290733054984,-1.5291045517125756,2.9398084688362616,0.7072378295228083,-0.025665061225275898,-2.0922766854211745,396.204350961202,210.4511708522147,635.75640206568,-1309.9941033521418,1963.0484383253192,624.6714712218698,-5304.255650461638,2347.3357295734163,5544.639830435413,-2.206638312190114,570.991581722118,609.1994174271118,300.90398796933187,-326.3831274507519,315.2924134910336,-82.73845801761028,-332.27027772405245,499.9177840337658,-496.7042703008529,411.79522200874817,228.57606391593018,288.2741063678982,356.69308373926754,264.8385448284729,166.97894954351574,278.4198825858299,294.3860717756375,132.85690370104732,167.66724307929093,163.5785363321971,188.11759074557312,200.43548976998636,162.41221241708192,165.91441567922092,187.7593248388579,201.34199699843361,-8.505461021369259,-18.72993426181644,-4.868356935382247,11.47970147008438,22.000926280466818,19.476194250661,51.70913678173162,-2.0061030634493644,2.162253404285722,-0.625764363066649,0.39172398911047296,3.254329073305526,1.529104551712559,-1.4107039171236142,-2.117941746646467,-2.092276685421191,396.20435096119644,185.75318010900375,-450.0032219566981,1963.0484383253258,2587.7199095471915,7891.975560008821,5544.639830435409,2.206638312190114,-568.7849434099367,289.81327400962243,-11.090713959709511,315.2924134910292,82.7384580176048,415.0087357416573,-84.9090482920954,411.7952220087488
117,-,swing,0.5879396984924623,0.3546905048076923,0.26265249399038465,-1.0166497708837583,383.8328858642614,0.019633117675781256,0.005734778771032917,-3.8386988537128683,590.9237516145225,0.3476486253004808,0.20756573016827246,-4.062880540114842,-1027.476310049226,0.011968402569110581,0.062493952824519416,-5.904953986534591,549.5074284398061,0.3499959810697115,0.01877584134615207,-0.8221699500447738,42.36443554226617,0.0013021240234375037,0.04066199199969952,5.041322277362405,-573.4461094841565,0.3531204552283654,0.02175067608172789,1.1371305776746043,-161.72484520067758,0.0010983698918269197,-0.004201580341045934,-1.4618523817796079,-33.197807677040586,0.3259534254807692,0.3545771296574532,-4.448865347055231,-969.6830800781439,0.023615140474759613,0.00957992084209798,0.9604068016639479,-523.9176443945352,0.32619568810096156,0.5867861515925471,6.529018535906762,-3587.805196584815,0.012991483248197114,0.041248737041767285,10.171238851693868,220.0083186398692,0.3144808819110577,0.7333098426231895,22.443826589730158,-3225.6170223291947,0.012850989708533656,-0.4202944429837714,-0.7230707679162873,3073.8450445180188,0.31360544996995193,1.73979248046874,162.66414926851542,-26293.21867282764,0.0068365572415865355,-0.03336598557692218,-4.673093515249246,-251.34690108902905,0.3275255408653846,1.9026684194711472,-76.87642294546171,-29347.268981088113,0.005324453500600956,0.07137734750600991,2.9836662761982495,-872.5686240175579,0.37937255859375,0.2595954402043266,-1.1226282583390066,-285.63619422318845,0.00594286170372596,0.026749220628005114,0.7240004037710601,-698.0789488936234,0.36206366436298076,0.3077421687199507,-9.755970515324389,-361.55918263590684,0.02455011455829327,0.025595818152794332,7.450473595252456,130.40938744354818,0.3494298377403846,0.2292341871995181,-10.56958781550433,1367.6867771325071,0.027268864558293276,0.06355205594576292,11.491135838435076,-1395.9451506218647,0.33391338641826923,0.33466890775240393,2.2872760573168405,-1087.4525109346666,0.03183670748197115,0.02616294273963452,4.92288666945244,-345.92689091846574,0.31833154296875,0.2860512883112958,-7.312143780048094,-619.5197456053522,0.029619971642127402,0.0032499882624702006,1.8494175696741109,-160.2818644268489,0.3039203913762019,0.30568295522836186,0.1210385883036317,-572.1788763685076,0.023580322265624995,-0.08456182626577577,5.053825879610674,1164.8138551829409,0.3039203913762019,0.30568295522836186,0.1210385883036317,-572.1788763685076,0.023580322265624995,-0.08456182626577577,5.053825879610674,1164.8138551829409,0.3513638916015625,0.008500503540039065,0.321552197265625,0.012323724834735575,0.3411718969100561,0.023799807035006008,0.3039203913762019,0.023580322265624995,47.425071188273066,125.01368448019927,106.14249296639291,176.2688937416809,91.3063505374603,89.38075438359216,98.96864545266085,87.91804431129023,173.80041515710138,47.070324806914236,145.07429326833034,175.74087006577253,155.49945561925526,165.3584559238093,22.738340447463393,16.89861787153872,177.56555693716953,158.82000187688195,166.1995670284257,20.516256285984053,-7.19258684890159,10.06494526428232,-6.052458627109092,-11.205073486074795,21.950001331118525,14.101739047264,-31.68355779794904,2.4945035582756936,65.24079461805587,1.7738643557185902,-0.8991844708321372,2.543575867449761,1.286803469548559,-4.486456573115356,4.86854908613,-1.3132102356293378,-0.2076378808464705,4.10940342737219,-3.0789525963187154,0.4903972854223391,-43.32441580526547,-520.2536638112095,1465.1873356200629,-988.2580876141233,1372.7009150294841,936.8267740136588,-4488.173745313122,8104.543726947729,-1872.8894543110714,-23.123571309286202,404.58209054322157,406.64813373957014,233.98174067062178,-123.24220781973659,155.25459765792198,-2.9332828246358864,-409.2899920072627,348.4151949360987,-397.44991023732103,461.25799013311496,227.42507118827305,282.4113867080738,356.26889374168087,271.3063505374603,180.68710492105245,261.7184594683916,353.8004151571014,132.92967519308576,167.8553819247554,163.59625199052792,188.09679637127266,202.7383404474634,163.10138212846127,165.53582519129176,186.7158233144098,200.51625628598404,-7.192586848901634,-17.25753211318382,-11.20507348607484,21.950001331118614,36.05174037838255,67.73529817633153,65.24079461805587,-1.7738643557185902,-0.8746798848865416,1.6688959825633076,0.3820925130147045,4.868549086129972,1.3132102356292936,1.5208481164758083,-2.588555310896338,0.49039728542233363,-43.32441580525893,476.9292480059374,-988.2580876141188,1372.700915029464,2309.5276890431473,6797.701434356259,-1306.8422925914706,23.123571309280702,-381.4585192339364,265.9941305088061,32.012389838179935,155.25459765791652,2.9332828246408575,412.223274831886,63.80807989579607,461.2579901331171
118,-,swing,0.592964824120603,0.3562047400841346,0.2487126277043244,1.8484879338189293,785.0925395368123,0.019667147122896633,0.015313298152042128,0.6161626446064006,178.59662040360178,0.3485977689302885,0.17111653019831244,-7.641234872671665,65.97012102347254,0.012243887094350966,0.048120567908653974,-0.5524825885480052,469.83823994092256,0.35011797626201924,0.013390493539665841,0.7998586895286015,694.7397433846697,0.0016749361478365365,0.05598556753305192,-1.8917160010704193,-1020.5574022357306,0.3532921424278846,0.02058466045673337,-0.6659911264266216,-182.48156864114247,0.0010423677884615346,-0.009119774451622738,-0.7517035522460357,-449.5070108313906,0.3274776893028846,0.28219820462740214,-1.7982875976565795,917.069781090441,0.023711421086237985,0.009652329664964342,-0.11327612891578225,-43.78891656260305,0.3288518254206731,0.5605321138822061,-1.439076303335707,-1276.0389982344602,0.013406043419471159,0.10222350604717499,8.821407590425736,-1186.037697399399,0.31709033203125,0.8031493201622518,10.579813809909155,-4013.7990207023404,0.011827871469350965,-0.3506913452148428,-2.225455272968122,1133.5076473024337,0.3285799278846154,1.8980585467998705,-117.96855885666929,-29438.91675998572,0.0064328801081730835,-0.0401658747746383,-5.846015073336206,-707.9855668992789,0.3309378380408654,0.8137069936899025,-112.82283847280587,6470.214791762118,0.005895188551682695,0.05678813758263277,-7.102046076847955,-1923.2343750939203,0.38039742337740384,0.24603677133412996,-1.4171368971602891,571.1983894326278,0.00611384465144231,0.017012803297776744,-4.354321380615276,-899.7632616800265,0.36356163611778847,0.24672068434495234,-4.9519842717097795,1351.9249871403515,0.024768578162560104,0.0787378211388223,3.1247849989670646,-1520.846236457235,0.3501600811298077,0.20451615084134714,4.533648137019322,1712.263186044521,0.02790757868840145,0.11548880239633293,1.0786564824029852,-2064.415244019686,0.3357209660456731,0.30967057917668345,-4.914426983173208,-574.7873416137812,0.03209965163010818,0.033964409461389,0.6699885606030606,-400.0849193244426,0.31969095552884613,0.20842155573918095,-4.711022658127536,1727.8399785016047,0.029652634840745193,0.00929355562650311,1.3023268690842222,-174.10118030022403,0.3053044996995192,0.2809686560997573,2.5674683039740023,599.5400118127612,0.02333616755558894,-0.033565460205076864,7.087032457791898,-553.2212539573472,0.3053044996995192,0.2809686560997573,2.5674683039740023,599.5400118127612,0.02333616755558894,-0.033565460205076864,7.087032457791898,-553.2212539573472,0.3520531569260817,0.008657084538386418,0.32658752253605766,0.012254680926983178,0.3424725936498398,0.02397974258814103,0.3053044996995192,0.02333616755558894,44.29972148309497,126.1146018217721,109.4557366925339,168.72938296878897,97.59511185963721,90.04725996020909,32.79498552376948,167.69330274998077,167.15408354609605,47.93393373639853,145.2486162206708,176.99308098163584,155.13120608180367,164.97513541366695,23.70418952909583,16.5616559713475,176.77486333818936,159.99709659496168,166.88743460487197,19.778949490629472,-8.940882285743744,4.995793202143677,0.8639235340689712,-14.800599021956392,25.27569056585804,19.93656927283144,-42.582541792436764,49.21975824227374,32.8861271906655,1.7737053618485081,-0.102204803984143,3.719044039107337,1.3340869309447152,-4.10122023816226,4.8146767884605,-1.5585847811059013,-1.1736587875181554,4.208898080136881,-4.020136520896862,2.5434820093840207,-359.218570945103,-1076.6947477327055,1575.4010416454792,-857.9248648578777,188.3831478359818,575.2719725886135,1798.9245227915824,4093.932230519093,-5695.248794605684,3.6233708893203227,72.13372019489147,54.04288241507523,-97.76985806428175,140.81287690857297,-64.75722751340741,-52.530400728158945,-22.516662028438777,-282.82821576279446,224.14860333200144,133.7266751873902,224.29972148309497,278.18511966132286,348.729382968789,277.59511185963726,187.64237181984632,334.8473862960768,347.15408354609605,132.06606626360147,166.81745004293063,163.8105310245665,188.67932494276278,203.70418952909583,163.4383440286525,166.66348069046313,186.66638409550143,199.77894949062946,-8.940882285743722,-13.936675487887399,-14.800599021956348,25.27569056585795,45.212259838689505,87.7948016311262,38.575043388852464,-1.7737053618485523,-1.6715005578644093,2.047543481242972,0.7134565502982124,4.814676788460472,1.5585847811059346,2.7322435686240016,-1.4766545115128353,2.543482009384026,-359.21857094509977,717.4761767875881,-857.924864857869,188.3831478359641,763.6551204245908,-1035.2694023669856,-5129.201632886084,-3.6233708893181356,-75.75709108419639,-21.714208669134305,76.05564939515622,-64.7572275134036,52.53040072816663,75.04706275659221,357.8752785193867,133.72667518739405
119,-,swing,0.5979899497487438,0.35719012920673077,0.28123026216946945,6.873727510893283,-573.4553593608922,0.01978702016977163,0.011927368164062094,-2.0437579451339483,-231.14054531566714,0.3493683894230769,0.13076939978966243,-3.3998642484216473,1272.5610445744558,0.012452026367187508,0.0569413639948912,-1.182961625319268,-501.6023167208158,0.3501305588942308,0.026814622145434532,6.160139028695656,748.6480251182318,0.0018647930438701887,0.021649770883413817,-5.21553603656458,70.76155718289098,0.3533273362379808,0.015057297926686437,-0.6968550368092475,220.8130579175244,0.0010067138671874948,-0.011756389911357882,-5.979510782095111,-719.2334170344568,0.32878958834134614,0.3365038874699498,4.767916372446727,-679.8659415611448,0.023712148813100964,0.00844146728515544,0.5203171879694429,-11.69646915785533,0.3318291766826923,0.5723230731670625,-6.295494009163246,-987.775839012669,0.014018855168269229,0.12990609975961426,-1.7487380065916,-2163.8329193924956,0.322552734375,0.8396396296574529,-17.895862060544793,-3612.87236259361,0.00932645357572115,-0.44266082763671744,10.668965888389629,3135.3197254380993,0.3326814152644231,0.5541788236177871,-133.2043608820961,12082.337016629532,0.0064328801081730835,-0.09211990591195968,-11.788526348407858,339.31322903796996,0.33570350060096155,0.7687705453725908,-11.849138606143672,9635.300620600676,0.005895188551682695,0.0,-16.345322418213094,-644.5406622302922,0.3818452899639423,0.24535285832331863,4.618059072642201,809.5122141723093,0.00611384465144231,-0.017012803297776744,-8.318846447284523,78.67945168598756,0.36454326923076924,0.2579734825721135,3.8312152850812127,500.19633545389917,0.025341449444110584,0.057000692514272505,-7.834413203312785,-965.7842570255042,0.3514852764423077,0.2747984900841346,6.639087421124097,-99.45467487982363,0.02842955603966346,0.07439282461312965,-9.25675606126035,-695.9144777327168,0.3370256535456731,0.28527768179086394,-3.4894811448317395,-445.40006555173915,0.03217805833082933,0.03289649611252963,0.9019327063926985,17.190895950924258,0.32042623197115383,0.23870432692307914,10.053082134540974,958.6942264919703,0.029713374211237986,0.016338700514572993,0.09965696364170087,-291.338743243283,0.3067441969651442,0.3314866567758394,6.146566345215831,-430.11926915092727,0.023242980957031256,-0.01333536940354532,-0.5061867229757546,-919.2018776826136,0.3067441969651442,0.3314866567758394,6.146566345215831,-430.11926915092727,0.023242980957031256,-0.01333536940354532,-0.5061867229757546,-919.2018776826136,0.3525041034405048,0.008777638362004205,0.3303112830528846,0.011877105243389424,0.34367831968649837,0.024169877272385825,0.3067441969651442,0.023242980957031256,43.16062551612084,129.04303518875813,109.14275902717729,164.9748313001854,107.41019480771614,99.42194604560451,42.775782863947754,174.1448940726515,169.9114639167214,48.017436409647786,145.2880816678297,178.77213540058125,157.02103706625712,163.13556946099916,25.31001079584742,16.644014644762684,174.90483584931332,163.39402417712517,161.0815126785993,23.975612650199533,-10.80282374282224,-0.756107476749943,9.78071767083549,-19.827433936907774,23.843299299319355,19.88336691247622,-13.603914352807429,43.63955110118133,8.002113265234678,1.8102801435509555,-0.17422245882317458,3.0867204143349416,0.3041918307115523,-3.071251780064365,4.217722678960073,-1.8411539615404853,-0.43393599168505215,1.266908796590324,-0.8262028140875357,1.834383970722749,-53.117165626722795,-698.614712594667,1870.1499958333075,-1224.6524488653606,-485.3855966324086,-624.4836309461474,6541.034549745075,-5247.887204198039,-2100.9158618131023,-66.70584619741462,86.51045657367455,-257.65390912205163,-297.71879568379325,253.26853230796053,-112.62550318167668,-92.50114472862053,311.5877355981783,-752.0483908144123,866.1549295873792,-333.19312964251964,223.16062551612083,274.1175903273627,344.9748313001854,287.41019480771615,206.83214085332065,344.0563579893729,349.9114639167214,131.9825635903522,166.6944819225225,165.46661732310378,188.4455802568466,205.3100107958474,163.35598535523732,168.451149505924,185.05712532879883,203.97561265019954,-10.80282374282225,-10.046716266072352,-19.82743393690773,23.843299299319266,43.72666621179555,57.33058056460298,13.691029463421643,-1.8102801435509335,-1.6360576847277146,1.450662729607183,1.1464708988956749,4.217722678960084,1.8411539615405184,2.275089953225482,1.0081811566352021,1.834383970722782,-53.11716562672491,645.4975469679422,-1224.6524488653697,-485.38559663239545,-1109.8692275785588,-7650.903777323624,-2403.0165731255893,66.70584619742122,-19.80461037625333,-157.0757665575078,140.64302912628986,-112.62550318167504,92.50114472861722,-219.0865908695479,532.9617999448557,-333.1931296425147
120,-,swing,0.6030150753768844,0.3590311748798077,0.317795316256016,-3.9148825120192092,-1097.9603709296182,0.01978702016977163,-0.005226982703575532,-1.7068579113299625,511.80030584423133,0.3499120342548077,0.1369470402644264,5.148323364257596,2032.9009139121615,0.012816162109375001,0.036231506347656255,-5.5937119023250705,-179.94710240995096,0.3503874699519231,0.07530143855168275,8.323959444485737,277.90329725533593,0.0018925217848557718,0.0035681199293875763,-1.1805445720966374,815.1916385004919,0.3534434720552885,0.013581092247595175,1.5532355863123266,691.8907813439486,0.0009242131159855754,-0.0692153602013226,-7.980180105356186,973.7715256042683,0.3308596379206731,0.33011696213942976,-8.631111130934446,-804.9612748085858,0.023796259953425478,0.014881648137019067,-0.230828582763575,-199.1035971714855,0.3346038161057692,0.4972608173077009,-11.366471670297248,204.5702743340273,0.014711632361778845,0.08464824969952064,-12.925656926081848,-819.6408292201526,0.3255289212740385,0.623291410006022,-25.73046119103181,914.5168151054077,0.0073790189302884585,-0.24346555739183098,29.285295736460146,363.4461574942801,0.3341495643028846,0.5593212515024164,3.4619639235275392,12051.830923088422,0.005507051908052882,-0.15864352651743135,-2.4358318669244325,2151.5583329375054,0.33866417518028846,0.694620173527654,-15.98564630596448,-2914.303170231961,0.005895188551682695,-0.10748645958533876,-13.579841677152428,1885.753874478929,0.38286328125,0.2924494253305342,6.718664250300141,-831.5639203586849,0.00594286170372596,-0.06659369365985701,-3.5635731224646436,1454.8761154339632,0.36615433443509615,0.2852253605769245,0.07511457707314886,-32.70756420899152,0.025341449444110584,0.0,-6.5815894435003575,547.6482032118639,0.352921875,0.271240647536062,3.534103665865311,212.71016587938357,0.02865524526742788,0.022456078162560147,-5.915458871694701,871.139518058777,0.3385880784254808,0.2746004169170678,-9.390809551532415,-665.1401377657363,0.03243026968149039,0.043029059776893544,0.8427613842304408,-56.082002771239516,0.3220899939903846,0.309457557091352,4.924095196063162,-705.9135945060665,0.029816842886117786,0.010295133150540309,-1.6257007012000417,-51.299816488390775,0.30863602388822114,0.34274319223258,-1.7553384211609642,-469.20924832174694,0.023202143742487982,-0.03865276395357693,-2.151177368164058,355.9815069521793,0.30863602388822114,0.34274319223258,-1.7553384211609642,-469.20924832174694,0.023202143742487982,-0.03865276395357693,-2.151177368164058,355.9815069521793,0.3531935377854567,0.008854979294996995,0.3327612229567308,0.011457830341045671,0.3452089311648638,0.024231468787560096,0.30863602388822114,0.023202143742487982,37.3950376253769,124.90289425061826,110.07319392435424,162.41894945040445,112.39873252914074,106.5398545797676,51.19012274299953,162.83463188108882,175.08616751518002,49.260080113313926,144.79931230524446,179.3047171823428,156.24401390786412,162.82008460924092,26.181226246679408,15.149918549271316,177.13100943034348,160.85198601929235,164.5905523697342,22.27653363135862,-9.474723146313824,-2.02546019076758,19.659400879127418,-27.10866383467364,20.397443363522253,13.660351876387722,23.15649890851905,-3.5228267245409555,11.771394911136742,1.1032948473016246,0.7672470208769114,1.129557515267611,-1.6580617693949284,-1.555807853157621,3.6827621836195235,-2.488244527122192,1.9578762436193287,-3.3493772044301098,4.6849381483230665,-0.8051926603900608,628.2891337218698,484.0691327025121,1735.5758294507807,-1591.355828431422,-799.0184500948393,-1625.3786925222976,2868.4795286288595,-4079.694249730578,-345.03454848330534,-100.36086138162017,195.34467749443652,-349.6844813629412,-368.2587677720094,380.43059711234855,-150.19225310109329,-138.03887847879832,396.8355602371671,-667.5310579329162,524.2551507970014,-164.60834235842154,217.39503762537692,272.4921433747587,342.41894945040445,292.3987325291407,218.93858710890837,347.7484643659088,364.91383248482003,130.73991988668607,165.9406075814416,165.24532476378445,189.00131085592034,206.18122624667942,164.85008145072868,167.71907202038523,186.86708600109282,202.27653363135863,-9.474723146313824,-7.449262955546244,-27.108663834673685,20.397443363522296,34.05779523990997,10.901296331390956,14.424123055931867,-1.1032948473016024,-1.870541868178514,0.4688925610670073,2.1269543304619356,3.6827621836195124,2.488244527122192,0.5303682835029074,3.879745487932973,-0.8051926603900056,628.2891337218708,144.22000101937178,-1591.355828431426,-799.0184500948304,-2424.397142617139,-5292.8766712459965,-1213.1824215154177,100.36086138161578,-94.98381611282072,-138.020423760742,230.2383440112586,-150.19225310109437,138.0388784787934,-307.8842494943324,359.6468084385794,-164.60834235842646
121,-,swing,0.6080402010050251,0.3603840519831731,0.24188470928485498,-4.161050086389117,315.5317958984178,0.01973448768028846,-0.0052269827035754165,3.0999637216421547,564.4691040925104,0.35074474158653846,0.18251134314903433,17.03130071551931,1355.6249378427622,0.012816162109375001,0.0007231539212733989,-2.9914752173790444,738.4731606868049,0.3508873572716346,0.11047250600961131,8.953136991060791,-292.29610548744716,0.0019006535456730783,0.009785001314603602,2.9773447523849415,263.2977418576654,0.35346382962740386,0.030667705829322607,6.256821157602173,184.99753511883551,0.0003110821063701946,-0.09195920504056436,3.807137716440076,1704.4470401857764,0.3321073467548077,0.249759051983173,-3.3221466909560013,1237.3745133948087,0.023861713115985575,0.006121582031250205,-1.4807239896333908,-33.76667509755127,0.33682677283653845,0.45808717698317264,-4.239511352539893,450.3579994928828,0.014869591346153843,0.0,-9.986334280160825,1269.758331917404,0.3288169696514423,0.58104202974759,-8.704738290641362,681.0499257861363,0.006879563551682691,-0.14833624737079154,14.321691089337103,-1454.1176255400055,0.338302734375,0.5889724308894201,-12.080432006837723,-2345.2137526995703,0.004838472806490385,-0.1166006281926068,9.835175490159651,231.19141963780007,0.34268460787259614,0.6081107835036039,-41.1386177039518,-2619.972091857896,0.004814922626201923,-0.13648082087590138,2.606977827805954,120.68314203471925,0.3847844801682692,0.3128771221454294,-3.739367262620815,-1229.2346218496018,0.005444561298076925,-0.052827608548677046,6.3030240595892195,909.7253789461349,0.36740985576923074,0.25872840294470795,3.5024960467998967,178.89261645981372,0.025341449444110584,-0.00914593505859423,-2.330411160982593,604.0863262382093,0.35421131310096154,0.31031711989182553,8.77687803297716,-322.8946977961511,0.02865524526742788,0.014940976656400045,-0.5015850254939047,465.16242724081457,0.3397854567307692,0.19089768629807752,-10.1743066500149,1312.8165082162482,0.032610511192908656,0.041366459773136924,0.33829448758628117,-265.72120956774,0.3235363581730769,0.2881927208533613,2.958473144530381,24.382675128745547,0.029816842886117786,0.0,-0.41591908146774503,222.2976631369988,0.31018885216346154,0.3138450646033677,1.4308955078114223,312.8678313926065,0.022854510967548078,-0.03495524245041989,3.0715168644832707,306.99878459107344,0.31018885216346154,0.3138450646033677,1.4308955078114223,312.8678313926065,0.022854510967548078,-0.03495524245041989,3.0715168644832707,306.99878459107344,0.35386999511718753,0.008690596360426683,0.3357476862980769,0.011052852689302884,0.3466527193509616,0.02412052017603165,0.31018885216346154,0.022854510967548078,35.667758846369935,124.91920811338152,122.42133251290126,148.32721822008716,117.69229025544134,107.23689363121831,57.07259736086861,168.16451712821794,179.69206939757314,48.871457182616126,145.22262598012975,178.76157714983736,154.9121425086359,162.20788567839412,27.54746580006145,15.129741682658246,176.45978167207946,160.1537112587611,167.0691748634916,21.18759052300959,-4.488360087326173,4.108908932320444,27.223690831144534,-35.82095985079113,15.812963117461816,3.547902666021259,15.225025633411752,2.6375988425832873,4.534429360879912,0.8016282703688611,1.7890406315731373,-0.4276964837850081,-3.396901312725662,0.752171306491834,2.708252798547102,-3.22847937338768,3.5543610961256014,-5.441946057006704,4.442693173821933,0.18002877114065233,1206.9638232779364,1752.478312507046,474.37903300934414,-1019.8935222384539,-803.8325455991952,-1698.2916326209518,-1185.7863958394528,1228.645906327998,-2602.3310232876793,-73.36241849209307,165.7491431022407,-223.05812776741413,-134.03856061690104,319.50800796523333,-177.2102153399866,-34.86274992375898,81.20646802179414,93.2696710108298,-763.3137218182197,574.6127649733819,215.66775884636994,270.7485507329884,328.32721822008716,297.6922902554413,224.92918388665967,347.85658652579104,359.6920693975731,131.12854281738387,165.9059168372541,164.66749398709146,189.75535147845554,207.54746580006145,164.87025831734175,168.41047664526232,188.2567653865012,201.1875905230096,-4.488360087326173,-8.59726901964653,-35.82095985079113,15.812963117461816,19.360865783483032,4.135840150071302,1.4982413074880145,-0.8016282703688832,-2.590668901941976,0.06352279231331809,3.460424105038936,2.708252798547102,3.2284793733876636,-0.819224112044135,4.622721944962569,0.18002877114063576,1206.9638232779384,-545.514489229103,-1019.8935222384536,-803.8325455991995,-2502.124178220149,-1316.3377823807007,-3432.324635414398,73.36241849208865,-92.38672461014767,8.259232008334633,142.2977926252401,-177.21021533998442,34.8627499237573,-95.43128583401638,-188.7009568448286,574.6127649733693
122,-,swing,0.6130653266331658,0.36146217698317307,0.2759757173978337,-0.7437086838943939,-517.9930983322088,0.01973448768028846,0.025928431584285455,3.9661984112078548,-478.95399348392493,0.3517463191105769,0.3081158916766815,18.77269459885828,-1434.618885338334,0.012823429987980764,0.006166428786057687,1.8281289085976242,372.93653104575833,0.35149774639423076,0.1652827148437514,5.386310143104346,-454.390945758565,0.0019908635066105823,0.03349118276742732,1.4656638887844333,-299.1317644101384,0.3537516902043269,0.07646371694711476,3.412507296049375,-940.6754665714901,0.0,-0.03095266958383423,9.149940901536114,201.07382092049838,0.3333697791466346,0.29672855318509794,3.8048136268023787,-262.03050874209987,0.02385778339092548,0.0,-0.5701921515831873,143.46096354616432,0.3392077073317308,0.45465266301081736,-6.840260620117501,-1910.6175431987435,0.014711632361778845,-0.01571691894531222,-0.16426665555512057,1051.6462380124608,0.3313685396634615,0.5358066030649024,-18.885738318809306,-3354.7453018421443,0.005888202373798085,-0.09952896352914592,14.671048243595704,-430.850009414717,0.34006888521634615,0.43790987454927294,-20.10802354078985,-1898.8147004579491,0.004335186298076929,-0.05979754169170579,-0.11230001126814045,-2676.951332674492,0.34477584134615386,0.2811667292668301,-42.31702411358164,2667.10946380614,0.004523522010216344,-0.08128567739633408,-12.366945777305999,-1778.2888063283945,0.38600777493990385,0.2548678448016816,-5.635452552208472,484.13854940569934,0.005411930964543274,-0.0032467181865982464,5.579395510159867,-211.97942561577125,0.3687546198918269,0.32042632587139597,1.8730303203878675,-1243.1464364906224,0.02524953049879808,-0.023421217698317617,-0.5103700843223489,463.75182103553396,0.35604064002403846,0.35945047701321975,0.2889308236929236,-2545.455084712015,0.028805405836838938,0.017415022629958067,-1.240459602942776,50.07883275662614,0.34050664813701925,0.17234607872596286,3.8033262094349607,3296.249081237732,0.032846012995793275,0.046429004375750656,-1.8278035360483647,-493.31905208585624,0.3249864032451923,0.3391909555288434,5.169147207407339,-592.3621074499019,0.029816842886117786,0.0061150418795076775,0.6084466670110112,-19.156494761554907,0.3117902456430289,0.3571240516075692,1.3890618943426327,-831.4899213443258,0.022850834773137027,-0.007783247727614282,0.9342375523492564,-408.2340607464164,0.3117902456430289,0.3571240516075692,1.3890618943426327,-831.4899213443258,0.022850834773137027,-0.007783247727614282,0.9342375523492564,-408.2340607464164,0.3546144831730769,0.008637195293719951,0.3377581505408654,0.010663265286959137,0.3480143886468349,0.024163426325871398,0.3117902456430289,0.022850834773137027,35.424900263237284,126.73942425887503,130.13899330117457,138.54648270318768,122.54982297232215,105.83071968657369,58.501276225564666,167.58795798771814,177.70869155438703,48.985866882291894,146.63949953068928,178.95496219746857,154.3757807934454,163.21514410925985,27.828746486844963,13.777459291222055,178.60217014562352,157.451323750175,168.99305432486634,21.17599248811307,2.6555665348715176,15.587387171112354,24.42702935158316,-37.35884998782397,12.318724312274025,-3.407905737893273,11.239047694052138,8.82537333905707,-14.38268572492045,0.3659841086876208,2.43306755456778,-1.1122327135506311,-3.0051829816250955,1.6553279052869487,1.9017549942729166,-2.8386239233408768,2.7740216508735447,-2.41199357618056,-2.986556543317366,4.969810002659028,1104.09650228266,1707.0694757661197,267.9996934574948,-870.9726669409603,-992.2843262863064,-844.3651078454353,-279.2167858076043,-423.77529762600926,-2059.1525583092093,-95.21392657083938,39.49857856241751,20.8178585843152,106.22095676374886,12.4631345853144,-162.66320157672718,141.29995723900382,-256.88212592208237,657.643400583061,-1083.4362952398924,590.4626310758757,215.42490026323728,268.6854760043623,318.5464827031877,302.54982297232215,228.38054265889582,349.87926643333117,362.291308445613,131.0141331177081,164.37463358701882,165.41967138955025,191.0438905961048,207.82874648684495,166.22254070877796,167.62037056315444,190.16904681297942,201.17599248811308,2.65556653487154,-12.93182063624077,-37.358849987824016,12.318724312274025,8.910818574380729,-2.3282291196714198,-20.07160192310746,-0.3659841086876429,-2.799051663255379,0.5518999179346924,3.5570828995598323,1.9017549942729277,2.83862392334086,-0.4287401168389699,1.9832534593417226,4.9698100026589564,1104.096502282663,-602.9729734834738,-870.9726669409666,-992.284326286293,-1836.6494341317305,-1557.4326483241264,-2020.9982974038296,95.21392657084158,55.71534800841964,-43.979110227672706,-150.20006699140836,-162.66320157672718,-141.29995723900217,164.66973641904661,-492.97366416401434,590.462631075878
123,-,swing,0.6180904522613065,0.36315767728365383,0.23441025015023792,-9.36701087364752,120.91438895367817,0.019995074932391832,0.03463430786132782,-1.71364425307068,-737.5250483192876,0.3538413837139423,0.37118164062499776,2.6130204608626273,-2378.476309513851,0.012878136268028847,0.019096308781551108,0.7566306222768346,-349.51584309975215,0.35254849008413464,0.16460627629206728,4.386393817607857,637.7605025681905,0.0022372483473557664,0.024515291654145708,-0.02900463867173858,279.27227901521286,0.35423230919471155,0.06496426156851245,-3.1972036320610853,330.0726021586711,0.0,0.0,5.827980137751626,-522.6087868335258,0.3350895432692308,0.2879983849158604,-5.955619140625358,-374.324012558962,0.023861713115985575,0.0003910076434794543,-0.038905260526205535,48.991972237811936,0.3413961463341346,0.3893408390925442,-23.441697716346443,-2066.2744692475535,0.014711632361778845,-0.0016509211613580028,0.5829746445875705,-686.9235975259666,0.33420196063701924,0.39123561448317407,-42.42077147498467,-1539.88248282104,0.005879272460937501,-0.0008885263296280578,9.991540240947968,-1207.1644159099399,0.3427038386418269,0.3868817420372599,-31.163996835560916,-1829.4776242957676,0.004237492487980776,-0.11772927152193485,-17.068858004056466,-535.0221214400235,0.34551040414663464,0.18281405874398757,-14.333497464693997,3034.403570030805,0.003997981144831728,-0.26077173321063557,-15.265271482027234,3358.426752791126,0.38734596604567306,0.2562394080528817,1.126346801758094,1143.6177625967828,0.005411930964543274,0.0032467181865982464,4.172577570988494,-236.4083501281503,0.3706302208533654,0.27755282827523936,-8.99143798828179,-671.3560549456743,0.025106060321514426,-0.014275282639723386,2.330411160982593,192.11069034399372,0.3578238807091346,0.3132209472656238,-16.805585129957773,-1412.3821816171192,0.028830270620492787,0.002474045973558023,0.0017198263314858703,271.5162573553156,0.341517578125,0.2291220703124994,22.953824819711194,1598.2307053974218,0.03307713435246394,0.02299657498873117,-4.61968593538717,-198.70122753258644,0.3269453125,0.34014394906851064,-2.9949148700415233,-1514.7968170588574,0.029878300593449522,0.0061150418795076775,-0.6084466670110112,-29.50248191306809,0.31377803861177883,0.32780548565203743,-6.925787118764752,-63.86114912277947,0.022776287372295673,-0.02556592031625647,-1.031338017390278,160.15236615226533,0.31377803861177883,0.32780548565203743,-6.925787118764752,-63.86114912277947,0.022776287372295673,-0.02556592031625647,-1.031338017390278,160.15236615226533,0.35594496506911055,0.008777614886944111,0.3397803786057692,0.010537618314302884,0.3496734994741586,0.02417999737079327,0.31377803861177883,0.022776287372295673,37.37707172432798,134.30469031293052,136.10618339086705,126.96619802053043,124.57617114523623,106.26012160873506,61.766027726296876,173.9480488221613,175.12221620551313,49.67647124761982,146.53848170569825,178.38304003067748,153.02108600052622,164.0398941217689,28.341026893709305,12.439240465420324,179.57387281263095,157.39366509736777,164.35381178472085,25.38715546512205,6.608087171796084,21.265386075698604,29.917155086998765,-44.57445399090132,5.840256320614473,-4.938178819862548,12.418826781074008,-1.6214493747635579,-16.160571225142384,-0.15529561476520715,2.1860112703914054,-0.21847177439490467,-2.3293540085673774,0.8774289405150948,1.073446752549837,-1.8083793006338666,0.972631187360943,1.1675353558884096,-6.4461138135137155,6.114326570898223,456.82746326922666,342.8646046256155,1625.7471787801562,-1511.7843201365492,-1594.387597951523,129.5325149788443,234.22408388007472,-2678.7834281328596,1509.4579097612784,-209.871333953765,13.204642982168574,183.31320600339856,232.1985513606886,-438.63922156362395,-2.9583721590072027,230.62974226695968,-412.0294063502414,538.4430739199051,-120.18912768487432,-138.67914667981756,217.37707172432798,263.0723814113975,306.96619802053044,304.57617114523623,230.8362927539713,349.0702650276744,355.1222162055132,130.32352875238018,163.78504704668197,165.40200701600446,192.3809210154782,208.3410268937093,167.5607595345797,167.13463234721064,189.74096724984287,205.38715546512205,6.608087171796117,-14.657298903902575,-44.57445399090138,5.840256320614606,0.9020775007519916,-11.516749280321996,-18.813299369937496,0.15529561476520715,-2.0307156556261985,-0.3784783155024899,1.950875693064976,1.073446752549837,1.8083793006338666,0.8357481132729235,-0.3317872426154861,6.114326570898229,456.8274632692245,113.96285864359572,-1511.7843201365429,-1594.387597951523,-1464.8550829726767,-1699.0791668527459,1867.045207985826,209.87133395376722,196.66669097159425,-209.39904236193206,-441.5975937226251,-2.9583721590055676,-230.629742266958,279.5747995552337,-258.8682743646978,-138.67914667980602
124,-,swing,0.6231155778894473,0.36381805889423074,0.18183490459735574,0.471511305589814,2387.0601951434373,0.020082571176382208,0.008705876277042366,-3.446113632202103,-431.89524548806753,0.3554767878605769,0.3343774038461553,-5.1315899188689675,-889.9491424420642,0.013015352689302886,0.01377075664813646,-1.68459313260593,-191.3429505732414,0.3531520808293269,0.20936707481970995,11.795963435246993,1515.869802762591,0.0022372483473557664,0.03319967886117869,4.27242046180166,1873.2757907350867,0.35440459735576924,0.044331017127405226,6.729819880558646,2339.7378256600473,0.0,0.027619995117187393,3.897591285118746,114.513474238487,0.3362642352764423,0.23687308443509408,0.04276324932535711,1476.317329754223,0.023861713115985575,-0.0003910076434794543,-0.07781052105241193,-74.71587949606257,0.3431206805889423,0.2190577110877365,-27.606838200495012,1822.4477179613154,0.014695040189302885,-0.009857877291165757,-7.06802140455984,-599.1700167424175,0.3353005558894231,0.10946719125600934,-34.36194417630726,3589.877168978099,0.005879272460937501,0.0008885263296280578,2.538742556058568,-322.56170223294407,0.3439571439302885,0.1247038762019257,-38.49473333270719,1322.6953765914525,0.0031519775390625032,-0.23134385329026397,-5.489406759409103,3343.423452693067,0.3466131685697115,0.1371114783653823,-11.82050582181462,68.74508405015217,0.0019027005709134626,-0.2347054912860557,21.38608691406225,3633.7678341850565,0.38858304537259614,0.2661879131610595,5.858193303035627,118.2874239548398,0.005444561298076925,0.03868873478816067,3.2034321922889997,-798.1996148998461,0.3715440955528846,0.23006011493389014,-4.8742667142420535,1217.2837810810838,0.025106060321514426,0.0,1.4203906226524707,-497.5693704552365,0.35918858924278846,0.19055012394831677,-13.905864971454063,2534.429231618998,0.028830270620492787,0.01743230731670667,1.4883470036433222,-172.75532323221037,0.34280938251201926,0.40303778545672964,19.86594636418299,-3129.3443050536753,0.03307713435246394,0.0,-3.824800797682408,51.97968242995801,0.3284049353966346,0.30909130859375256,-10.054941406249585,-214.8561372869485,0.029878300593449522,0.0,0.3119393111007779,152.118848189718,0.3150847731370192,0.2875181509164659,0.7472413001438413,1241.0929638507382,0.02259389085036058,-0.018148453932541744,2.543809071467508,556.9443293515664,0.3150847731370192,0.2875181509164659,0.7472413001438413,1241.0929638507382,0.02259389085036058,-0.018148453932541744,2.543809071467508,556.9443293515664,0.35671288123497596,0.008833793053260215,0.34105115685096155,0.009898140775240385,0.35093580353565706,0.024155036339393032,0.3150847731370192,0.02259389085036058,40.2732449885541,142.4447939166302,138.58630348521973,119.24214758670415,126.79558265678811,101.62943215723472,65.91227022527269,172.29702918077118,154.80977376952134,49.08730759996825,147.68660739817696,177.7618601209147,152.94358393823526,163.84767323169038,28.672967711014397,12.93666588412833,178.80907103973078,159.4452868903998,162.1466063467181,26.662369839022972,7.246797321496931,19.03326259448539,40.76619697751445,-52.55266225050293,-3.7052716470378337,-2.1060714164978473,13.59305858731923,-18.09707317484113,0.7877455289618104,-1.74327552903867,2.5657775342880678,0.7301110653780056,-0.671529199105602,-2.75310648228718,1.8720226107653064,-0.5207370663864981,-1.3669774079228691,2.999494603919013,-4.194487474823646,3.5760497345201525,-463.3883751377747,-1692.9047928463947,519.3933923564325,-1089.2895086912222,-1697.246913811109,529.0729742238497,-221.66810927663056,-2964.1169136797043,3151.2807231505785,-212.60393320898393,98.82040554306482,24.086519765050134,438.8425711332251,-579.9335217018288,88.12828467945293,96.32890443721236,-194.60340166603496,-30.830743934114793,631.4084260595843,-453.2156171606778,220.2732449885541,257.8284510719239,299.2421475867041,306.79558265678816,228.42501481402286,342.51274458875014,334.80977376952137,130.91269240003174,163.22608500185476,165.46422488094004,192.5206409427048,208.6729677110144,167.06333411587167,168.2542630761409,188.80897618574107,206.66236983902297,7.246797321496931,-11.786465272988547,-52.552662250502905,-3.7052716470378337,-5.8113430635356815,-19.40440165085487,-1.3073284760136497,1.74327552903867,-0.8225020052493981,-1.552613070627448,-0.8810838715218459,1.872022610765334,0.5207370663864981,2.3810568636156524,-0.6184377403034931,3.5760497345201965,-463.3883751377812,1229.5164177086267,-1089.2895086912047,-1697.2469138111398,-1168.173939587266,-946.5058303106484,3792.2929767804953,212.60393320898615,113.78352766591692,-52.9626658891442,-491.80523702237804,88.12828467945513,-96.32890443720935,147.3620649647887,178.19280889890788,-453.21561716067623
125,-,-,0.628140703517588,0.3649851637620192,0.23914905724159286,14.623543851412252,1149.6856817484818,0.020082571176382208,0.0,-6.0542999866191165,-276.4094421592093,0.35720196063701926,0.3196078725961637,-6.331192025992328,636.9465134134122,0.013016535832331727,0.002165724534255256,-1.1664141071024843,125.900072525014,0.3546526817908654,0.2831586726262084,19.6212662071817,2949.526700918204,0.0025709134615384682,0.06745419076773042,18.797887730525193,1274.004025348321,0.3546778470552885,0.13260064227764487,20.317749389648036,3752.5640013616317,0.0002775878906250001,0.03917177170973631,6.978869326078134,869.1646693713813,0.33747017728365386,0.28842816631611523,8.881740957407096,-110.48052797316421,0.02385778339092548,-0.00039100764347946293,-0.7898186222956819,-125.3728295499358,0.3435977313701923,0.11188517878606048,-5.1256402493984705,3564.6065056809316,0.014612558218149038,-0.07268631216195971,-5.438834568904089,1093.363182181749,0.33530213341346154,0.04588944185696898,-6.341603947566434,3290.810153705398,0.005888202373798085,0.024626474233774745,6.749714087853039,570.9023933762589,0.3439571439302885,0.0,-17.870575965295004,3286.70320842572,0.0019124286358173093,-0.17289918870192608,16.533387751652892,1977.3831536232249,0.34688840895432693,0.06401500525841297,-13.64259209735578,212.45116933031787,0.0016391319861778914,-0.045836186335637165,21.255008258526253,-1848.6896183178403,0.39002122145432694,0.3151157226562551,2.315165132962519,-1073.83669235007,0.005800762469951926,0.03544201660156321,-3.849529111422055,-1668.3447712074117,0.3729423828125,0.2285652231069773,3.2425698617794074,1385.0395459264646,0.025106060321514426,0.0,-2.6702860295223183,-838.9591968248889,0.3597389573317308,0.17346351036658736,8.666065439077494,3203.010323538013,0.029005469689002403,0.017432307316707054,-1.7345145780123443,-1400.8799598711664,0.3455682091346154,0.4287798227163494,-8.49687171349171,-4004.271647644179,0.03307713435246394,-0.015443634033202747,-4.097277066744374,209.78720482457408,0.3300517578125,0.23908926156851437,-5.154273033729457,2001.673329984156,0.029878300593449522,0.009250110332781841,0.9203859781117891,-122.61636627665261,0.31666766826923076,0.33531544846755346,5.5475090003381995,-579.060784675154,0.02259389085036058,0.0,4.566092428354132,787.5853813224192,0.31666766826923076,0.33531544846755346,5.5475090003381995,-579.060784675154,0.02259389085036058,0.0,4.566092428354132,787.5853813224192,0.3578794133112981,0.00898690209021935,0.3414431189903846,0.009582020920973561,0.35249836613581736,0.0242436030461238,0.31666766826923076,0.02259389085036058,42.23495700341869,145.95002554669583,165.65623503810366,90.6286964186192,123.53563725778388,102.90742322510948,71.11526248858512,160.65437440145408,174.67342359285414,48.50174159148442,147.95187649740973,179.5772668460226,152.3203548306965,163.0911246498576,28.5576355845291,12.846540064069346,177.9331117948138,160.1766782187788,162.77989070771068,26.26377921462734,1.9509175724214438,4.251267554629236,35.137189181033285,-55.52208724407948,-11.21750160713544,0.37913750399525964,10.191006587339018,-31.4115691102381,15.510591821597236,-2.2920185615891753,3.179181175346835,0.02360380113323843,2.0811240932740995,-4.951048664528436,1.9591581563634382,-0.8402496077975573,-0.9831818947097685,0.8576786329324807,-0.10030048628168631,1.5593957451627474,-1013.5586960353869,-3632.2002496073014,-3571.052774232095,737.1013028597861,-938.9965994999634,97.92614654144326,-903.8328632568757,-1225.4079608763732,1391.5592643035288,89.33475053730001,-163.11136347626277,-170.61827032064295,261.2912689383722,85.76170396737515,-278.39033563328053,-258.99749344387425,174.5995202615523,-500.16607480490757,530.5586058262292,-155.30940253433104,222.23495700341869,256.28493145672286,270.6286964186192,303.5356372577839,226.44306048289334,335.32779799430824,354.6734235928542,131.49825840851557,163.54638191110584,163.96911506508323,191.64876023438669,208.5576355845291,167.15345993593064,169.22034814111683,189.043669922338,206.26377921462733,1.9509175724214107,-2.3003499822077815,-55.522087244079366,-11.217501607135617,-10.83836410314018,-21.029370690479308,19.300197884138004,2.2920185615891975,-0.8871626137576818,-0.9107664148908761,-2.9918905081649756,1.9591581563634604,0.8402496077975876,2.31677389181352,1.4590952588810833,1.5593957451627696,-1013.5586960353913,2618.6415535719193,737.1013028597861,-938.9965994999679,-841.0704529585178,62.762410298351284,2175.5113178804345,-89.33475053729671,73.77661293896168,68.66263727246294,-192.62863166590924,-278.39033563328877,258.99749344387425,-124.91687151303157,375.249203291898,-155.30940253433542
126,-,-,0.6331658291457286,0.36622156700721153,0.32880519456129537,12.026141272911033,-1118.8280928907773,0.020082571176382208,-0.05214135976937983,-6.2240979755106896,1013.4164973801514,0.35868892728365387,0.2707473332331682,1.2698825777481262,3439.6591704618936,0.013037118765024044,0.0020480018028855695,-0.4192657705455103,-471.3182202219003,0.3559978966346154,0.40656573016826625,41.4394478665852,4308.4815943931135,0.0029151799128605826,0.22212317364032302,17.076481018065966,-3562.488283903832,0.35573726712740383,0.24852950345552258,44.444030949519096,5218.299472106952,0.0003936861478365389,0.09775938532902669,12.63291459538373,-359.78320629886133,0.3391630108173077,0.3261368126502392,-1.0675938157315499,-1802.8749787457266,0.02385778339092548,-0.00832888324444094,-1.3378389587401867,-262.68262505339544,0.34424515474759615,0.1675437387319739,8.218352811373007,185.03453462559122,0.0139645244891827,-0.06451953124999986,3.9205532907339244,178.6983690479182,0.33576175631009614,0.04573247821514178,-1.2884752948465603,922.9527027072108,0.006126774714543273,0.06872484882061217,8.276455052302275,-586.9324297943017,0.3439571439302885,-0.05489990234374954,-5.462540283203056,2321.6450667255467,0.0014142972506009654,-0.06517915226862979,14.38379076444205,-1263.496165353644,0.34725653545673074,0.0,-9.685318190354177,1615.5094751774811,0.0014420353816105846,-0.021087317833534354,2.806291755089312,-2163.5924225968515,0.39175003756009613,0.28945590444711455,-4.934135263296545,-155.69392555590858,0.005800762469951926,0.0,-13.563851940448508,-752.1999777925765,0.3738412334735577,0.2626487567608183,9.04572872220458,20.75672344023924,0.025106060321514426,-0.026837045522836892,-7.011360099205559,-616.3609126932948,0.3609319411057692,0.2776462590144207,18.2851935565656,157.6178999211278,0.029005469689002403,0.0,-12.590848572951064,-1617.035704842176,0.3471187274639423,0.31764208984374914,-20.37798979304423,-432.8202331636698,0.0329219219501202,-0.041178663987379904,-1.7163866788425046,328.27350112975904,0.33080784254807694,0.2572895695612966,10.062378493088307,1239.5574843093104,0.029971266526442303,0.009250110332781636,-0.9203859781117892,-265.40208881963116,0.31845477764423075,0.3432720102163463,-5.0724650785008185,-1313.5379986032406,0.02259389085036058,0.027741922231820575,10.459240039531881,53.848157534665184,0.31845477764423075,0.3432720102163463,-5.0724650785008185,-1313.5379986032406,0.02259389085036058,0.027741922231820575,10.459240039531881,53.848157534665184,0.35916141451322114,0.009107139000525843,0.3420767202524038,0.0093610830453726,0.3538174266326122,0.024233228634565302,0.31845477764423075,0.02259389085036058,43.08593663766875,147.97425838274498,171.01299291857802,84.09868533634575,117.1894595535005,105.54515665758221,72.6341988821947,149.6187405152248,179.51832318633677,47.14906899041669,149.6585134993051,179.02201023504696,153.91643792522837,159.4078920137793,30.846077336223583,12.470580713478455,177.88146273639396,159.84997037178388,163.32095240103587,26.4770337773078,-2.93972223664748,-17.471262527195385,4.8762193470417685,-45.14460895542983,-13.142423400806143,-1.1218890391969276,4.509311217903556,-30.41273107309592,14.773265773218133,-0.8454388402216003,0.9264673485970139,-0.9846454202565664,1.9545137047975891,-1.8911798092482488,-0.9258702096696241,-3.1237269502444844,0.3877916399318969,-2.027300117738261,1.1377598199122305,2.015151216587205,-106.32936190507257,-3980.3499452391516,-7754.033101236531,2224.120788059929,17.02028453087149,-541.2438743943806,-1008.5761684836306,956.2572072905398,-1490.8349512811085,254.79487209187846,-431.9468776942188,-97.94542630349605,-187.66163489966348,768.0674539854621,-657.8578550662298,-283.396624409533,232.76845004956667,-295.5052619721028,63.84349991383503,72.97509172289216,223.08593663766874,255.1116782549238,264.0986853363458,297.1894595535005,222.7346162110827,330.100417328888,360.4816768136633,132.85093100958332,163.19241751027823,164.17040727523127,190.25396935000288,210.84607733622357,167.52941928652155,169.6479565501276,189.79798617834368,206.4770337773078,-2.9397222366475244,14.531540290547863,-45.14460895542981,-13.142423400806187,-14.264312440003048,-18.773623657906626,20.55710687956822,0.8454388402216334,-0.08102850837542462,-0.8625363141202949,-2.817050018917884,-0.9258702096696794,3.1237269502444844,1.125610918761086,3.1529110364994355,2.015151216587205,-106.32936190507368,3874.020583334078,2224.1207880599095,17.020284530902423,-524.223589863511,484.352578620137,-1359.2455753761217,-254.79487209188176,177.15200560233708,-77.4520359804352,110.20959891923268,-657.8578550662337,283.3966244095256,-158.68667033536906,136.81859163672496,72.97509172288557
127,-,-,0.6381909547738693,0.36828973858173075,0.36001479867788516,3.3790404052737406,-2696.3020748478293,0.019558537409855775,-0.06255374849759514,4.130790439312097,1236.4819002878883,0.35992303936298076,0.3323705115685067,28.238246873122332,-1.5909788018801991,0.013037118765024044,-0.0020480018028855695,-5.903280641995975,-484.83229016226585,0.35873876953125,0.699635535606966,62.92258876389659,-4990.493507361606,0.004803307166466347,0.23907711557241423,-17.00601462026724,-3987.7236181275885,0.35717563100961536,0.5792743201622609,72.76297021484376,-4774.786381413424,0.001260094275841353,0.16613573749248792,3.3629577049840345,-2159.8369726339274,0.34074793419471155,0.2776985802283609,-9.237605562650536,-1521.3827293088946,0.023774076021634616,-0.013836625319260292,-3.4298450047418787,-99.09855462470789,0.3452815880408654,0.19448168945312624,-3.2659966853221687,-2313.8381707435205,0.013964120718149037,-0.033283766526442715,-3.642871060884803,-732.682737837557,0.33576175631009614,0.03293994140624972,2.9343026123050717,220.70205939659704,0.006578904371995195,0.10780692702073265,0.8508956979605343,-1523.130956015932,0.3434053861177885,-0.05489990234374954,5.462540283203056,979.4509499323701,0.0012573617788461527,-0.02833847750150283,3.8349338285006365,-1288.3783338270969,0.34688840895432693,-0.033324876051679685,2.5936840350812846,1293.6137640708753,0.0014271991436298065,-0.017632249098558532,-0.48963920475878037,-202.20230588471034,0.39293032602163463,0.2655264235276464,0.7504020620488582,-663.5861584707619,0.005800762469951926,-0.10087810340294502,-11.409327883206776,2211.8120301255467,0.37558206881009615,0.31947706956129507,3.4511801476109585,-2567.321793362978,0.024836341271033652,-0.07046593064528231,-8.864868066640886,679.4496971071588,0.3625293719951923,0.35723429987981026,10.250164935772252,-3550.5466930119815,0.029005469689002403,-0.1091088843712439,-17.986129702054384,1623.5799926470181,0.3487605919471154,0.22397590519831606,-12.846823805588913,1076.6116553767974,0.032663278432992784,-0.032693751408504376,-0.7980458996111026,76.26523385271136,0.33263758263221155,0.3402186936598546,7.303591130183262,-2661.3375407103695,0.029971266526442303,0.0,-1.74697169846743,9.333125646734695,0.32011763822115386,0.2843358999399068,-7.6538779202974405,-850.3226704195484,0.022872704139122596,0.10511799034705453,5.107279941265342,-1807.8930368857448,0.32011763822115386,0.2843358999399068,-7.6538779202974405,-850.3226704195484,0.022872704139122596,0.10511799034705453,5.107279941265342,-1807.8930368857448,0.36103179462139423,0.00966476440429688,0.34241701472355773,0.009400332406850962,0.35542626327123394,0.024191637088090943,0.32011763822115386,0.022872704139122596,37.93461152479085,136.11933705669975,164.37937267185774,66.19464713994887,114.80393750168757,102.99936129433891,72.64917443956189,142.36250820428697,177.20838384782238,47.65522271713007,150.0586458655192,177.16366574123066,155.64339665235508,159.92668460677473,29.552384416990215,11.453785246191146,178.8030236367554,158.47063083745846,163.00619554305482,28.26636473654018,0.8822807693553831,-35.75224948295035,-42.79279173591711,-33.169114499758486,-11.04644347114678,-5.0604994245915025,0.05456268298087728,-21.800943911338162,0.5273259795759812,0.2687339217462976,-1.1619934748463379,-0.9607723426204949,0.19507751136792578,2.768222229797849,-4.652478577970559,-3.6884568882953888,1.3561995128235749,-2.1122234974404246,0.5413427289327389,2.2928137524279983,1080.385441626029,-1960.4663355315388,-6727.147054236528,1701.4103568748817,480.79756996957826,-425.21575844281267,-533.1739663629019,1620.0438896225119,-1596.743020513683,111.71994435844796,-257.5876407343863,140.8498378670002,-333.0661577755028,687.6408321581192,-527.4590136847828,52.03851309307614,70.01388368073404,46.666989453327396,-57.65384970341539,-63.54175482652964,217.93461152479085,261.8152744680911,246.19464713994887,294.8039375016876,217.8032987960265,325.15412435646454,362.79161615217765,132.34477728286993,162.2861314173507,165.12246567612004,189.47906902376496,209.5523844169902,168.54621475380884,169.74319111705344,191.27256027959498,208.26636473654017,0.882280769355339,36.63453025230573,-33.16911449975857,-11.046443471146647,-16.106942895738303,-16.161505578719115,5.639438332619134,-0.26873392174630867,0.8932595530999851,-1.689178836804801,-1.8842563481726826,-4.652478577970576,3.6884568882953443,0.7219329839203568,2.834156481360737,2.2928137524279544,1080.3854416260356,3040.851777157583,1701.4103568748685,480.7975699695871,55.58181152676329,588.7557778896672,-1918.6290584385438,-111.71994435845454,145.86769637593179,-172.88433930216533,160.18181847333747,-527.4590136847729,-52.038513093074506,-74.52861507661046,-121.19560452994669,-63.5417548265313
128,-,-,0.6432160804020101,0.36983980618990386,0.36276539963942356,-15.072372042142643,-3927.6826681049074,0.01945389028695914,-0.010625877967248018,6.202855796226935,-303.701203527572,0.36202933443509616,0.5545488093449517,1.2538928410458126,-8299.877413592969,0.013016535832331727,-0.05728145188551644,-5.291952103834635,1154.4771179081763,0.36302940955528845,1.038953556941099,-8.71626577524021,-16546.69753411371,0.0053179649939903845,0.05120845383864147,-23.00114328472404,1515.1575622523217,0.3615591195913462,0.9798156362680259,-3.543771878756734,-16940.335289339364,0.0020633920522836607,0.13155795522836386,-9.073989652193523,-1406.2957627116893,0.34195395132211537,0.23329655573917812,-16.35787250225317,-1390.5524724730537,0.02371872182992789,-0.042799687312198666,-2.333804331852833,764.9971822844066,0.34619974459134617,0.13471965144230372,-15.036302170974034,-1008.7915590021015,0.013630014272836541,-0.10113130070612869,-3.4430923156737165,1363.6908303738783,0.33609281099759614,0.07522295673077077,0.9296358548679924,-1036.6891872981603,0.007210261418269234,0.07727656437800451,-7.0313937518780145,-519.3805798457098,0.3434053861177885,0.0,4.381187856820806,-1005.1656073139301,0.001129488431490383,-0.02663710374098503,1.4352647963304688,-117.86192962412692,0.3469216120793269,0.026067176231972824,3.315825167142114,-1214.4718185472282,0.0012648268479567293,-0.026008314866285936,0.7741077763484958,306.20792012844356,0.3944186448317308,0.2969976337139373,-11.603342886118302,-3015.0158283502433,0.004786912184495187,-0.11466661189152588,8.665414693979196,2270.456248758139,0.3770520582932692,0.2973339843749989,-16.75650035682044,-3287.073203495846,0.024397860013521636,-0.11593119694636377,-0.18271992727428465,2029.8022051989924,0.3645222355769231,0.38066299203725784,-17.398692805364018,-4788.550198026164,0.02790889798677884,-0.1807651226337132,3.7265382878230584,3579.239810708807,0.34936974158653844,0.18852828275240271,-9.557772151066319,-588.2181626633674,0.03259334153395432,-0.04919922579251665,-0.9499019165036936,566.4902021636631,0.3342271259014423,0.330692495492787,-16.684732468825068,-4000.645695955668,0.029971266526442303,-0.008307394174428792,-0.8265857203556612,256.0689631728964,0.3213124248798077,0.2663486140324521,-13.618421565129484,-1875.357013005169,0.023650353064903845,0.07907136887770363,-7.710539225651561,-789.8099766821948,0.3213124248798077,0.2663486140324521,-13.618421565129484,-1875.357013005169,0.023650353064903845,0.07907136887770363,-7.710539225651561,-789.8099766821948,0.3641144174429086,0.009962945791391228,0.3429147010216346,0.009390662560096154,0.35681703851161856,0.02388477188501602,0.3213124248798077,0.023650353064903845,39.495188142538915,122.09368525366044,148.28688811977318,65.68839100865164,112.82360220865827,99.59941849922227,72.16824273550814,138.05056973106048,177.79579175868807,48.47332162866029,147.18032051040774,178.474475490101,152.99698592417607,163.745079464614,26.078767962242868,8.933148221596023,178.6090734982481,157.64915113947552,163.88579404747045,28.140980089706133,7.918422905322708,-37.174441778768724,-62.73329878598896,-28.04500737879778,-8.31028701920232,-5.395414249677476,-0.849221107351762,-14.130882936186183,-1.2744027746581483,0.277374670918585,-1.6623531612963274,0.43093083971329105,-1.3928848658104935,5.019783328019311,-6.226965824592088,-2.6007268186557773,1.0914487623513376,-1.558285148358084,0.5583241445010181,1.3765406153155475,907.4183117490335,1284.1779729709085,-682.803420137173,1628.016793747578,523.7092484721725,224.17703566225092,52.77904104402528,1218.024685249864,-90.67560690392347,-75.41364810113348,92.95148519895214,170.01100042485825,-105.04428562356068,80.01620490337453,12.12651327269381,338.66965104868706,-115.74191211640695,371.51032686071756,-306.18172711866526,-80.50528001775818,219.49518814253892,277.40150288887844,245.68839100865162,292.82360220865826,212.42302070788054,320.25477797237244,362.20420824131196,131.52667837133973,164.34635786093196,162.82083335103297,189.82384742685687,206.07876796224286,171.066851778404,169.67592527665212,192.0267741371766,208.14098008970612,7.91842290532273,45.092864684091545,-28.04500737879789,-8.310287019202276,-13.705701268879796,-12.856480161528035,1.2744027746581483,-0.2773746709186181,1.384978490377665,-2.6000673623832706,-1.207182496572777,-6.226965824592043,2.6007268186557937,0.37657961145846514,1.934864759816549,1.3765406153155308,907.4183117490411,-376.7596612218672,1628.0167937475933,523.7092484721549,747.8862841344211,695.1072430903805,-522.9174421594835,75.41364810113457,-17.53783709781318,-12.90156744749122,92.14271817606068,12.12651327269496,-338.66965104868126,-15.176680275711394,-386.68700713642016,-80.50528001775051
129,-,-,0.6482412060301508,0.3719356219951923,0.20853367262619965,-36.095157264122484,-366949.2708191891,0.019451744666466347,-0.00021348923903271357,1.0785170370249286,-19776.495500737274,0.36549639423076924,0.3449724496694697,-55.17760652982245,-363581.3906923533,0.012461425781250007,-0.05523345008263088,5.699504462608862,-11202.063245274625,0.36918051382211536,0.6120348745492751,-103.3758789156389,-368862.47832787957,0.0053179649939903845,0.00790984637920681,-1.778300426776506,-3106.598858110956,0.3670230243389423,0.5436585223858111,-97.49165580866816,-366574.9098071228,0.0025822847806490357,0.07493986159104508,-10.7706680509124,-2613.580427019596,0.34309262319711537,0.1132978515624992,-23.213007296048122,-337465.99165028107,0.023343928410456738,-0.03729194523737932,4.258568887563749,-22394.104249084106,0.3466355543870192,0.04336307466946696,-13.404605318509162,-340395.1686223362,0.01294772573617789,-0.0678877093975355,10.062564420259761,-11739.786330727342,0.33651776592548077,0.04228301532452104,-7.484684194711659,-332006.3073943512,0.007355553260216349,0.037139653132511094,-4.369009627121999,-7138.40738885739,0.3434053861177885,-0.010867863581731205,-4.639626624474676,-338500.75686321396,0.0009896521935096186,-0.013913705679085996,2.650391822227999,-979.9411934004803,0.347150390625,0.0,-9.612062884991413,-342073.6882579752,0.0011658090444711527,-0.009852271446814822,2.5878273291954397,-1127.892972111646,0.39591522686298075,0.1489099121093715,-29.551264554536633,-390325.85535284306,0.00464833420973558,-0.013788508488580858,11.409327883206776,-5304.6563215003935,0.37857035006009615,0.1510700307992799,-29.584731445312265,-372748.4995510758,0.023671203613281247,-0.07230231182391834,11.535154096163145,-22583.916345054236,0.3663551307091346,0.18237306565504552,-37.87596770770699,-360961.60359803034,0.027188734788161056,-0.07165623826246928,17.986129702054384,-26444.31540963652,0.3506553485576923,0.12791789362980993,-18.758564133863988,-345737.19444593077,0.03216881385216347,-0.04224050433818978,4.895322966355385,-31175.9834905522,0.3359611253004808,0.17253294020432552,-32.90390330153217,-330994.85187084327,0.029887775127704325,-0.008307394174428792,0.8265857203556612,-29277.205789600936,0.32279450871394233,0.14746734149639382,-26.501687096228867,-318081.69092399534,0.02366739126352163,0.027625133807842532,-2.830508769108509,-23077.161398126103,0.32279450871394233,0.14746734149639382,-26.501687096228867,-318081.69092399534,0.02366739126352163,0.027625133807842532,-2.830508769108509,-23077.161398126103,0.3684088885967548,0.009953355055588944,0.34336034405048077,0.00916053372896635,0.35837528170072125,0.02353870880909455,0.32279450871394233,0.02366739126352163,47.349855179843566,110.06819656105138,114.45732395599289,51.73898257478512,108.81864265710186,100.11109326515357,71.67547626704197,134.56117607442908,177.30691641921564,47.64172974303165,148.42271304619342,178.46505685815293,153.57680536680297,163.53607138560722,25.28773731651762,10.012122929360324,179.54835052831103,158.7286082513375,163.1502245478472,28.560693743143926,10.0020627969839,-22.845938196810508,-49.65513766694401,-16.80713667314959,-5.783033938763115,-2.8074638902975138,0.5850053065389226,-9.559489788223898,-0.3839866526242587,-0.48919218982288626,-0.22780769395234246,0.7478809279811028,-0.8606439521854525,3.5724051936508627,-4.530604072717354,-0.28474180237892127,0.1929642151712388,1.6215486318130345,-2.5358605586920513,1.4837154607922343,-334.46595018863474,2876.2899603233345,4278.09961767029,2102.5987482098926,596.1986225063565,396.3997706691791,287.85087834929334,782.1591030815928,77.41158825535481,-75.49624350016005,236.96261969616808,-43.42010650745108,171.98808998636713,-299.9142501332587,362.42935834461827,374.30612724151786,-149.4808778839068,596.4875528508048,-648.5961101431101,100.21408015624014,227.34985517984356,297.2816586187922,231.7389825747851,288.81864265710186,208.9297359222554,317.25425965521345,362.69308358078445,132.35827025696835,163.93555721077487,162.4006140689278,188.82380870212484,205.28773731651762,169.98787707063968,170.43952654232862,191.71091829099112,208.56069374314393,10.002062796983932,32.848000993794486,-16.80713667314952,-5.783033938763158,-8.590497829060672,-9.175503135599683,0.38398665262430287,0.48919218982288626,0.7169998837752287,-1.8188428312519496,-0.9581988790665411,-4.5306040727173595,0.2847418023789351,0.5694035339132064,-1.052145097899784,1.4837154607922673,-334.4659501886391,-3210.755910511982,2102.598748209906,596.1986225063521,992.5983931755312,704.7475148262292,-77.4115882553636,75.49624350016555,-161.46637619599815,234.50319819772562,62.5151082113585,362.4293583446172,-374.3061272415225,48.105522863937104,-548.3820299868678,100.21408015624237
130,-,-,0.6532663316582915,0.3719356219951923,0.0,-3703.0047420842598,3591.468147780251,0.019451744666466347,0.0002134892390327183,-192.5558929549023,-109.426042022716,0.36549639423076924,0.0,-3652.8304357253346,5490.1718497174315,0.012461425781250007,0.0,-117.87550230760019,-567.1006940295918,0.36918051382211536,0.0,-3715.876851985101,10285.899952106254,0.005397460937500001,0.03333608774038505,-54.223242361216194,-153.09471018748607,0.3670230243389423,0.0,-3687.7137196890517,9700.419752962654,0.0028165564903846196,0.02331003511869102,-35.341129622239826,840.906295881979,0.34309262319711537,0.0,-3407.975879037756,2309.694225956829,0.023343928410456738,0.0,-227.40017869450813,-423.72760431260053,0.3466355543870192,0.0,-3436.0932732497445,1333.7582291916854,0.01294772573617789,0.0,-121.43089463454197,-1001.225159815864,0.33651776592548077,0.0,-3335.8171721285757,744.7260773738233,0.007583524263822111,0.033366919884315886,-78.77418157959079,104.37560931394383,0.3432961613581731,-0.046629413311303484,-3397.636469059917,923.2856982704769,0.0009896521935096186,0.0,-8.413390413724652,-263.7139863116906,0.3469216120793269,-0.07053647085336842,-3434.6106899884026,1654.7289526227328,0.0011658090444711527,0.0,-10.561499983567593,-257.48881925495084,0.39591522686298075,0.0,-3934.476261005161,2940.350823176447,0.00464833420973558,0.0,-44.647714165321474,-1135.2281243790944,0.37857035006009615,0.0,-3762.972576247046,2943.6807788086226,0.023671203613281247,0.0,-227.15675354591082,-1147.7478325682534,0.3663551307091346,0.0,-3645.1535028358358,3768.6587869169125,0.027188734788161056,0.0,-262.0454758793793,-1789.619905354443,0.3506553485576923,0.0,-3484.303444974506,1866.4771313195,0.03216881385216347,0.0,-314.2763691582357,-487.08463515236946,0.3359611253004808,0.0,-3343.26615830646,3273.938378502509,0.029887775127704325,0.0,-295.069859987703,-82.24527917538975,0.32279450871394233,0.0,-3210.4193353741416,2636.917866074819,0.023927992600661058,0.05062404456505518,-239.64180955857822,-219.55507467889268,0.32279450871394233,0.0,-3210.4193353741416,2636.917866074819,0.023927992600661058,0.05062404456505518,-239.64180955857822,-219.55507467889268,0.3684088885967548,0.010031796968900244,0.3432927433894231,0.009206127929687502,0.35837528170072125,0.023582142365284456,0.32279450871394233,0.023927992600661058,47.349855179843566,109.80614401372218,112.56258167352766,50.106292839649065,108.81864265710186,99.11278754411636,72.14085830120659,133.00881777964844,177.21824587963684,47.64172974303165,148.42271304619342,178.46505685815293,153.57680536680297,164.47023585099632,24.353572851128483,9.419458998888304,179.02162552235117,156.90003831633192,164.14143446398703,28.560693743143926,4.556956069256013,-8.267004991599409,-19.737322729000926,-6.913361668145503,-2.31834106436454,-1.4114969565198796,2.0437525443999425,-6.269987427828433,-0.4963968625440262,-0.4813815451634289,0.7191807049968296,-0.005452140261093516,0.3356386516404399,2.005569758840818,-2.584459710575808,1.1611438068871323,-0.41087161839145087,4.436564629036965,-5.960229726284036,2.38371730030289,-9177.384175982721,-16665.66942261635,-14719.801290681853,-7231.516044048231,-18227.574592977817,-16876.59203795116,-12585.826464673737,-21999.0663312077,-30583.278833655237,-8183.433202450094,-25623.584521957233,-30911.74098818821,-26451.20302460256,-28772.774120399285,-3759.1209537052223,-1694.240552939826,-30965.882479668067,-27672.682745737347,-27720.481850906293,-5189.190663291786,227.34985517984356,297.5437111661214,230.10629283964906,288.81864265710186,207.9314302012182,315.79057190001157,362.78175412036325,132.35827025696835,163.93555721077487,162.4006140689278,188.82380870212484,204.3535728511285,170.5805410011117,169.60216652346287,192.70212820713095,208.56069374314393,4.556956069255991,12.8239610608554,-6.91336166814548,-2.31834106436454,-3.729838020884464,-5.773590565284494,0.49639686254393783,0.481381545163451,-0.23779915983337863,-0.24325130009456053,-0.5788899517350005,-2.5844597105757745,-1.1611438068871627,0.8600522030558251,-3.5765124259811403,2.3837173003028957,-40279.936844685486,-54716.820090771915,-38334.06871275101,-49330.12726168058,-35104.166630928965,-53620.89283495798,-62724.379172453075,-22919.119466252672,-28398.087612998195,-27880.545430004306,-32531.89507410451,-34861.67362240799,-29408.312115762943,-29479.802591232656,-32909.67251419808,-36291.743331994556
131,-,-,0.6582914572864321,0.3719356219951923,-37.007594388521476,0.0,368448.97183738224,0.01945389028695914,-1.9354485943133932,-0.021242179283755377,19159.311349012696,0.36549639423076924,-36.36689122596138,0.0,363456.6283546692,0.012461425781250007,-1.2399118652343704,0.0,11728.612479606169,0.36918051382211536,-36.73346112530032,0.0,369729.74677251594,0.005653001051682691,-0.5370473632812478,-3.3169407301682985,5395.212614940988,0.3670230243389423,-36.5187909217246,0.0,366927.51510905905,0.0028165564903846196,-0.28024737079326845,-2.319348494309746,3516.4423974128476,0.34309262319711537,-34.13771600811283,0.0,339093.59996425523,0.023343928410456738,-2.3227208768404353,0.0,22626.31778010346,0.3466355543870192,-34.49023766150826,0.0,341891.2806883481,0.01294772573617789,-1.2882987107496944,0.0,12082.374016136873,0.33651776592548077,-33.48351770958519,0.0,331913.80862679187,0.00769089918870193,-0.7545606642502968,-3.3200085284894163,7838.03106716925,0.3429367487980769,-34.15796805513808,4.639626624474676,338064.8286714603,0.0009896521935096186,-0.09847039325420663,0.0,837.1323461655993,0.3464414813701923,-34.51870040189288,7.018378849910127,341743.7636538446,0.0011658090444711527,-0.11599799992487919,0.0,1050.8692483649709,0.39591522686298075,-39.393565072866416,0.0,391480.38797001186,0.00464833420973558,-0.46250925386868824,0.0,4442.447559449468,0.37857035006009615,-37.6677498309794,0.0,374415.77133657946,0.023671203613281247,-2.355284759521474,0.0,22602.09697781803,0.3663551307091346,-36.452335505558736,0.0,362692.7735321641,0.027188734788161056,-2.7052791114220134,0.0,26073.524849998128,0.3506553485576923,-34.89020718149023,0.0,346688.1927749618,0.03216881385216347,-3.2007969782902514,0.0,31270.498731244315,0.3359611253004808,-33.42813196739769,0.0,332654.98275149136,0.029887775127704325,-2.9738336252065674,0.0,29359.45106877632,0.32279450871394233,-32.11805361703712,0.0,319436.7238697257,0.024176175631009614,-2.380835263765765,-5.037092434222969,23844.36005107843,0.32279450871394233,-32.11805361703712,0.0,319436.7238697257,0.024176175631009614,-2.380835263765765,-5.037092434222969,23844.36005107843,0.3684088885967548,0.010096218402569114,0.343124834735577,0.009227602914663466,0.35837528170072125,0.02362350620367588,0.32279450871394233,0.024176175631009614,47.35861739277251,108.94027012496062,114.32388556663636,52.74223283444824,108.81864265710186,98.63606766503996,73.68716194092187,130.89013696483545,177.12258858361557,47.64172974303165,148.42271304619342,178.46505685815293,153.57680536680297,165.3728972748691,23.450911427255722,10.475579890187495,178.72381940540714,162.02098666195178,158.36982826884753,30.409785773606018,-82.23295404706192,-190.34010324822813,-197.59283908082935,-89.48568987966318,-188.97473839079822,-172.42145422146194,-125.90571293138584,-230.65563382045815,-307.7536231717669,-82.73475201344046,-257.75127022618125,-309.9228827723974,-266.7018803803472,-285.6012040565881,-42.31071416020635,-17.312285048005013,-311.02193507796966,-276.49586589820564,-281.133668105484,-50.66895452203886,-453.4171288909713,822.5669966641376,1963.8636115355837,687.8794859804746,230.67493590427074,140.44394717372742,-203.3533781677934,623.8637490689264,49.39148782313039,47.897463743760966,-71.55848014718424,0.5424879559788025,-33.39604583822362,-199.55419100466054,257.15374120229177,-115.53380878526916,40.881726029949185,-441.4381805891761,593.042857765259,-237.17987138013652,227.35861739277252,298.4183472678119,232.74223283444823,288.81864265710186,207.45471032214178,313.7675483812199,362.87741141638446,132.35827025696835,163.93555721077487,162.4006140689278,188.82380870212484,203.45091142725573,169.5244201098125,170.80060070440533,188.77961404245355,210.40978577360602,-394.82142307924494,-517.0697888632,-402.07415891184627,-501.5632074229813,-361.3961926122601,-548.0789487130572,-630.0117839247823,-229.8537170187426,-284.6909158247443,-282.0253295649586,-327.91191821679445,-354.8991831923894,-295.27618398417803,-295.7100194935454,-331.80262262752285,-363.25742355422193,-453.41712889096914,-1275.9841255551066,687.8794859804723,230.67493590427074,371.11888307800257,574.4722612458047,-49.3914878231216,-47.89746374376317,23.661016403421073,24.20350435940867,57.5995501976323,257.1537412022885,115.53380878527219,-85.57519420405423,355.8629863851219,-237.1798713801371
